2.5 1 0 79 100.85830903790087 1
3.5 0 0 79 100.85830903790087 1
4.0 1 0 69 126.99999999999999 1
5.0 0 0 69 126.99999999999999 1
5.0 1 0 60 102.85481049562681 1
5.5 1 1 67 90.68862973760935 2
6.0 0 0 60 102.85481049562681 1
6.0 1 1 57 106.28629737609329 2
6.5 1 1 45 92.31078717201167 2
7.0 1 0 60 52.692711370262394 1
7.5 0 1 67 90.68862973760935 2
8.0 0 1 57 106.28629737609329 2
8.0 0 0 60 52.692711370262394 1
8.5 0 1 45 92.31078717201167 2
8.5 1 1 57 106.28629737609329 2
8.5 1 1 45 92.31078717201167 2
9.5 1 1 43 62.86239067055393 0.5
10.0 0 1 43 62.86239067055393 0.5
10.0 1 1 43 62.86239067055393 2
10.5 0 1 57 106.28629737609329 2
10.5 0 1 45 92.31078717201167 2
11.0 1 0 67 26.92536443148688 1
11.0 1 1 45 92.31078717201167 2
12.0 0 1 43 62.86239067055393 2
12.0 0 0 67 26.92536443148688 1
12.0 1 1 43 62.86239067055393 2
13.0 0 1 45 92.31078717201167 2
14.0 0 1 43 62.86239067055393 2
14.0 1 1 52 47.45189504373177 0.5
14.5 0 1 52 47.45189504373177 0.5
14.5 1 1 43 62.86239067055393 2
14.5 1 1 52 47.45189504373177 2
16.0 1 0 84 52.94227405247815 1
16.5 0 1 43 62.86239067055393 2
16.5 0 1 52 47.45189504373177 2
16.5 1 1 52 47.45189504373177 2
17.0 0 0 84 52.94227405247815 1
18.0 1 1 67 90.68862973760935 0.5
18.5 0 1 52 47.45189504373177 2
18.5 0 1 67 90.68862973760935 0.5
18.5 1 1 67 90.68862973760935 2
19.0 1 1 52 47.45189504373177 2
20.0 1 1 64 60.7411078717201 2
20.5 0 1 67 90.68862973760935 2
20.5 1 1 67 90.68862973760935 2
21.0 0 1 52 47.45189504373177 2
21.0 1 0 79 20.0 1
21.0 1 1 57 106.28629737609329 0.5
21.5 0 1 57 106.28629737609329 0.5
21.5 1 1 57 106.28629737609329 2
22.0 0 1 64 60.7411078717201 2
22.0 0 0 79 20.0 1
22.5 0 1 67 90.68862973760935 2
23.5 0 1 57 106.28629737609329 2
23.5 1 1 45 92.31078717201167 0.5
24.0 0 1 45 92.31078717201167 0.5
24.0 1 1 45 92.31078717201167 2
25.0 1 1 64 60.7411078717201 2
26.0 0 1 45 92.31078717201167 2
26.0 1 1 76 43.58367346938776 2
27.0 0 1 64 60.7411078717201 2
27.0 1 0 79 46.70320699708455 1
27.5 1 1 43 62.86239067055393 2
28.0 0 1 76 43.58367346938776 2
28.0 0 0 79 46.70320699708455 1
29.5 0 1 43 62.86239067055393 2
31.0 1 1 76 43.58367346938776 2
31.0 1 1 64 60.7411078717201 2
33.0 0 1 76 43.58367346938776 2
33.0 0 1 64 60.7411078717201 2
37.0 1 1 76 43.58367346938776 2
39.0 0 1 76 43.58367346938776 2
56.0 1 0 72 111.36732120338677 1
57.0 0 0 72 111.36732120338677 1
58.5 1 0 74 105.62313096739325 1
58.5 1 1 62 111.17456314177625 2
59.5 0 0 74 105.62313096739325 1
60.5 0 1 62 111.17456314177625 2
61.0 1 0 74 117.63195820572871 1
61.0 1 1 62 111.17456314177625 2
62.0 0 0 74 117.63195820572871 1
62.0 1 2 50 109.02723833543504 2.5
63.0 0 1 62 111.17456314177625 2
63.5 1 1 62 111.17456314177625 2
64.5 0 2 50 109.02723833543504 2.5
64.5 1 0 69 103.86903260673752 1
64.5 1 2 50 109.02723833543504 2.5
65.5 0 1 62 111.17456314177625 2
65.5 0 0 69 103.86903260673752 1
67.0 0 2 50 109.02723833543504 2.5
67.0 1 2 50 109.02723833543504 4
67.5 1 3 43 96.77168077823814 2
68.0 1 0 67 108.9000180147721 1
68.0 1 1 57 109.49756800576472 2
69.0 0 0 67 108.9000180147721 1
69.5 0 3 43 96.77168077823814 2
70.0 0 1 57 109.49756800576472 2
70.0 1 3 43 96.77168077823814 1.5
71.0 0 2 50 109.02723833543504 4
71.5 0 3 43 96.77168077823814 1.5
71.5 1 0 69 115.95496306971715 1
71.5 1 1 57 109.49756800576472 2
71.5 1 2 50 109.02723833543504 3.5
71.5 1 4 43 82.61360115294542 1.0
72.5 0 0 69 115.95496306971715 1
72.5 0 4 43 82.61360115294542 1.0
72.5 1 3 43 96.77168077823814 1.5
73.5 0 1 57 109.49756800576472 2
74.0 0 3 43 96.77168077823814 1.5
74.0 1 0 67 127.0 1
74.0 1 4 43 82.61360115294542 2.5
75.0 0 2 50 109.02723833543504 3.5
75.0 0 0 67 127.0 1
75.0 1 1 57 109.49756800576472 2
75.0 1 2 50 109.02723833543504 1.5
76.5 0 4 43 82.61360115294542 2.5
76.5 0 2 50 109.02723833543504 1.5
76.5 1 0 64 120.58115654836966 1
76.5 1 1 50 120.94546928481354 2
76.5 1 4 43 82.61360115294542 0.5
77.0 0 1 57 109.49756800576472 2
77.0 0 4 43 82.61360115294542 0.5
77.0 1 3 43 96.77168077823814 2
77.5 0 0 64 120.58115654836966 1
78.5 0 1 50 120.94546928481354 2
78.5 1 0 67 121.31363718248963 1
78.5 1 2 50 109.02723833543504 0.5
79.0 0 3 43 96.77168077823814 2
79.0 0 2 50 109.02723833543504 0.5
79.0 1 1 50 120.94546928481354 1.0
79.5 0 0 67 121.31363718248963 1
80.0 0 1 50 120.94546928481354 1.0
80.0 1 2 50 109.02723833543504 1.0
80.5 1 3 43 96.77168077823814 0.5
81.0 0 2 50 109.02723833543504 1.0
81.0 0 3 43 96.77168077823814 0.5
81.0 1 0 62 79.60079264997296 1
81.0 1 1 50 120.94546928481354 1.5
81.0 1 4 43 82.61360115294542 3.0
82.0 0 0 62 79.60079264997296 1
82.5 0 1 50 120.94546928481354 1.5
82.5 1 2 50 109.02723833543504 2.0
82.5 1 5 31 81.80787245541345 2.5
83.0 1 0 62 79.27310394523508 1
83.0 1 1 40 83.0511619528013 2
84.0 0 4 43 82.61360115294542 3.0
84.0 0 0 62 79.27310394523508 1
84.0 1 3 43 96.77168077823814 0.5
84.5 0 2 50 109.02723833543504 2.0
84.5 0 3 43 96.77168077823814 0.5
84.5 1 2 50 109.02723833543504 4
84.5 1 4 43 82.61360115294542 1.0
85.0 0 5 31 81.80787245541345 2.5
85.0 0 1 40 83.0511619528013 2
85.0 1 0 60 83.34029904521708 1
85.0 1 1 40 83.0511619528013 1.5
85.0 1 5 31 81.80787245541345 2.5
85.5 0 4 43 82.61360115294542 1.0
85.5 1 3 43 96.77168077823814 2
86.0 0 0 60 83.34029904521708 1
86.5 0 1 40 83.0511619528013 1.5
86.5 1 0 60 103.13655197261754 1
86.5 1 2 40 96.61747432894974 0.5
87.0 0 2 40 96.61747432894974 0.5
87.0 1 1 40 83.0511619528013 1.0
87.5 0 5 31 81.80787245541345 2.5
87.5 0 3 43 96.77168077823814 2
87.5 0 0 60 103.13655197261754 1
87.5 1 5 31 81.80787245541345 4.5
88.0 0 1 40 83.0511619528013 1.0
88.0 1 0 62 100.36083588542604 1
88.0 1 1 40 103.56061970816069 0.5
88.0 1 4 43 82.61360115294542 1.5
88.5 0 2 50 109.02723833543504 4
88.5 0 1 40 103.56061970816069 0.5
88.5 1 2 40 96.61747432894974 1.0
89.0 0 0 62 100.36083588542604 1
89.5 0 4 43 82.61360115294542 1.5
89.5 0 2 40 96.61747432894974 1.0
89.5 1 0 62 110.69266798774994 1
89.5 1 1 40 103.56061970816069 1.0
89.5 1 4 43 82.61360115294542 0.5
90.0 0 4 43 82.61360115294542 0.5
90.0 1 3 43 96.77168077823814 2
90.5 0 0 62 110.69266798774994 1
90.5 0 1 40 103.56061970816069 1.0
90.5 1 2 40 96.61747432894974 0.5
91.0 0 2 40 96.61747432894974 0.5
91.0 1 1 40 103.56061970816069 0.5
91.5 0 1 40 103.56061970816069 0.5
91.5 1 2 40 96.61747432894974 1.5
92.0 0 5 31 81.80787245541345 4.5
92.0 0 3 43 96.77168077823814 2
92.0 1 4 43 82.61360115294542 2.0
92.0 1 5 31 81.80787245541345 3.5
92.5 1 0 62 109.65177445505313 1
93.0 0 2 40 96.61747432894974 1.5
93.0 1 2 40 96.61747432894974 1.5
93.5 0 0 62 109.65177445505313 1
94.0 0 4 43 82.61360115294542 2.0
94.0 1 4 43 82.61360115294542 2.0
94.5 0 2 40 96.61747432894974 1.5
94.5 1 2 40 96.61747432894974 1.0
95.5 0 5 31 81.80787245541345 3.5
95.5 0 2 40 96.61747432894974 1.0
95.5 1 0 64 98.72239236173661 1
95.5 1 1 40 102.71248423707439 2
95.5 1 5 31 81.80787245541345 3.5
96.0 0 4 43 82.61360115294542 2.0
96.0 1 4 43 82.61360115294542 1.0
96.5 0 0 64 98.72239236173661 1
97.0 0 4 43 82.61360115294542 1.0
97.0 1 3 43 96.77168077823814 1.0
97.5 0 1 40 102.71248423707439 2
98.0 0 3 43 96.77168077823814 1.0
98.0 1 4 43 82.61360115294542 0.5
98.5 0 4 43 82.61360115294542 0.5
98.5 1 0 60 102.90524229868491 1
98.5 1 3 43 96.77168077823814 1.5
98.5 1 1 40 102.71248423707439 0.5
99.0 0 5 31 81.80787245541345 3.5
99.0 0 1 40 102.71248423707439 0.5
99.0 1 2 40 96.61747432894974 2.5
99.0 1 5 31 81.80787245541345 1.5
99.5 0 0 60 102.90524229868491 1
99.5 1 0 64 86.34732480634119 1
100.0 0 3 43 96.77168077823814 1.5
100.0 1 4 43 82.61360115294542 1.0
100.5 0 5 31 81.80787245541345 1.5
100.5 0 0 64 86.34732480634119 1
100.5 1 1 48 83.76436678076021 1.5
100.5 1 5 31 81.80787245541345 2.5
101.0 0 4 43 82.61360115294542 1.0
101.0 1 0 64 77.73103945235093 1
101.0 1 4 43 82.61360115294542 1.5
101.5 0 2 40 96.61747432894974 2.5
101.5 1 1 40 102.71248423707439 0.5
102.0 0 1 48 83.76436678076021 1.5
102.0 0 0 64 77.73103945235093 1
102.0 0 1 40 102.71248423707439 0.5
102.0 1 0 67 81.93316519546026 1
102.0 1 1 48 83.76436678076021 1.0
102.0 1 2 40 96.61747432894974 3.0
102.5 0 4 43 82.61360115294542 1.5
102.5 1 4 43 82.61360115294542 1.5
103.0 0 5 31 81.80787245541345 2.5
103.0 0 0 67 81.93316519546026 1
103.0 0 1 48 83.76436678076021 1.0
103.0 1 2 48 93.94392001441182 1.5
103.0 1 5 31 81.80787245541345 2.0
104.0 0 4 43 82.61360115294542 1.5
104.0 1 0 72 82.58854260493604 1
104.0 1 4 43 82.61360115294542 0.5
104.5 0 2 48 93.94392001441182 1.5
104.5 0 4 43 82.61360115294542 0.5
104.5 1 3 43 96.77168077823814 2
104.5 1 2 48 93.94392001441182 1.0
105.0 0 2 40 96.61747432894974 3.0
105.0 0 5 31 81.80787245541345 2.0
105.0 0 0 72 82.58854260493604 1
105.0 1 2 40 96.61747432894974 4
105.0 1 5 31 81.80787245541345 2.0
105.5 0 2 48 93.94392001441182 1.0
105.5 1 1 60 89.00738605656638 2
105.5 1 2 48 93.94392001441182 2.5
106.0 1 0 74 94.01909565843991 1
106.5 0 3 43 96.77168077823814 2
107.0 0 5 31 81.80787245541345 2.0
107.0 0 0 74 94.01909565843991 1
107.0 1 5 31 81.80787245541345 2.0
107.5 0 1 60 89.00738605656638 2
107.5 1 0 72 87.88938929922536 1
107.5 1 3 43 96.77168077823814 1.0
107.5 1 1 60 89.00738605656638 1.5
108.0 0 2 48 93.94392001441182 2.5
108.0 1 2 48 93.94392001441182 2.0
108.5 0 0 72 87.88938929922536 1
108.5 0 3 43 96.77168077823814 1.0
108.5 1 0 69 103.86903260673752 1
108.5 1 4 43 82.61360115294542 1.5
109.0 0 2 40 96.61747432894974 4
109.0 0 5 31 81.80787245541345 2.0
109.0 0 1 60 89.00738605656638 1.5
109.0 1 1 60 89.00738605656638 2
109.0 1 5 31 81.80787245541345 2.0
109.5 0 0 69 103.86903260673752 1
109.5 1 1 52 105.6424067735543 1.5
110.0 0 2 48 93.94392001441182 2.0
110.0 0 4 43 82.61360115294542 1.5
110.0 1 0 69 111.09745991713204 1
110.0 1 3 43 96.77168077823814 0.5
110.0 1 2 48 93.94392001441182 1.5
110.5 0 3 43 96.77168077823814 0.5
110.5 1 3 43 96.77168077823814 0.5
111.0 0 1 60 89.00738605656638 2
111.0 0 5 31 81.80787245541345 2.0
111.0 0 1 52 105.6424067735543 1.5
111.0 0 0 69 111.09745991713204 1
111.0 0 3 43 96.77168077823814 0.5
111.0 1 0 64 107.9362277067195 1
111.0 1 3 43 96.77168077823814 0.5
111.0 1 1 52 105.6424067735543 1.0
111.0 1 5 31 81.80787245541345 1.0
111.5 0 2 48 93.94392001441182 1.5
111.5 0 3 43 96.77168077823814 0.5
111.5 1 2 48 93.94392001441182 0.5
111.5 1 4 43 82.61360115294542 1.0
112.0 0 0 64 107.9362277067195 1
112.0 0 1 52 105.6424067735543 1.0
112.0 0 5 31 81.80787245541345 1.0
112.0 0 2 48 93.94392001441182 0.5
112.0 1 1 52 105.6424067735543 2
112.0 1 2 48 93.94392001441182 1.5
112.0 1 5 31 81.80787245541345 1.5
112.5 0 4 43 82.61360115294542 1.0
112.5 1 0 69 64.68131868131869 1
112.5 1 4 43 82.61360115294542 1.0
113.5 0 2 48 93.94392001441182 1.5
113.5 0 5 31 81.80787245541345 1.5
113.5 0 0 69 64.68131868131869 1
113.5 0 4 43 82.61360115294542 1.0
113.5 1 0 69 60.2093316519546 1
113.5 1 3 43 96.77168077823814 0.5
113.5 1 2 48 93.94392001441182 1.0
113.5 1 5 31 81.80787245541345 1.5
114.0 0 1 52 105.6424067735543 2
114.0 0 3 43 96.77168077823814 0.5
114.0 1 1 55 58.51306070978202 1.0
114.0 1 4 43 82.61360115294542 0.5
114.5 0 0 69 60.2093316519546 1
114.5 0 2 48 93.94392001441182 1.0
114.5 0 4 43 82.61360115294542 0.5
114.5 1 2 48 93.94392001441182 2.5
114.5 1 4 43 82.61360115294542 0.5
115.0 0 5 31 81.80787245541345 1.5
115.0 0 1 55 58.51306070978202 1.0
115.0 0 4 43 82.61360115294542 0.5
115.0 1 0 72 55.56386236714105 1
115.0 1 1 55 58.51306070978202 1.5
115.0 1 4 43 82.61360115294542 0.5
115.0 1 5 31 81.80787245541345 4.5
115.5 0 4 43 82.61360115294542 0.5
115.5 1 3 43 96.77168077823814 1.5
116.0 0 0 72 55.56386236714105 1
116.0 1 0 67 38.81318681318681 1
116.5 0 1 55 58.51306070978202 1.5
116.5 1 1 55 58.51306070978202 2
117.0 0 2 48 93.94392001441182 2.5
117.0 0 3 43 96.77168077823814 1.5
117.0 0 0 67 38.81318681318681 1
117.0 1 3 43 96.77168077823814 0.5
117.0 1 2 48 49.00816069176725 1.0
117.5 0 3 43 96.77168077823814 0.5
117.5 1 0 64 32.240136912268056 1
117.5 1 1 50 36.96270942172581 1.5
117.5 1 4 43 82.61360115294542 1.5
118.0 0 2 48 49.00816069176725 1.0
118.0 1 2 48 49.00816069176725 1.5
118.5 0 1 55 58.51306070978202 2
118.5 0 0 64 32.240136912268056 1
119.0 0 1 50 36.96270942172581 1.5
119.0 0 4 43 82.61360115294542 1.5
119.0 1 0 69 33.74364979283012 1
119.0 1 3 43 96.77168077823814 0.5
119.0 1 1 50 36.96270942172581 1.5
119.5 0 5 31 81.80787245541345 4.5
119.5 0 2 48 49.00816069176725 1.5
119.5 0 3 43 96.77168077823814 0.5
119.5 1 2 48 49.00816069176725 1.0
119.5 1 4 43 82.61360115294542 0.5
119.5 1 5 31 81.80787245541345 3.0
120.0 0 0 69 33.74364979283012 1
120.0 0 4 43 82.61360115294542 0.5
120.0 1 3 43 96.77168077823814 1.0
120.5 0 1 50 36.96270942172581 1.5
120.5 0 2 48 49.00816069176725 1.0
120.5 1 1 50 36.96270942172581 2
120.5 1 2 48 49.00816069176725 1.5
121.0 0 3 43 96.77168077823814 1.0
121.0 1 0 64 61.115294541524044 1
121.0 1 4 43 82.61360115294542 0.5
121.5 0 4 43 82.61360115294542 0.5
121.5 1 4 43 82.61360115294542 1.5
122.0 0 2 48 49.00816069176725 1.5
122.0 0 0 64 61.115294541524044 1
122.0 1 2 48 49.00816069176725 1.5
122.5 0 5 31 81.80787245541345 3.0
122.5 0 1 50 36.96270942172581 2
122.5 1 1 45 54.40731399747793 1.0
122.5 1 5 31 81.80787245541345 1.0
123.0 0 4 43 82.61360115294542 1.5
123.0 1 0 62 49.85822374346964 1
123.0 1 4 43 82.61360115294542 1.0
123.5 0 2 48 49.00816069176725 1.5
123.5 0 1 45 54.40731399747793 1.0
123.5 0 5 31 81.80787245541345 1.0
123.5 1 3 45 46.19774815348586 1.0
123.5 1 2 48 49.00816069176725 2.0
123.5 1 5 31 81.80787245541345 1.5
124.0 0 0 62 49.85822374346964 1
124.0 0 4 43 82.61360115294542 1.0
124.0 1 4 43 82.61360115294542 8
124.5 0 3 45 46.19774815348586 1.0
124.5 1 0 62 55.04341560079265 1
124.5 1 1 45 54.40731399747793 0.5
125.0 0 5 31 81.80787245541345 1.5
125.0 0 1 45 54.40731399747793 0.5
125.0 1 3 45 46.19774815348586 1.0
125.0 1 5 31 81.80787245541345 0.5
125.5 0 2 48 49.00816069176725 2.0
125.5 0 0 62 55.04341560079265 1
125.5 0 5 31 81.80787245541345 0.5
125.5 1 2 48 49.00816069176725 2.0
125.5 1 5 31 81.80787245541345 0.5
126.0 0 3 45 46.19774815348586 1.0
126.0 0 5 31 81.80787245541345 0.5
126.0 1 1 45 54.40731399747793 0.5
126.0 1 5 31 81.80787245541345 2.5
126.5 0 1 45 54.40731399747793 0.5
126.5 1 4 45 61.49695550351288 1.0
127.0 1 0 64 24.87677895874617 1
127.5 0 2 48 49.00816069176725 2.0
127.5 0 4 45 61.49695550351288 1.0
127.5 1 2 48 49.00816069176725 1.5
127.5 1 4 45 61.49695550351288 1.5
128.0 0 0 64 24.87677895874617 1
128.5 0 5 31 81.80787245541345 2.5
128.5 1 5 31 81.80787245541345 2.0
129.0 0 2 48 49.00816069176725 1.5
129.0 0 4 45 61.49695550351288 1.5
129.0 1 2 48 49.00816069176725 4
129.0 1 4 45 61.49695550351288 0.5
129.5 0 4 45 61.49695550351288 0.5
129.5 1 0 62 33.358133669609074 1
129.5 1 1 45 30.640245000900734 0.5
130.0 0 1 45 30.640245000900734 0.5
130.0 1 4 45 61.49695550351288 1.0
130.5 0 5 31 81.80787245541345 2.0
130.5 0 0 62 33.358133669609074 1
130.5 1 5 31 81.80787245541345 1.5
131.0 0 4 45 61.49695550351288 1.0
131.0 1 3 45 46.19774815348586 0.5
131.5 0 3 45 46.19774815348586 0.5
131.5 1 4 45 61.49695550351288 0.5
132.0 0 4 43 82.61360115294542 8
132.0 0 5 31 81.80787245541345 1.5
132.0 0 4 45 61.49695550351288 0.5
132.0 1 1 45 30.640245000900734 1.0
132.0 1 5 31 81.80787245541345 0.5
132.5 0 5 31 81.80787245541345 0.5
132.5 1 0 62 28.365699873896595 1
132.5 1 5 31 81.80787245541345 1.5
133.0 0 2 48 49.00816069176725 4
133.0 0 1 45 30.640245000900734 1.0
133.0 1 4 45 61.49695550351288 0.5
133.5 0 0 62 28.365699873896595 1
133.5 0 4 45 61.49695550351288 0.5
133.5 1 2 45 41.027976941091694 1.0
134.0 0 5 31 81.80787245541345 1.5
134.0 1 5 31 81.80787245541345 1.0
134.5 0 2 45 41.027976941091694 1.0
134.5 1 3 45 46.19774815348586 0.5
135.0 0 5 31 81.80787245541345 1.0
135.0 0 3 45 46.19774815348586 0.5
135.0 1 4 45 61.49695550351288 1.0
135.0 1 5 31 81.80787245541345 16
136.0 0 4 45 61.49695550351288 1.0
136.0 1 0 62 49.04863988470545 1
136.0 1 2 45 41.027976941091694 1.0
137.0 0 0 62 49.04863988470545 1
137.0 0 2 45 41.027976941091694 1.0
137.0 1 4 45 61.49695550351288 1.5
137.0 1 5 40 85.19655917852639 1.0
138.0 0 5 40 85.19655917852639 1.0
138.0 1 5 40 85.19655917852639 1.5
138.5 0 4 45 61.49695550351288 1.5
138.5 1 4 45 61.49695550351288 0.5
139.0 0 4 45 61.49695550351288 0.5
139.0 1 0 62 54.54224464060529 1
139.0 1 2 45 41.027976941091694 2.5
139.5 0 5 40 85.19655917852639 1.5
139.5 1 5 40 85.19655917852639 1.0
140.0 0 0 62 54.54224464060529 1
140.5 0 5 40 85.19655917852639 1.0
140.5 1 5 40 85.19655917852639 1.5
141.5 0 2 45 41.027976941091694 2.5
141.5 1 3 45 46.19774815348586 0.5
142.0 0 5 40 85.19655917852639 1.5
142.0 0 3 45 46.19774815348586 0.5
142.0 1 1 45 51.7665285534138 1.0
142.0 1 5 40 85.19655917852639 1.5
142.5 1 0 64 57.183030084669426 1
143.0 0 1 45 51.7665285534138 1.0
143.0 1 4 45 61.49695550351288 1.5
143.5 0 5 40 85.19655917852639 1.5
143.5 0 0 64 57.183030084669426 1
143.5 1 5 40 85.19655917852639 2.0
144.5 0 4 45 61.49695550351288 1.5
144.5 1 3 45 46.19774815348586 1.0
145.5 0 5 40 85.19655917852639 2.0
145.5 0 3 45 46.19774815348586 1.0
145.5 1 4 45 61.49695550351288 0.5
145.5 1 5 40 85.19655917852639 2.0
146.0 0 4 45 61.49695550351288 0.5
146.0 1 2 45 41.027976941091694 2.5
146.5 1 0 67 33.24247883264276 1
147.5 0 5 40 85.19655917852639 2.0
147.5 0 0 67 33.24247883264276 1
147.5 1 5 40 85.19655917852639 1.5
148.5 0 2 45 41.027976941091694 2.5
148.5 1 4 45 61.49695550351288 1.0
149.0 0 5 40 85.19655917852639 1.5
149.0 1 5 40 85.19655917852639 4.5
149.5 0 4 45 61.49695550351288 1.0
149.5 1 2 45 41.027976941091694 2.0
150.0 1 1 52 35.76760943974058 2
150.5 1 0 69 41.16483516483517 1
151.0 0 5 31 81.80787245541345 16
151.5 0 2 45 41.027976941091694 2.0
151.5 0 0 69 41.16483516483517 1
151.5 1 3 45 46.19774815348586 1.0
152.0 0 1 52 35.76760943974058 2
152.5 0 3 45 46.19774815348586 1.0
152.5 1 4 45 61.49695550351288 1.5
153.5 0 5 40 85.19655917852639 4.5
153.5 1 5 40 85.19655917852639 2.5
154.0 0 4 45 61.49695550351288 1.5
154.0 1 0 69 30.19690145919654 1
154.0 1 1 52 35.76760943974058 2
154.0 1 2 45 41.027976941091694 1.0
155.0 0 0 69 30.19690145919654 1
155.0 0 2 45 41.027976941091694 1.0
155.0 1 3 45 46.19774815348586 0.5
155.5 0 3 45 46.19774815348586 0.5
155.5 1 4 45 61.49695550351288 2.5
156.0 0 5 40 85.19655917852639 2.5
156.0 0 1 52 35.76760943974058 2
156.0 1 5 40 85.19655917852639 3.0
157.5 1 0 76 47.371644748693924 1
157.5 1 1 52 35.76760943974058 2
158.0 0 4 45 61.49695550351288 2.5
158.0 1 2 45 41.027976941091694 1.0
158.5 0 0 76 47.371644748693924 1
159.0 0 5 40 85.19655917852639 3.0
159.0 0 2 45 41.027976941091694 1.0
159.0 1 4 45 61.49695550351288 0.5
159.0 1 5 40 85.19655917852639 4.0
159.5 0 1 52 35.76760943974058 2
159.5 0 4 45 61.49695550351288 0.5
159.5 1 3 45 46.19774815348586 2
161.0 1 0 76 35.63267879661322 1
161.0 1 1 67 40.37452711223203 2
161.5 0 3 45 46.19774815348586 2
161.5 1 2 45 41.027976941091694 2.0
162.0 0 0 76 35.63267879661322 1
163.0 0 5 40 85.19655917852639 4.0
163.0 0 1 67 40.37452711223203 2
163.0 1 5 40 85.19655917852639 3.0
163.5 0 2 45 41.027976941091694 2.0
163.5 1 4 45 61.49695550351288 3.5
164.5 1 0 74 39.27580616105206 1
164.5 1 1 67 40.37452711223203 2
164.5 1 2 55 38.19828859664925 3.5
165.5 0 0 74 39.27580616105206 1
166.0 0 5 40 85.19655917852639 3.0
166.0 1 0 74 39.41073680417942 1
166.0 1 5 40 85.19655917852639 3.5
166.5 0 1 67 40.37452711223203 2
167.0 0 4 45 61.49695550351288 3.5
167.0 0 0 74 39.41073680417942 1
167.0 1 3 45 46.19774815348586 0.5
167.5 0 3 45 46.19774815348586 0.5
167.5 1 4 45 61.49695550351288 2.5
168.0 0 2 55 38.19828859664925 3.5
168.0 1 0 76 36.8856061970816 1
168.0 1 1 67 41.02990452170779 2
168.0 1 2 55 38.19828859664925 3.5
169.0 0 0 76 36.8856061970816 1
169.5 0 5 40 85.19655917852639 3.5
169.5 1 5 40 85.19655917852639 4.5
170.0 0 4 45 61.49695550351288 2.5
170.0 0 1 67 41.02990452170779 2
170.0 1 0 76 48.23905602594127 1
170.0 1 3 45 46.19774815348586 1.0
170.0 1 1 67 41.02990452170779 2
171.0 0 0 76 48.23905602594127 1
171.0 0 3 45 46.19774815348586 1.0
171.0 1 4 45 61.49695550351288 2.5
171.5 0 2 55 38.19828859664925 3.5
171.5 1 2 55 38.19828859664925 2.0
172.0 0 1 67 41.02990452170779 2
172.0 1 1 67 41.02990452170779 2
173.0 1 0 69 22.216717708520985 1
173.5 0 4 45 61.49695550351288 2.5
173.5 0 2 55 38.19828859664925 2.0
173.5 1 3 45 46.19774815348586 0.5
173.5 1 2 55 38.19828859664925 2.0
174.0 0 5 40 85.19655917852639 4.5
174.0 0 1 67 41.02990452170779 2
174.0 0 0 69 22.216717708520985 1
174.0 0 3 45 46.19774815348586 0.5
174.0 1 4 45 61.49695550351288 3.0
174.0 1 5 40 85.19655917852639 4.0
175.5 0 2 55 38.19828859664925 2.0
175.5 1 0 74 20.0 1
175.5 1 1 60 23.893712844532516 2
175.5 1 2 55 38.19828859664925 3.5
176.5 0 0 74 20.0 1
177.0 0 4 45 61.49695550351288 3.0
177.0 1 3 45 46.19774815348586 0.5
177.5 0 1 60 23.893712844532516 2
177.5 0 3 45 46.19774815348586 0.5
177.5 1 0 69 22.216717708520985 1
177.5 1 4 45 61.49695550351288 1.5
178.0 0 5 40 85.19655917852639 4.0
178.0 1 1 60 23.893712844532516 2
178.0 1 5 40 85.19655917852639 3.5
178.5 0 0 69 22.216717708520985 1
179.0 0 2 55 38.19828859664925 3.5
179.0 0 4 45 61.49695550351288 1.5
179.0 1 3 45 46.19774815348586 2
179.0 1 2 55 38.19828859664925 2.5
180.0 0 1 60 23.893712844532516 2
180.0 1 1 60 23.893712844532516 2
181.0 0 3 45 46.19774815348586 2
181.0 1 4 45 61.49695550351288 2.0
181.5 0 5 40 85.19655917852639 3.5
181.5 0 2 55 38.19828859664925 2.5
181.5 1 2 55 38.19828859664925 2.0
181.5 1 5 40 85.19655917852639 3.0
182.0 0 1 60 23.893712844532516 2
183.0 0 4 45 61.49695550351288 2.0
183.0 1 0 84 62.50315258511979 1
183.0 1 4 45 61.49695550351288 1.5
183.5 0 2 55 38.19828859664925 2.0
183.5 1 2 55 38.19828859664925 4
184.0 0 0 84 62.50315258511979 1
184.5 0 5 40 85.19655917852639 3.0
184.5 0 4 45 61.49695550351288 1.5
184.5 1 3 45 46.19774815348586 0.5
184.5 1 5 40 85.19655917852639 3.5
185.0 0 3 45 46.19774815348586 0.5
185.0 1 4 45 61.49695550351288 2.0
187.0 0 4 45 61.49695550351288 2.0
187.0 1 3 45 46.19774815348586 1.5
187.5 0 2 55 38.19828859664925 4
188.0 0 5 40 85.19655917852639 3.5
188.0 1 5 40 85.19655917852639 3.5
188.5 0 3 45 46.19774815348586 1.5
188.5 1 0 81 55.12051882543685 1
188.5 1 1 79 62.21401549270401 2
188.5 1 4 45 61.49695550351288 0.5
189.0 0 4 45 61.49695550351288 0.5
189.0 1 3 45 46.19774815348586 2
189.5 0 0 81 55.12051882543685 1
190.5 0 1 79 62.21401549270401 2
191.0 0 3 45 46.19774815348586 2
191.0 1 4 45 61.49695550351288 2.0
191.5 0 5 40 85.19655917852639 3.5
191.5 1 5 40 85.19655917852639 2.0
193.0 0 4 45 61.49695550351288 2.0
193.0 1 4 45 61.49695550351288 6.5
193.5 0 5 40 85.19655917852639 2.0
193.5 1 5 40 85.19655917852639 2.0
194.0 1 1 79 62.21401549270401 2
194.5 1 0 81 65.85714285714286 1
194.5 1 2 64 68.46323185011708 4
195.5 0 5 40 85.19655917852639 2.0
195.5 0 0 81 65.85714285714286 1
195.5 1 5 40 85.19655917852639 3.5
196.0 0 1 79 62.21401549270401 2
198.5 0 2 64 68.46323185011708 4
198.5 1 0 79 64.31507836425868 1
199.0 0 5 40 85.19655917852639 3.5
199.0 1 5 40 85.19655917852639 2.5
199.5 0 4 45 61.49695550351288 6.5
199.5 0 0 79 64.31507836425868 1
199.5 1 3 45 46.00306251125923 2
200.0 1 1 79 62.21401549270401 2
200.0 1 2 64 68.46323185011708 4
201.5 0 5 40 85.19655917852639 2.5
201.5 0 3 45 46.00306251125923 2
201.5 1 5 40 85.19655917852639 2.0
202.0 0 1 79 62.21401549270401 2
203.0 1 0 79 54.098901098901095 1
203.0 1 1 76 60.594847775175644 2
203.5 0 5 40 85.19655917852639 2.0
203.5 1 5 40 85.19655917852639 16
204.0 0 2 64 68.46323185011708 4
204.0 0 0 79 54.098901098901095 1
205.0 0 1 76 60.594847775175644 2
205.0 1 3 45 46.00306251125923 2
205.5 1 3 50 69.55231489821654 2
206.0 1 2 64 68.46323185011708 3.0
207.0 0 3 45 46.00306251125923 2
207.5 0 3 50 69.55231489821654 2
207.5 1 0 81 59.34192037470726 1
207.5 1 1 76 60.594847775175644 2
208.5 0 0 81 59.34192037470726 1
209.0 0 2 64 68.46323185011708 3.0
209.0 1 2 64 68.46323185011708 4
209.5 0 1 76 60.594847775175644 2
210.5 1 4 45 69.16294361376328 0.5
211.0 0 4 45 69.16294361376328 0.5
211.0 1 3 50 69.55231489821654 2
211.0 1 3 45 46.00306251125923 2
212.0 1 1 76 60.594847775175644 2
212.5 1 0 81 80.15979102864348 1
213.0 0 2 64 68.46323185011708 4
213.0 0 3 50 69.55231489821654 2
213.0 0 3 45 46.00306251125923 2
213.5 0 0 81 80.15979102864348 1
213.5 1 2 64 68.46323185011708 4
214.0 0 1 76 60.594847775175644 2
214.0 1 3 45 46.00306251125923 2
216.0 0 3 45 46.00306251125923 2
216.0 1 4 45 69.16294361376328 2.5
217.0 1 3 50 69.55231489821654 2
217.5 0 2 64 68.46323185011708 4
217.5 1 0 81 85.36425869212755 1
217.5 1 1 79 81.29706359214556 2
218.0 1 2 64 68.46323185011708 4
218.5 0 4 45 69.16294361376328 2.5
218.5 0 0 81 85.36425869212755 1
218.5 1 3 45 46.00306251125923 2
219.0 0 3 50 69.55231489821654 2
219.5 0 5 40 85.19655917852639 16
219.5 0 1 79 81.29706359214556 2
220.0 1 3 50 69.55231489821654 2
220.5 0 3 45 46.00306251125923 2
222.0 0 2 64 68.46323185011708 4
222.0 0 3 50 69.55231489821654 2
222.0 1 0 79 84.90163934426229 0.5
222.0 1 4 45 69.16294361376328 1.0
222.5 0 0 79 84.90163934426229 0.5
222.5 1 1 79 81.29706359214556 2
223.0 0 4 45 69.16294361376328 1.0
223.0 1 3 45 46.00306251125923 2
223.5 1 2 64 68.46323185011708 4
224.5 0 1 79 81.29706359214556 2
224.5 1 3 50 69.55231489821654 2
225.0 0 3 45 46.00306251125923 2
225.0 1 4 45 69.16294361376328 3.5
226.5 0 3 50 69.55231489821654 2
227.0 1 0 76 44.73085930462979 1
227.0 1 1 79 81.29706359214556 2
227.5 0 2 64 68.46323185011708 4
228.0 0 0 76 44.73085930462979 1
228.5 0 4 45 69.16294361376328 3.5
228.5 1 3 45 46.00306251125923 1.0
228.5 1 2 64 68.46323185011708 4
229.0 0 1 79 81.29706359214556 2
229.0 1 3 50 69.55231489821654 2
229.5 0 3 45 46.00306251125923 1.0
229.5 1 4 45 69.16294361376328 4.0
231.0 0 3 50 69.55231489821654 2
231.5 1 0 74 45.23203026481715 1
232.0 1 1 67 45.193478652495045 2
232.5 0 2 64 68.46323185011708 4
232.5 0 0 74 45.23203026481715 1
233.0 1 2 64 68.46323185011708 4
233.5 0 4 45 69.16294361376328 4.0
233.5 1 3 45 46.00306251125923 0.5
234.0 0 1 67 45.193478652495045 2
234.0 0 3 45 46.00306251125923 0.5
234.0 1 4 45 69.16294361376328 4.0
234.5 1 3 50 69.55231489821654 2
236.5 0 3 50 69.55231489821654 2
236.5 1 0 74 39.33363357953522 1
236.5 1 1 67 45.193478652495045 2
237.0 0 2 64 68.46323185011708 4
237.5 0 0 74 39.33363357953522 1
238.0 0 4 45 69.16294361376328 4.0
238.0 1 3 45 46.00306251125923 1.5
238.0 1 2 57 57.45867411277247 4
238.5 0 1 67 45.193478652495045 2
239.5 0 3 45 46.00306251125923 1.5
239.5 1 3 50 69.55231489821654 2
239.5 1 4 45 69.16294361376328 5.0
241.5 0 3 50 69.55231489821654 2
241.5 1 1 67 45.193478652495045 2
242.0 0 2 57 57.45867411277247 4
242.5 1 0 74 50.62925598991173 1
242.5 1 2 57 57.45867411277247 4
243.5 0 1 67 45.193478652495045 2
243.5 0 0 74 50.62925598991173 1
243.5 1 3 40 45.32840929562241 2
244.0 1 3 50 69.55231489821654 2
244.5 0 4 45 69.16294361376328 5.0
244.5 1 4 45 69.16294361376328 4.5
245.5 0 3 40 45.32840929562241 2
246.0 0 3 50 69.55231489821654 2
246.5 0 2 57 57.45867411277247 4
247.5 1 2 57 57.45867411277247 4
248.0 1 3 40 45.32840929562241 2
248.5 1 0 74 62.69591064673031 1
248.5 1 1 64 56.48910106287155 2
249.0 0 4 45 69.16294361376328 4.5
249.0 1 4 45 69.16294361376328 5.5
249.5 0 0 74 62.69591064673031 1
249.5 1 3 50 69.55231489821654 2
250.0 0 3 40 45.32840929562241 2
250.5 0 1 64 56.48910106287155 2
251.5 0 2 57 57.45867411277247 4
251.5 0 3 50 69.55231489821654 2
253.0 1 3 40 45.32840929562241 2
254.0 1 3 50 69.55231489821654 2
254.5 0 4 45 69.16294361376328 5.5
254.5 1 0 76 55.60241397946315 1
254.5 1 1 64 56.48910106287155 2
254.5 1 2 57 57.45867411277247 4
254.5 1 4 45 69.16294361376328 4.5
255.0 0 3 40 45.32840929562241 2
255.5 0 0 76 55.60241397946315 1
256.0 0 3 50 69.55231489821654 2
256.5 0 1 64 56.48910106287155 2
258.5 0 2 57 57.45867411277247 4
259.0 0 4 45 69.16294361376328 4.5
259.0 1 0 69 57.375788146279945 1
259.0 1 3 50 69.55231489821654 2
259.0 1 4 45 69.16294361376328 5.0
260.0 0 0 69 57.375788146279945 1
260.0 1 3 40 45.32840929562241 2
260.5 1 1 64 56.48910106287155 2
260.5 1 2 57 57.45867411277247 4
261.0 0 3 50 69.55231489821654 2
262.0 0 3 40 45.32840929562241 2
262.5 0 1 64 56.48910106287155 2
264.0 0 4 45 69.16294361376328 5.0
264.0 1 0 69 62.21401549270401 1
264.0 1 1 55 56.720410736804176 2
264.0 1 4 45 69.16294361376328 7.0
264.5 0 2 57 57.45867411277247 4
265.0 0 0 69 62.21401549270401 1
266.0 0 1 55 56.720410736804176 2
266.0 1 3 50 69.55231489821654 2
266.0 1 3 40 45.32840929562241 2
266.5 1 2 57 57.45867411277247 3.5
268.0 0 3 50 69.55231489821654 2
268.0 0 3 40 45.32840929562241 2
269.0 1 0 69 50.14736083588542 1
269.0 1 1 55 56.720410736804176 2
270.0 0 2 57 57.45867411277247 3.5
270.0 0 0 69 50.14736083588542 1
270.0 1 2 57 57.45867411277247 4
271.0 0 4 45 69.16294361376328 7.0
271.0 0 1 55 56.720410736804176 2
271.0 1 4 45 69.16294361376328 6.0
272.0 1 3 50 69.55231489821654 2
272.0 1 3 40 45.32840929562241 2
273.5 1 0 72 94.21185372005043 1
274.0 0 2 57 57.45867411277247 4
274.0 0 3 50 69.55231489821654 2
274.0 0 3 40 45.32840929562241 2
274.0 1 1 55 56.720410736804176 2
274.5 0 0 72 94.21185372005043 1
275.0 1 2 57 57.45867411277247 4
275.5 1 3 40 45.32840929562241 2
276.0 0 1 55 56.720410736804176 2
277.0 0 4 45 69.16294361376328 6.0
277.0 1 4 45 69.16294361376328 6.0
277.5 0 3 40 45.32840929562241 2
278.0 1 3 50 69.55231489821654 2
278.5 1 0 76 94.19257791388937 1
278.5 1 1 64 93.9805440461178 2
279.0 0 2 57 57.45867411277247 4
279.5 0 0 76 94.19257791388937 1
280.0 0 3 50 69.55231489821654 2
280.0 1 2 57 57.45867411277247 4
280.5 0 1 64 93.9805440461178 2
280.5 1 3 40 45.32840929562241 2
281.5 1 3 50 69.55231489821654 2
282.5 0 3 40 45.32840929562241 2
283.0 0 4 45 69.16294361376328 6.0
283.0 1 4 45 69.16294361376328 3.5
283.5 0 3 50 69.55231489821654 2
283.5 1 0 74 99.82111331291658 1
283.5 1 1 64 93.9805440461178 2
284.0 0 2 57 57.45867411277247 4
284.5 0 0 74 99.82111331291658 1
285.0 1 2 57 81.70378310214375 4
285.5 0 1 64 93.9805440461178 2
285.5 1 3 40 45.32840929562241 2
286.5 0 4 45 69.16294361376328 3.5
286.5 1 3 50 69.55231489821654 2
286.5 1 4 45 69.16294361376328 5.0
287.5 0 3 40 45.32840929562241 2
288.5 0 3 50 69.55231489821654 2
288.5 1 1 64 93.9805440461178 2
289.0 0 2 57 81.70378310214375 4
289.5 1 0 76 89.89407313997476 1
290.0 1 2 57 81.70378310214375 4
290.5 0 1 64 93.9805440461178 2
290.5 0 0 76 89.89407313997476 1
291.0 1 3 48 35.883264276706896 2
291.5 0 4 45 69.16294361376328 5.0
291.5 1 3 50 69.55231489821654 2
291.5 1 4 45 69.16294361376328 5.0
293.0 0 3 48 35.883264276706896 2
293.5 0 3 50 69.55231489821654 2
294.0 0 2 57 81.70378310214375 4
295.0 1 2 57 81.70378310214375 4
295.5 1 0 79 83.91857323004864 1
295.5 1 1 69 83.57160871914968 2
296.0 1 3 48 35.883264276706896 2
296.5 0 4 45 69.16294361376328 5.0
296.5 0 0 79 83.91857323004864 1
296.5 1 4 45 69.16294361376328 5.5
297.0 1 3 50 69.55231489821654 2
297.5 0 1 69 83.57160871914968 2
298.0 0 3 48 35.883264276706896 2
299.0 0 2 57 81.70378310214375 4
299.0 0 3 50 69.55231489821654 2
301.0 1 3 48 35.883264276706896 2
301.5 1 0 76 77.84669428931723 1
301.5 1 1 69 83.57160871914968 2
302.0 0 4 45 69.16294361376328 5.5
302.0 1 3 50 69.55231489821654 2
302.0 1 2 57 81.70378310214375 4
302.0 1 4 45 69.16294361376328 5.0
302.5 0 0 76 77.84669428931723 1
303.0 0 3 48 35.883264276706896 2
303.5 0 1 69 83.57160871914968 2
304.0 0 3 50 69.55231489821654 2
306.0 0 2 57 81.70378310214375 4
307.0 0 4 45 69.16294361376328 5.0
307.0 1 0 69 88.08214736083588 0.5
307.0 1 3 50 69.55231489821654 2
307.0 1 4 45 69.16294361376328 5.0
307.5 0 0 69 88.08214736083588 0.5
307.5 1 1 69 83.57160871914968 2
308.0 1 3 48 35.883264276706896 2
308.0 1 2 57 81.70378310214375 4
309.0 0 3 50 69.55231489821654 2
309.5 0 1 69 83.57160871914968 2
310.0 0 3 48 35.883264276706896 2
312.0 0 4 45 69.16294361376328 5.0
312.0 0 2 57 81.70378310214375 4
312.0 1 4 45 69.16294361376328 7.0
312.5 1 1 57 81.56692487840029 1.5
313.0 1 0 69 76.0540443163394 1
314.0 0 1 57 81.56692487840029 1.5
314.0 0 0 69 76.0540443163394 1
314.0 1 3 50 69.55231489821654 2
314.0 1 3 48 35.883264276706896 2
314.0 1 2 57 81.70378310214375 4
316.0 0 3 50 69.55231489821654 2
316.0 0 3 48 35.883264276706896 2
318.0 0 2 57 81.70378310214375 4
318.0 1 0 69 80.50675553954241 1
318.5 1 1 57 81.56692487840029 0.5
319.0 0 4 45 69.16294361376328 7.0
319.0 0 0 69 80.50675553954241 1
319.0 0 1 57 81.56692487840029 0.5
319.0 1 2 57 81.70378310214375 4
319.0 1 4 45 69.16294361376328 6.0
320.0 1 3 50 69.55231489821654 2
320.0 1 3 48 35.883264276706896 2
322.0 0 3 50 69.55231489821654 2
322.0 0 3 48 35.883264276706896 2
323.0 0 2 57 81.70378310214375 4
323.5 1 1 57 81.56692487840029 1.5
325.0 0 4 45 69.16294361376328 6.0
325.0 0 1 57 81.56692487840029 1.5
325.0 1 3 48 35.883264276706896 2
325.0 1 2 57 81.70378310214375 4
325.0 1 4 45 69.16294361376328 6.0
326.0 1 3 50 69.55231489821654 2
327.0 0 3 48 35.883264276706896 2
328.0 0 3 50 69.55231489821654 2
329.0 0 2 57 81.70378310214375 4
330.0 1 2 57 81.70378310214375 4
331.0 0 4 45 69.16294361376328 6.0
331.0 1 3 50 69.55231489821654 2
331.0 1 3 48 35.883264276706896 2
331.0 1 4 45 69.16294361376328 5.0
333.0 0 3 50 69.55231489821654 2
333.0 0 3 48 35.883264276706896 2
334.0 0 2 57 81.70378310214375 4
336.0 0 4 45 69.16294361376328 5.0
336.0 1 3 48 35.883264276706896 2
336.0 1 4 45 69.16294361376328 6.0
337.0 1 3 50 69.55231489821654 2
338.0 0 3 48 35.883264276706896 2
339.0 0 3 50 69.55231489821654 2
342.0 0 4 45 69.16294361376328 6.0
342.0 1 3 50 69.55231489821654 2
342.0 1 4 45 69.16294361376328 5.0
344.0 0 3 50 69.55231489821654 2
347.0 0 4 45 69.16294361376328 5.0
347.0 1 4 45 69.16294361376328 8
355.0 0 4 45 69.16294361376328 8
