5.5
6.0
6.5
8.5
8.5
9.5
10.0
11.0
12.0
14.0
14.5
14.5
14.5
16.5
18.0
18.5
18.5
19.0
20.0
20.5
21.0
21.5
21.5
23.5
24.0
25.0
26.0
27.5
31.0
31.0
37.0
58.5
61.0
63.5
68.0
71.5
75.0
76.5
79.0
81.0
83.0
85.0
87.0
88.0
89.5
91.0
95.5
98.5
100.5
101.5
102.0
103.0
105.5
107.5
109.0
109.5
111.0
112.0
114.0
115.0
116.5
117.5
119.0
120.5
122.5
124.5
126.0
129.5
132.0
135.0
139.0
142.0
145.5
150.0
154.0
157.5
161.0
164.5
168.0
168.0
170.0
172.0
175.5
178.0
180.0
188.5
194.0
200.0
203.0
207.5
212.0
217.5
222.5
227.0
232.0
236.5
241.5
248.5
254.5
260.5
264.0
269.0
274.0
278.5
283.5
288.5
295.5
301.5
307.5
312.5
318.5
323.5
