67.5
70.0
72.5
77.0
80.5
84.0
85.5
88.0
90.0
92.0
94.0
96.0
97.0
98.5
100.0
104.5
107.5
108.5
110.0
110.5
111.0
113.5
115.5
117.0
117.5
119.0
120.0
122.5
123.5
125.0
126.0
127.5
129.0
131.0
133.0
134.5
139.0
141.5
144.5
148.5
151.5
155.0
159.5
163.5
167.0
170.0
173.5
177.0
177.0
179.0
181.0
184.5
187.0
189.0
199.5
205.0
205.5
211.0
211.0
214.0
217.0
218.5
220.0
223.0
224.5
228.5
229.0
233.5
234.5
238.0
239.5
243.5
244.0
248.0
249.5
253.0
254.0
259.0
260.0
266.0
266.0
272.0
272.0
275.5
278.0
280.5
281.5
285.5
286.5
291.0
291.5
296.0
297.0
301.0
302.0
307.0
308.0
314.0
314.0
320.0
320.0
325.0
326.0
331.0
331.0
336.0
337.0
342.0
