79
69
60
67
57
45
60
57
45
43
43
67
45
43
52
43
52
52
84
52
67
67
67
52
64
67
79
57
57
57
45
45
64
76
79
43
76
64
76
72
74
62
74
62
50
62
69
50
50
43
67
57
43
69
57
50
43
43
67
43
57
50
64
50
43
43
67
50
50
50
43
62
50
43
50
31
62
40
43
50
43
60
40
31
43
60
40
40
31
62
43
40
43
40
62
40
43
43
40
40
40
43
43
31
62
40
43
43
40
64
40
31
43
43
43
43
60
43
40
40
31
64
43
43
48
31
64
43
40
67
48
40
43
48
48
31
72
43
43
48
40
31
60
48
74
31
72
43
60
48
69
43
43
60
31
52
69
43
48
43
64
43
52
31
48
43
52
48
31
69
43
69
43
48
31
55
43
48
43
72
55
43
31
43
67
55
43
48
64
43
50
43
48
69
43
50
48
43
31
43
50
48
64
43
43
48
45
45
31
62
43
45
48
31
43
62
45
45
31
48
31
45
45
31
45
64
45
48
45
31
45
48
45
62
45
45
31
45
45
45
31
62
31
45
45
45
31
45
45
45
31
62
45
45
40
40
45
62
45
45
45
40
40
45
45
40
64
45
45
40
45
45
45
40
45
67
40
45
45
40
45
52
69
45
45
40
69
52
45
45
45
40
76
52
45
45
40
45
76
67
45
40
45
45
74
67
55
74
40
45
45
76
67
67
55
40
76
45
67
45
55
55
67
69
45
55
45
40
74
60
55
45
45
69
45
60
40
45
55
60
45
45
45
55
40
84
45
55
45
40
45
45
40
81
79
45
45
45
40
40
45
40
79
81
64
40
79
40
45
79
64
40
79
76
40
45
50
64
81
76
64
45
50
45
76
81
64
45
45
50
81
79
64
45
50
79
45
79
45
64
50
45
76
79
45
64
50
45
74
67
64
45
45
50
74
67
45
57
50
45
67
74
57
40
50
45
57
40
74
64
45
50
40
50
76
64
57
45
69
50
45
40
64
57
69
55
45
50
40
57
69
55
57
45
50
40
72
55
57
40
45
50
76
64
57
40
50
45
74
64
57
40
50
45
64
76
57
48
50
45
57
79
69
48
45
50
48
76
69
50
57
45
69
50
45
69
48
57
45
57
69
50
48
57
69
57
57
45
50
48
57
48
57
45
50
57
50
48
45
48
45
50
50
45
45
