2.5 1 0 79 100 1
3.5 0 0 79 100 1
4.0 1 0 71 126 1
5.0 0 0 71 126 1
5.0 1 0 61 102 1
5.5 1 1 67 90 2
6.0 0 0 61 102 1
6.0 1 1 58 106 2
6.5 1 1 46 92 2
7.0 1 0 60 52 1
7.5 0 1 67 90 2
8.0 0 1 58 106 2
8.0 0 0 60 52 1
8.5 0 1 46 92 2
8.5 1 1 58 106 2
8.5 1 1 46 92 2
9.5 1 1 44 62 2
10.0 1 1 44 62 2
10.5 0 1 58 106 2
10.5 0 1 46 92 2
11.0 1 0 67 26 1
11.0 1 1 46 92 2
11.5 0 1 44 62 2
12.0 0 1 44 62 2
12.0 0 0 67 26 1
12.0 1 1 44 62 2
13.0 0 1 46 92 2
14.0 0 1 44 62 2
14.0 1 1 53 47 2
14.5 1 1 44 62 2
14.5 1 1 53 47 2
14.5 1 1 53 47 2
16.0 0 1 53 47 2
16.0 1 0 84 52 1
16.5 0 1 44 62 2
16.5 0 1 53 47 2
16.5 0 1 53 47 2
16.5 1 1 53 47 2
17.0 0 0 84 52 1
18.5 0 1 53 47 2
19.0 1 1 53 47 2
20.0 1 1 76 43 2
20.0 1 1 65 60 2
20.5 1 1 76 43 2
20.5 1 1 76 43 2
21.0 0 1 53 47 2
21.0 1 0 79 20 1
22.0 0 1 76 43 2
22.0 0 1 65 60 2
22.0 0 0 79 20 1
22.5 0 1 76 43 2
22.5 0 1 76 43 2
22.5 1 1 76 43 2
24.0 1 1 67 90 2
24.5 0 1 76 43 2
24.5 1 1 67 90 2
24.5 1 1 67 90 2
25.0 1 1 76 43 2
25.0 1 1 65 60 2
26.0 0 1 67 90 2
26.0 1 1 76 43 2
26.5 0 1 67 90 2
26.5 0 1 67 90 2
26.5 1 1 67 90 2
27.0 0 1 76 43 2
27.0 0 1 65 60 2
27.0 1 0 79 46 1
27.0 1 1 58 106 2
27.5 1 1 58 106 2
27.5 1 1 58 106 2
28.0 0 1 76 43 2
28.0 0 0 79 46 1
28.5 0 1 67 90 2
29.0 0 1 58 106 2
29.0 1 1 67 90 2
29.5 0 1 58 106 2
29.5 0 1 58 106 2
29.5 1 1 58 106 2
29.5 1 1 46 92 2
30.0 1 1 46 92 2
30.0 1 1 46 92 2
31.0 0 1 67 90 2
31.0 1 1 76 43 2
31.0 1 1 65 60 2
31.5 0 1 58 106 2
31.5 0 1 46 92 2
32.0 0 1 46 92 2
32.0 0 1 46 92 2
32.0 1 1 58 106 2
32.0 1 1 46 92 2
33.0 0 1 76 43 2
33.0 0 1 65 60 2
33.0 1 1 44 62 2
33.5 1 1 44 62 2
33.5 1 1 44 62 2
34.0 0 1 58 106 2
34.0 0 1 46 92 2
34.5 1 1 46 92 2
35.0 0 1 44 62 2
35.5 0 1 44 62 2
35.5 0 1 44 62 2
35.5 1 1 44 62 2
36.5 0 1 46 92 2
37.0 1 1 76 43 2
37.5 0 1 44 62 2
37.5 1 1 53 47 2
38.0 1 1 44 62 2
38.0 1 1 53 47 2
38.0 1 1 53 47 2
39.0 0 1 76 43 2
39.5 0 1 53 47 2
40.0 0 1 44 62 2
40.0 0 1 53 47 2
40.0 0 1 53 47 2
40.0 1 1 53 47 2
42.0 0 1 53 47 2
42.5 1 1 53 47 2
43.5 1 1 76 43 2
44.0 1 1 76 43 2
44.0 1 1 76 43 2
44.5 0 1 53 47 2
45.5 0 1 76 43 2
46.0 0 1 76 43 2
46.0 0 1 76 43 2
46.0 1 1 76 43 2
47.5 1 1 67 90 2
48.0 0 1 76 43 2
48.0 1 1 67 90 2
48.0 1 1 67 90 2
48.5 1 1 76 43 2
49.5 0 1 67 90 2
50.0 0 1 67 90 2
50.0 0 1 67 90 2
50.0 1 1 67 90 2
50.5 0 1 76 43 2
50.5 1 1 58 106 2
51.0 1 1 58 106 2
51.0 1 1 58 106 2
52.0 0 1 67 90 2
52.5 0 1 58 106 2
53.0 0 1 58 106 2
53.0 0 1 58 106 2
53.0 1 1 46 92 2
53.5 1 1 46 92 2
55.0 0 1 46 92 2
55.5 0 1 46 92 2
57.0 1 1 44 62 2
59.0 0 1 44 62 2
76.0 1 0 73 111 1
77.0 0 0 73 111 1
78.5 1 0 74 105 1
78.5 1 1 63 111 2
79.5 0 0 74 105 1
80.5 0 1 63 111 2
81.0 1 0 74 117 1
81.0 1 1 63 111 2
82.0 0 0 74 117 1
82.0 1 2 51 109 4
83.0 0 1 63 111 2
83.5 1 1 63 111 2
84.5 1 0 71 103 1
84.5 1 2 51 109 4
85.5 0 1 63 111 2
85.5 0 0 71 103 1
86.0 0 2 51 109 4
87.0 1 2 51 109 4
87.5 1 3 44 96 2
88.0 1 0 68 108 1
88.0 1 1 57 109 2
88.5 0 2 51 109 4
89.0 0 0 68 108 1
89.5 0 3 44 96 2
90.0 0 1 57 109 2
90.0 1 3 44 96 2
91.0 0 2 51 109 4
91.5 1 0 71 115 1
91.5 1 1 57 109 2
91.5 1 2 51 109 4
91.5 1 4 44 82 8
92.0 0 3 44 96 2
92.5 0 0 71 115 1
92.5 1 3 44 96 2
93.5 0 1 57 109 2
94.0 1 0 68 127 1
94.0 1 4 44 82 8
94.5 0 3 44 96 2
95.0 0 0 68 127 1
95.0 1 1 57 109 2
95.0 1 2 51 109 4
95.5 0 2 51 109 4
96.5 1 0 66 120 1
96.5 1 1 51 120 2
96.5 1 4 44 82 8
97.0 0 1 57 109 2
97.0 1 3 44 96 2
97.5 0 0 66 120 1
98.5 0 1 51 120 2
98.5 1 0 67 121 1
98.5 1 2 51 109 4
99.0 0 2 51 109 4
99.0 0 3 44 96 2
99.0 1 1 51 120 2
99.5 0 4 44 82 8
99.5 0 0 67 121 1
100.0 1 2 51 109 4
100.5 1 3 44 96 2
101.0 0 1 51 120 2
101.0 1 0 63 79 1
101.0 1 1 51 120 2
101.0 1 4 44 82 8
102.0 0 4 44 82 8
102.0 0 0 63 79 1
102.5 0 2 51 109 4
102.5 0 3 44 96 2
102.5 1 2 51 109 4
102.5 1 5 32 81 16
103.0 0 1 51 120 2
103.0 1 0 63 79 1
103.0 1 1 41 83 2
104.0 0 2 51 109 4
104.0 0 0 63 79 1
104.0 1 3 44 96 2
104.5 0 4 44 82 8
104.5 1 2 51 109 4
104.5 1 4 44 82 8
105.0 0 1 41 83 2
105.0 1 0 60 83 1
105.0 1 1 41 83 2
105.0 1 5 32 81 16
105.5 1 3 44 96 2
106.0 0 3 44 96 2
106.0 0 0 60 83 1
106.5 0 2 51 109 4
106.5 1 0 60 103 1
106.5 1 2 42 96 4
107.0 0 1 41 83 2
107.0 1 1 41 83 2
107.5 0 3 44 96 2
107.5 0 0 60 103 1
107.5 1 5 32 81 16
108.0 1 0 62 100 1
108.0 1 3 44 96 2
108.0 1 1 40 103 2
108.0 1 4 44 82 8
108.5 0 2 51 109 4
108.5 1 2 42 96 4
109.0 0 4 44 82 8
109.0 0 1 41 83 2
109.0 0 0 62 100 1
109.5 1 0 62 110 1
109.5 1 1 40 103 2
109.5 1 4 44 82 8
110.0 0 3 44 96 2
110.0 0 1 40 103 2
110.0 1 3 44 96 2
110.5 0 2 42 96 4
110.5 0 0 62 110 1
110.5 1 2 42 96 4
111.0 1 1 40 103 2
111.5 0 1 40 103 2
111.5 1 2 42 96 4
112.0 0 3 44 96 2
112.0 1 3 44 96 2
112.0 1 4 44 82 8
112.0 1 5 32 81 16
112.5 0 4 44 82 8
112.5 0 2 42 96 4
112.5 1 0 63 109 1
113.0 0 1 40 103 2
113.0 1 2 42 96 4
113.5 0 0 63 109 1
114.0 0 3 44 96 2
114.0 1 3 44 96 2
114.0 1 4 44 82 8
114.5 0 2 42 96 4
114.5 1 2 42 96 4
115.5 0 2 42 96 4
115.5 1 0 64 98 1
115.5 1 1 42 102 2
115.5 1 5 32 81 16
116.0 0 4 44 82 8
116.0 0 3 44 96 2
116.0 1 3 44 96 2
116.0 1 4 44 82 8
116.5 0 0 64 98 1
117.0 0 2 42 96 4
117.0 1 3 44 96 2
117.5 0 4 44 82 8
117.5 0 1 42 102 2
118.0 0 3 44 96 2
118.0 1 4 44 82 8
118.5 0 5 32 81 16
118.5 0 2 42 96 4
118.5 1 0 61 102 1
118.5 1 3 44 96 2
118.5 1 1 42 102 2
119.0 0 3 44 96 2
119.0 1 2 42 96 4
119.0 1 5 32 81 16
119.5 0 0 61 102 1
119.5 1 0 64 86 1
120.0 0 4 44 82 8
120.0 1 3 44 96 2
120.0 1 4 44 82 8
120.5 0 3 44 96 2
120.5 0 1 42 102 2
120.5 0 0 64 86 1
120.5 1 1 49 83 2
120.5 1 5 32 81 16
121.0 0 5 32 81 16
121.0 1 0 66 77 1
121.0 1 4 44 82 8
121.5 1 1 42 102 2
122.0 0 4 44 82 8
122.0 0 3 44 96 2
122.0 0 0 66 77 1
122.0 1 0 67 81 1
122.0 1 1 49 83 2
122.0 1 2 42 96 4
122.5 0 1 49 83 2
122.5 1 4 44 82 8
123.0 0 2 42 96 4
123.0 0 0 67 81 1
123.0 1 1 49 83 2
123.0 1 2 49 93 4
123.0 1 5 32 81 16
123.5 0 5 32 81 16
123.5 0 1 42 102 2
124.0 0 4 44 82 8
124.0 0 1 49 83 2
124.0 1 0 73 82 1
124.0 1 4 44 82 8
124.5 1 3 44 96 2
124.5 1 2 49 93 4
125.0 0 1 49 83 2
125.0 0 0 73 82 1
125.0 1 2 42 96 4
125.0 1 5 32 81 16
125.5 1 1 61 89 2
125.5 1 2 49 93 4
126.0 0 4 44 82 8
126.0 0 2 42 96 4
126.0 1 0 74 94 1
126.5 0 3 44 96 2
127.0 0 2 49 93 4
127.0 0 0 74 94 1
127.0 1 5 32 81 16
127.5 0 1 61 89 2
127.5 1 0 73 87 1
127.5 1 3 44 96 2
127.5 1 1 61 89 2
128.0 0 5 32 81 16
128.0 0 4 44 82 8
128.0 1 2 49 93 4
128.5 0 2 49 93 4
128.5 0 0 73 87 1
128.5 1 0 69 103 1
128.5 1 3 44 96 2
128.5 1 4 44 82 8
129.0 0 4 44 82 8
129.0 0 2 42 96 4
129.0 1 1 61 89 2
129.0 1 5 32 81 16
129.5 0 2 49 93 4
129.5 0 3 44 96 2
129.5 0 1 61 89 2
129.5 0 0 69 103 1
129.5 1 1 53 105 2
130.0 1 0 69 111 1
130.0 1 3 44 96 2
130.0 1 2 49 93 4
130.5 0 4 44 82 8
130.5 0 3 44 96 2
130.5 1 3 44 96 2
131.0 0 1 61 89 2
131.0 0 0 69 111 1
131.0 1 0 66 107 1
131.0 1 3 44 96 2
131.0 1 1 53 105 2
131.0 1 5 32 81 16
131.5 0 5 32 81 16
131.5 0 1 53 105 2
131.5 1 2 49 93 4
131.5 1 4 44 82 8
132.0 0 4 44 82 8
132.0 0 2 49 93 4
132.0 0 3 44 96 2
132.0 0 0 66 107 1
132.0 1 1 53 105 2
132.0 1 2 49 93 4
132.0 1 5 32 81 16
132.5 0 3 44 96 2
132.5 1 0 70 64 1
132.5 1 4 44 82 8
133.0 0 3 44 96 2
133.0 0 1 53 105 2
133.5 0 0 70 64 1
133.5 1 0 69 60 1
133.5 1 3 44 96 2
133.5 1 2 49 93 4
133.5 1 5 32 81 16
134.0 0 2 49 93 4
134.0 0 1 53 105 2
134.0 1 1 56 58 2
134.0 1 4 44 82 8
134.5 0 0 69 60 1
134.5 1 2 49 93 4
134.5 1 4 44 82 8
135.0 0 5 32 81 16
135.0 1 0 72 55 1
135.0 1 1 56 58 2
135.0 1 4 44 82 8
135.0 1 5 32 81 16
135.5 0 2 49 93 4
135.5 0 3 44 96 2
135.5 1 3 44 96 2
136.0 0 2 49 93 4
136.0 0 1 56 58 2
136.0 0 0 72 55 1
136.0 1 0 67 38 1
136.5 0 5 32 81 16
136.5 0 4 44 82 8
136.5 1 1 56 58 2
137.0 0 1 56 58 2
137.0 0 0 67 38 1
137.0 1 3 44 96 2
137.0 1 2 48 49 4
137.5 0 2 49 93 4
137.5 0 3 44 96 2
137.5 1 0 66 32 1
137.5 1 3 44 96 2
137.5 1 1 51 36 2
137.5 1 4 44 82 8
138.0 1 2 48 49 4
138.5 0 2 49 93 4
138.5 0 1 56 58 2
138.5 0 0 66 32 1
139.0 0 5 32 81 16
139.0 0 3 44 96 2
139.0 1 0 69 33 1
139.0 1 3 44 96 2
139.0 1 1 51 36 2
139.5 0 4 44 82 8
139.5 0 3 44 96 2
139.5 0 1 51 36 2
139.5 1 2 48 49 4
139.5 1 4 44 82 8
139.5 1 5 32 81 16
140.0 0 0 69 33 1
140.0 1 3 44 96 2
140.5 0 4 44 82 8
140.5 1 1 51 36 2
140.5 1 2 48 49 4
141.0 0 5 32 81 16
141.0 0 2 48 49 4
141.0 0 3 44 96 2
141.0 0 1 51 36 2
141.0 1 0 64 61 1
141.0 1 4 44 82 8
141.5 1 4 44 82 8
142.0 0 4 44 82 8
142.0 0 2 48 49 4
142.0 0 3 44 96 2
142.0 0 0 64 61 1
142.0 1 2 48 49 4
142.5 0 4 44 82 8
142.5 0 1 51 36 2
142.5 1 3 46 46 2
142.5 1 1 45 54 2
142.5 1 5 32 81 16
143.0 0 5 32 81 16
143.0 0 4 44 82 8
143.0 1 0 63 49 1
143.0 1 4 44 82 8
143.5 0 2 48 49 4
143.5 1 3 46 46 2
143.5 1 2 48 49 4
143.5 1 5 32 81 16
144.0 0 0 63 49 1
144.0 1 4 44 82 8
144.5 0 2 48 49 4
144.5 0 3 46 46 2
144.5 0 1 45 54 2
144.5 1 0 63 55 1
144.5 1 1 45 54 2
145.0 0 5 32 81 16
145.0 1 3 46 46 2
145.0 1 5 32 81 16
145.5 0 4 44 82 8
145.5 0 3 46 46 2
145.5 0 0 63 55 1
145.5 1 2 48 49 4
145.5 1 5 32 81 16
146.0 0 2 48 49 4
146.0 1 3 46 46 2
146.0 1 1 45 54 2
146.0 1 5 32 81 16
146.5 0 1 45 54 2
146.5 1 4 45 61 8
147.0 0 5 32 81 16
147.0 0 3 46 46 2
147.0 1 0 66 24 1
147.5 0 4 44 82 8
147.5 0 2 48 49 4
147.5 1 3 46 46 2
147.5 1 2 48 49 4
147.5 1 4 45 61 8
148.0 0 5 32 81 16
148.0 0 3 46 46 2
148.0 0 1 45 54 2
148.0 0 0 66 24 1
148.5 1 5 32 81 16
149.0 0 4 44 82 8
149.0 1 3 46 46 2
149.0 1 2 48 49 4
149.0 1 4 45 61 8
149.5 0 5 32 81 16
149.5 0 4 44 82 8
149.5 0 2 48 49 4
149.5 0 3 46 46 2
149.5 1 0 63 33 1
149.5 1 1 46 30 2
150.0 1 4 45 61 8
150.5 0 0 63 33 1
150.5 1 5 32 81 16
151.0 0 5 32 81 16
151.0 0 4 44 82 8
151.0 0 3 46 46 2
151.0 1 3 46 46 2
151.5 0 2 48 49 4
151.5 0 1 46 30 2
151.5 1 4 45 61 8
152.0 0 4 44 82 8
152.0 1 1 46 30 2
152.0 1 5 32 81 16
152.5 1 0 63 28 1
152.5 1 5 32 81 16
153.0 0 2 48 49 4
153.0 0 3 46 46 2
153.0 1 3 46 46 2
153.0 1 4 45 61 8
153.5 0 0 63 28 1
153.5 1 2 47 41 4
154.0 0 1 46 30 2
154.0 1 5 32 81 16
154.5 0 4 45 61 8
154.5 1 3 46 46 2
155.0 0 3 46 46 2
155.0 1 1 46 30 2
155.0 1 4 45 61 8
155.0 1 5 32 81 16
155.5 0 5 32 81 16
155.5 0 4 45 61 8
156.0 1 0 63 49 1
156.0 1 2 47 41 4
156.5 0 3 46 46 2
157.0 0 4 45 61 8
157.0 0 1 46 30 2
157.0 0 0 63 49 1
157.0 1 4 45 61 8
157.0 1 5 40 85 16
157.5 0 2 47 41 4
158.0 0 4 45 61 8
158.0 1 5 40 85 16
158.5 0 5 32 81 16
158.5 1 4 45 61 8
159.0 1 0 63 54 1
159.0 1 3 46 46 2
159.0 1 1 46 51 2
159.0 1 2 47 41 4
159.5 0 5 32 81 16
159.5 0 4 45 61 8
159.5 1 5 40 85 16
160.0 0 2 47 41 4
160.0 0 0 63 54 1
160.5 1 5 40 85 16
161.0 0 5 32 81 16
161.0 0 4 45 61 8
161.0 0 3 46 46 2
161.0 0 1 46 51 2
161.5 0 5 32 81 16
161.5 1 3 46 46 2
162.0 0 5 32 81 16
162.0 1 1 46 51 2
162.0 1 5 40 85 16
162.5 1 0 66 57 1
163.0 0 4 45 61 8
163.0 0 2 47 41 4
163.0 1 2 47 41 4
163.0 1 4 45 61 8
163.5 0 3 46 46 2
163.5 0 0 66 57 1
163.5 1 5 40 85 16
164.0 0 1 46 51 2
164.5 0 5 32 81 16
164.5 1 3 46 46 2
165.0 0 4 45 61 8
165.5 1 1 46 51 2
165.5 1 4 45 61 8
165.5 1 5 40 85 16
166.0 1 2 47 41 4
166.5 0 5 32 81 16
166.5 0 4 45 61 8
166.5 0 3 46 46 2
166.5 1 0 68 33 1
167.0 0 2 47 41 4
167.5 0 1 46 51 2
167.5 0 0 68 33 1
167.5 1 5 40 85 16
168.0 0 5 32 81 16
168.5 0 5 32 81 16
168.5 1 3 46 46 2
168.5 1 4 45 61 8
169.0 1 5 40 85 16
169.5 1 2 47 41 4
170.0 0 5 32 81 16
170.0 0 2 47 41 4
170.0 1 1 54 35 2
170.5 0 3 46 46 2
170.5 1 0 70 41 1
171.0 0 5 32 81 16
171.0 0 4 45 61 8
171.5 0 0 70 41 1
171.5 1 3 46 46 2
172.0 0 1 54 35 2
172.5 1 4 45 61 8
173.0 0 5 40 85 16
173.5 0 4 45 61 8
173.5 0 2 47 41 4
173.5 0 3 46 46 2
173.5 1 5 40 85 16
174.0 0 5 40 85 16
174.0 1 0 70 30 1
174.0 1 1 54 35 2
174.0 1 2 47 41 4
175.0 0 0 70 30 1
175.0 1 3 46 46 2
175.5 0 5 40 85 16
175.5 1 4 45 61 8
176.0 0 1 54 35 2
176.0 1 5 40 85 16
176.5 0 5 40 85 16
176.5 0 4 45 61 8
177.0 0 3 46 46 2
177.5 1 0 76 47 1
177.5 1 1 54 35 2
178.0 0 5 40 85 16
178.0 0 2 47 41 4
178.0 1 2 47 41 4
178.5 0 0 76 47 1
179.0 1 4 45 61 8
179.0 1 5 40 85 16
179.5 0 5 40 85 16
179.5 0 1 54 35 2
179.5 1 3 46 46 2
180.5 0 4 45 61 8
181.0 1 0 77 35 1
181.0 1 1 68 40 2
181.5 0 5 40 85 16
181.5 0 3 46 46 2
181.5 1 2 47 41 4
182.0 0 2 47 41 4
182.0 0 0 77 35 1
183.0 0 1 68 40 2
183.0 1 5 40 85 16
183.5 0 5 40 85 16
183.5 0 4 45 61 8
183.5 1 3 46 46 2
183.5 1 4 45 61 8
184.5 1 0 75 39 1
184.5 1 1 68 40 2
184.5 1 2 56 38 4
185.0 0 5 40 85 16
185.5 0 2 47 41 4
185.5 0 3 46 46 2
185.5 0 0 75 39 1
186.0 1 0 74 39 1
186.0 1 5 40 85 16
186.5 0 1 68 40 2
187.0 0 4 45 61 8
187.0 0 0 74 39 1
187.0 1 3 46 46 2
187.5 1 4 45 61 8
188.0 1 0 77 36 1
188.0 1 1 68 40 2
188.0 1 1 67 41 2
188.0 1 2 56 38 4
188.5 0 2 56 38 4
189.0 0 3 46 46 2
189.0 0 0 77 36 1
189.5 0 5 40 85 16
189.5 1 5 40 85 16
190.0 0 1 68 40 2
190.0 0 1 67 41 2
190.0 1 0 76 48 1
190.0 1 3 46 46 2
190.0 1 1 67 41 2
191.0 0 0 76 48 1
191.0 1 4 45 61 8
191.5 0 4 45 61 8
191.5 1 2 56 38 4
191.5 1 2 56 38 4
192.0 0 5 40 85 16
192.0 0 2 56 38 4
192.0 0 3 46 46 2
192.0 0 1 67 41 2
192.0 1 1 67 41 2
193.0 1 0 71 22 1
193.5 1 3 46 46 2
193.5 1 2 56 38 4
194.0 0 1 67 41 2
194.0 0 0 71 22 1
194.0 1 4 45 61 8
194.0 1 5 40 85 16
195.0 0 5 40 85 16
195.5 0 4 45 61 8
195.5 0 2 56 38 4
195.5 0 2 56 38 4
195.5 0 3 46 46 2
195.5 1 0 74 20 1
195.5 1 1 61 23 2
195.5 1 2 56 38 4
196.5 0 0 74 20 1
197.0 1 3 46 46 2
197.0 1 3 46 46 2
197.5 0 2 56 38 4
197.5 0 1 61 23 2
197.5 1 0 71 22 1
197.5 1 4 45 61 8
198.0 1 1 61 23 2
198.0 1 5 40 85 16
198.5 0 0 71 22 1
199.0 0 5 40 85 16
199.0 0 4 45 61 8
199.0 0 3 46 46 2
199.0 0 3 46 46 2
199.0 1 3 46 46 2
199.0 1 2 56 38 4
199.5 0 2 56 38 4
200.0 0 1 61 23 2
200.0 1 1 61 23 2
201.0 0 3 46 46 2
201.0 1 3 46 46 2
201.0 1 4 45 61 8
201.0 1 4 45 61 8
201.5 1 2 56 38 4
201.5 1 5 40 85 16
202.0 0 5 40 85 16
202.0 0 4 45 61 8
202.0 0 1 61 23 2
203.0 0 2 56 38 4
203.0 0 3 46 46 2
203.0 1 0 84 62 1
203.0 1 4 45 61 8
203.5 1 2 56 38 4
204.0 0 0 84 62 1
204.5 1 3 46 46 2
204.5 1 5 40 85 16
205.0 1 4 45 61 8
205.5 0 5 40 85 16
205.5 0 4 45 61 8
205.5 0 2 56 38 4
206.5 0 3 46 46 2
207.0 1 3 46 46 2
207.5 0 2 56 38 4
208.0 1 5 40 85 16
208.5 1 0 81 55 1
208.5 1 1 79 62 2
208.5 1 4 45 61 8
209.0 0 4 45 61 8
209.0 0 4 45 61 8
209.0 0 3 46 46 2
209.0 1 3 46 46 2
209.5 0 0 81 55 1
210.0 0 5 40 85 16
210.5 0 1 79 62 2
211.0 0 4 45 61 8
211.0 0 3 46 46 2
211.0 1 4 45 61 8
211.5 1 5 40 85 16
211.5 1 5 40 85 16
213.0 0 4 45 61 8
213.0 1 4 45 61 8
213.5 1 5 40 85 16
214.0 0 5 40 85 16
214.0 1 1 79 62 2
214.5 1 0 81 65 1
214.5 1 2 65 68 4
215.5 0 0 81 65 1
215.5 1 5 40 85 16
216.0 0 1 79 62 2
216.5 0 4 45 61 8
217.5 0 5 40 85 16
218.5 0 2 65 68 4
218.5 1 0 79 64 1
219.0 0 4 45 61 8
219.0 1 5 40 85 16
219.5 0 0 79 64 1
219.5 1 3 47 46 2
220.0 1 1 79 62 2
220.0 1 2 65 68 4
220.5 0 5 40 85 16
221.0 0 4 45 61 8
221.5 0 3 47 46 2
221.5 1 5 40 85 16
222.0 0 1 79 62 2
223.0 1 0 79 54 1
223.0 1 1 77 60 2
223.5 1 5 40 85 16
224.0 0 5 40 85 16
224.0 0 2 65 68 4
224.0 0 0 79 54 1
225.0 0 1 77 60 2
225.0 1 3 47 46 2
225.5 1 3 51 69 2
226.0 1 2 65 68 4
227.0 0 3 47 46 2
227.5 0 5 40 85 16
227.5 0 5 40 85 16
227.5 0 3 51 69 2
227.5 1 0 82 59 1
227.5 1 1 77 60 2
228.5 0 0 82 59 1
229.0 1 2 65 68 4
229.5 0 5 40 85 16
229.5 0 1 77 60 2
230.0 0 2 65 68 4
230.5 1 4 46 69 8
231.0 1 3 51 69 2
231.0 1 3 47 46 2
231.5 0 5 40 85 16
232.0 1 1 77 60 2
232.5 1 0 83 80 1
233.0 0 2 65 68 4
233.0 0 3 51 69 2
233.0 0 3 47 46 2
233.5 0 0 83 80 1
233.5 1 2 65 68 4
234.0 0 1 77 60 2
234.0 1 3 47 46 2
235.0 0 5 40 85 16
236.0 0 3 47 46 2
236.0 1 4 46 69 8
237.0 1 3 51 69 2
237.5 0 5 40 85 16
237.5 0 2 65 68 4
237.5 1 0 81 85 1
237.5 1 1 79 81 2
238.0 1 2 65 68 4
238.5 0 4 46 69 8
238.5 0 0 81 85 1
238.5 1 3 47 46 2
239.0 0 3 51 69 2
239.5 0 5 40 85 16
239.5 0 1 79 81 2
240.0 1 3 51 69 2
240.5 0 3 47 46 2
242.0 0 2 65 68 4
242.0 0 3 51 69 2
242.0 1 0 80 84 1
242.0 1 4 46 69 8
242.5 1 1 79 81 2
243.0 0 0 80 84 1
243.0 1 3 47 46 2
243.5 1 2 65 68 4
244.0 0 4 46 69 8
244.5 0 1 79 81 2
244.5 1 3 51 69 2
245.0 0 3 47 46 2
245.0 1 4 46 69 8
246.5 0 3 51 69 2
247.0 1 0 77 44 1
247.0 1 1 79 81 2
247.5 0 2 65 68 4
248.0 0 0 77 44 1
248.5 1 3 47 46 2
248.5 1 2 65 68 4
249.0 0 1 79 81 2
249.0 1 3 51 69 2
249.5 1 4 46 69 8
250.0 0 4 46 69 8
250.5 0 3 47 46 2
251.0 0 3 51 69 2
251.5 1 0 75 45 1
252.0 1 1 67 45 2
252.5 0 2 65 68 4
252.5 0 0 75 45 1
253.0 0 4 46 69 8
253.0 1 2 65 68 4
253.5 1 3 47 46 2
254.0 0 1 67 45 2
254.0 1 4 46 69 8
254.5 1 3 51 69 2
255.5 0 3 47 46 2
256.5 0 3 51 69 2
256.5 1 0 74 39 1
256.5 1 1 67 45 2
257.0 0 2 65 68 4
257.5 0 4 46 69 8
257.5 0 0 74 39 1
258.0 1 3 47 46 2
258.0 1 2 57 57 4
258.5 0 1 67 45 2
259.5 1 3 51 69 2
259.5 1 4 46 69 8
260.0 0 3 47 46 2
261.5 0 3 51 69 2
261.5 1 1 67 45 2
262.0 0 4 46 69 8
262.0 0 2 57 57 4
262.5 1 0 74 50 1
262.5 1 2 57 57 4
263.5 0 1 67 45 2
263.5 0 0 74 50 1
263.5 1 3 42 45 2
264.0 1 3 51 69 2
264.5 1 4 46 69 8
265.5 0 3 42 45 2
266.0 0 3 51 69 2
266.5 0 2 57 57 4
267.5 0 4 46 69 8
267.5 1 2 57 57 4
268.0 1 3 42 45 2
268.5 1 0 74 62 1
268.5 1 1 66 56 2
269.0 1 4 46 69 8
269.5 0 0 74 62 1
269.5 1 3 51 69 2
270.0 0 3 42 45 2
270.5 0 1 66 56 2
271.5 0 2 57 57 4
271.5 0 3 51 69 2
272.5 0 4 46 69 8
273.0 1 3 42 45 2
274.0 1 3 51 69 2
274.5 1 0 77 55 1
274.5 1 1 66 56 2
274.5 1 2 57 57 4
274.5 1 4 46 69 8
275.0 0 3 42 45 2
275.5 0 0 77 55 1
276.0 0 3 51 69 2
276.5 0 1 66 56 2
277.0 0 4 46 69 8
278.5 0 2 57 57 4
279.0 1 0 69 57 1
279.0 1 3 51 69 2
279.0 1 4 46 69 8
280.0 0 0 69 57 1
280.0 1 3 42 45 2
280.5 1 1 66 56 2
280.5 1 2 57 57 4
281.0 0 3 51 69 2
282.0 0 3 42 45 2
282.5 0 4 46 69 8
282.5 0 1 66 56 2
284.0 1 0 69 62 1
284.0 1 1 56 56 2
284.0 1 4 46 69 8
284.5 0 2 57 57 4
285.0 0 0 69 62 1
286.0 0 1 56 56 2
286.0 1 3 51 69 2
286.0 1 3 42 45 2
286.5 1 2 57 57 4
287.0 0 4 46 69 8
288.0 0 3 51 69 2
288.0 0 3 42 45 2
289.0 1 0 69 50 1
289.0 1 1 56 56 2
290.0 0 0 69 50 1
290.0 1 2 57 57 4
290.5 0 2 57 57 4
291.0 0 1 56 56 2
291.0 1 4 46 69 8
292.0 0 4 46 69 8
292.0 1 3 51 69 2
292.0 1 3 42 45 2
293.5 1 0 73 94 1
294.0 0 2 57 57 4
294.0 0 3 51 69 2
294.0 0 3 42 45 2
294.0 1 1 56 56 2
294.5 0 0 73 94 1
295.0 1 2 57 57 4
295.5 1 3 42 45 2
296.0 0 1 56 56 2
297.0 1 4 46 69 8
297.5 0 3 42 45 2
298.0 1 3 51 69 2
298.5 1 0 76 94 1
298.5 1 1 66 93 2
299.0 0 4 46 69 8
299.0 0 2 57 57 4
299.5 0 0 76 94 1
300.0 0 3 51 69 2
300.0 1 2 57 57 4
300.5 0 1 66 93 2
300.5 1 3 42 45 2
301.5 1 3 51 69 2
302.5 0 3 42 45 2
303.0 1 4 46 69 8
303.5 0 3 51 69 2
303.5 1 0 75 99 1
303.5 1 1 66 93 2
304.0 0 2 57 57 4
304.5 0 0 75 99 1
305.0 0 4 46 69 8
305.0 1 2 58 81 4
305.5 0 1 66 93 2
305.5 1 3 42 45 2
306.5 1 3 51 69 2
306.5 1 4 46 69 8
307.5 0 3 42 45 2
308.5 0 3 51 69 2
308.5 1 1 66 93 2
309.0 0 2 58 81 4
309.5 1 0 77 89 1
310.0 1 2 58 81 4
310.5 0 1 66 93 2
310.5 0 0 77 89 1
311.0 0 4 46 69 8
311.0 1 3 48 35 2
311.5 1 3 51 69 2
311.5 1 4 46 69 8
313.0 0 3 48 35 2
313.5 0 3 51 69 2
314.0 0 2 58 81 4
314.5 0 4 46 69 8
315.0 1 2 58 81 4
315.5 1 0 79 83 1
315.5 1 1 71 83 2
316.0 1 3 48 35 2
316.5 0 0 79 83 1
316.5 1 4 46 69 8
317.0 1 3 51 69 2
317.5 0 1 71 83 2
318.0 0 3 48 35 2
319.0 0 2 58 81 4
319.0 0 3 51 69 2
319.5 0 4 46 69 8
321.0 1 3 48 35 2
321.5 1 0 77 77 1
321.5 1 1 71 83 2
322.0 1 3 51 69 2
322.0 1 2 58 81 4
322.0 1 4 46 69 8
322.5 0 0 77 77 1
323.0 0 3 48 35 2
323.5 0 1 71 83 2
324.0 0 3 51 69 2
324.5 0 4 46 69 8
326.0 0 2 58 81 4
327.0 1 0 71 88 1
327.0 1 3 51 69 2
327.0 1 4 46 69 8
327.5 1 1 71 83 2
328.0 0 0 71 88 1
328.0 1 3 48 35 2
328.0 1 2 58 81 4
329.0 0 3 51 69 2
329.5 0 1 71 83 2
330.0 0 4 46 69 8
330.0 0 3 48 35 2
332.0 0 2 58 81 4
332.0 1 4 46 69 8
332.5 1 1 58 81 2
333.0 1 0 71 76 1
334.0 0 0 71 76 1
334.0 1 3 51 69 2
334.0 1 3 48 35 2
334.0 1 2 58 81 4
334.5 0 1 58 81 2
335.0 0 4 46 69 8
336.0 0 3 51 69 2
336.0 0 3 48 35 2
338.0 0 2 58 81 4
338.0 1 0 69 80 1
338.5 1 1 58 81 2
339.0 0 0 69 80 1
339.0 1 2 58 81 4
339.0 1 4 46 69 8
340.0 0 4 46 69 8
340.0 1 3 51 69 2
340.0 1 3 48 35 2
340.5 0 1 58 81 2
342.0 0 3 51 69 2
342.0 0 3 48 35 2
343.0 0 2 58 81 4
343.5 1 1 58 81 2
345.0 1 3 48 35 2
345.0 1 2 58 81 4
345.0 1 4 46 69 8
345.5 0 1 58 81 2
346.0 1 3 51 69 2
347.0 0 4 46 69 8
347.0 0 3 48 35 2
348.0 0 3 51 69 2
349.0 0 2 58 81 4
350.0 1 2 58 81 4
351.0 1 3 51 69 2
351.0 1 3 48 35 2
351.0 1 4 46 69 8
353.0 0 4 46 69 8
353.0 0 3 51 69 2
353.0 0 3 48 35 2
354.0 0 2 58 81 4
356.0 1 3 48 35 2
356.0 1 4 46 69 8
357.0 1 3 51 69 2
358.0 0 3 48 35 2
359.0 0 4 46 69 8
359.0 0 3 51 69 2
362.0 1 3 51 69 2
362.0 1 4 46 69 8
364.0 0 4 46 69 8
364.0 0 3 51 69 2
367.0 1 4 46 69 8
370.0 0 4 46 69 8
375.0 0 4 46 69 8
