79
71
61
67
58
46
60
58
46
44
44
67
46
44
53
44
53
53
84
53
53
76
65
76
76
79
76
67
67
67
76
65
76
67
79
58
58
58
67
58
46
46
46
76
65
58
46
44
44
44
46
44
76
53
44
53
53
53
53
76
76
76
76
67
67
67
76
67
58
58
58
46
46
44
73
74
63
74
63
51
63
71
51
51
44
68
57
44
71
57
51
44
44
68
44
57
51
66
51
44
44
67
51
51
51
44
63
51
44
51
32
63
41
44
51
44
60
41
32
44
60
42
41
32
62
44
40
44
42
62
40
44
44
42
40
42
44
44
32
63
42
44
44
42
64
42
32
44
44
44
44
61
44
42
42
32
64
44
44
49
32
66
44
42
67
49
42
44
49
49
32
73
44
44
49
42
32
61
49
74
32
73
44
61
49
69
44
44
61
32
53
69
44
49
44
66
44
53
32
49
44
53
49
32
70
44
69
44
49
32
56
44
49
44
72
56
44
32
44
67
56
44
48
66
44
51
44
48
69
44
51
48
44
32
44
51
48
64
44
44
48
46
45
32
63
44
46
48
32
44
63
45
46
32
48
32
46
45
32
45
66
46
48
45
32
46
48
45
63
46
45
32
46
45
46
32
63
32
46
45
47
32
46
46
45
32
63
47
45
40
40
45
63
46
46
47
40
40
46
46
40
66
47
45
40
46
46
45
40
47
68
40
46
45
40
47
54
70
46
45
40
70
54
47
46
45
40
76
54
47
45
40
46
77
68
47
40
46
45
75
68
56
74
40
46
45
77
68
67
56
40
76
46
67
45
56
56
67
71
46
56
45
40
74
61
56
46
46
71
45
61
40
46
56
61
46
45
45
56
40
84
45
56
46
40
45
46
40
81
79
45
46
45
40
40
45
40
79
81
65
40
79
40
47
79
65
40
79
77
40
47
51
65
82
77
65
46
51
47
77
83
65
47
46
51
81
79
65
47
51
80
46
79
47
65
51
46
77
79
47
65
51
46
75
67
65
47
46
51
74
67
47
57
51
46
67
74
57
42
51
46
57
42
74
66
46
51
42
51
77
66
57
46
69
51
46
42
66
57
69
56
46
51
42
57
69
56
57
46
51
42
73
56
57
42
46
51
76
66
57
42
51
46
75
66
58
42
51
46
66
77
58
48
51
46
58
79
71
48
46
51
48
77
71
51
58
46
71
51
46
71
48
58
46
58
71
51
48
58
69
58
58
46
51
48
58
48
58
46
51
58
51
48
46
48
46
51
51
46
46
