0 1 0 79 100 1
1 0 0 79 100 1
1.5 1 0 69 126 1
2.5 0 0 69 126 1
2.5 1 0 60 102 1
3.0 1 1 67 90 2
3.5 0 0 60 102 1
3.5 1 1 57 106 2
4.0 1 1 45 92 2
4.5 1 0 60 52 1
5.0 0 1 67 90 2
5.5 0 1 57 106 2
5.5 0 0 60 52 1
6.0 0 1 45 92 2
6.0 1 1 57 106 2
6.0 1 1 45 92 2
7.0 1 1 43 62 2
7.5 1 1 43 62 2
8.0 0 1 57 106 2
8.0 0 1 45 92 2
8.5 1 0 67 26 1
8.5 1 1 45 92 2
9.0 0 1 43 62 2
9.5 0 1 43 62 2
9.5 0 0 67 26 1
9.5 1 1 43 62 2
10.5 0 1 45 92 2
11.5 0 1 43 62 2
11.5 1 1 52 47 2
12.0 1 1 43 62 2
12.0 1 1 52 47 2
12.0 1 1 52 47 2
13.5 0 1 52 47 2
13.5 1 0 84 52 1
14.0 0 1 43 62 2
14.0 0 1 52 47 2
14.0 0 1 52 47 2
14.0 1 1 52 47 2
14.5 0 0 84 52 1
16.0 0 1 52 47 2
16.5 1 1 52 47 2
17.5 1 1 76 43 2
17.5 1 1 64 60 2
18.0 1 1 76 43 2
18.0 1 1 76 43 2
18.5 0 1 52 47 2
18.5 1 0 79 20 1
19.5 0 1 76 43 2
19.5 0 1 64 60 2
19.5 0 0 79 20 1
20.0 0 1 76 43 2
20.0 0 1 76 43 2
20.0 1 1 76 43 2
21.5 1 1 67 90 2
22.0 0 1 76 43 2
22.0 1 1 67 90 2
22.0 1 1 67 90 2
22.5 1 1 76 43 2
22.5 1 1 64 60 2
23.5 0 1 67 90 2
23.5 1 1 76 43 2
24.0 0 1 67 90 2
24.0 0 1 67 90 2
24.0 1 1 67 90 2
24.5 0 1 76 43 2
24.5 0 1 64 60 2
24.5 1 0 79 46 1
24.5 1 1 57 106 2
25.0 1 1 57 106 2
25.0 1 1 57 106 2
25.5 0 1 76 43 2
25.5 0 0 79 46 1
26.0 0 1 67 90 2
26.5 0 1 57 106 2
26.5 1 1 67 90 2
27.0 0 1 57 106 2
27.0 0 1 57 106 2
27.0 1 1 57 106 2
27.0 1 1 45 92 2
27.5 1 1 45 92 2
27.5 1 1 45 92 2
28.5 0 1 67 90 2
28.5 1 1 76 43 2
28.5 1 1 64 60 2
29.0 0 1 57 106 2
29.0 0 1 45 92 2
29.5 0 1 45 92 2
29.5 0 1 45 92 2
29.5 1 1 57 106 2
29.5 1 1 45 92 2
30.5 0 1 76 43 2
30.5 0 1 64 60 2
30.5 1 1 43 62 2
31.0 1 1 43 62 2
31.0 1 1 43 62 2
31.5 0 1 57 106 2
31.5 0 1 45 92 2
32.0 1 1 45 92 2
32.5 0 1 43 62 2
33.0 0 1 43 62 2
33.0 0 1 43 62 2
33.0 1 1 43 62 2
34.0 0 1 45 92 2
34.5 1 1 76 43 2
35.0 0 1 43 62 2
35.0 1 1 52 47 2
35.5 1 1 43 62 2
35.5 1 1 52 47 2
35.5 1 1 52 47 2
36.5 0 1 76 43 2
37.0 0 1 52 47 2
37.5 0 1 43 62 2
37.5 0 1 52 47 2
37.5 0 1 52 47 2
37.5 1 1 52 47 2
39.5 0 1 52 47 2
40.0 1 1 52 47 2
41.0 1 1 76 43 2
41.5 1 1 76 43 2
41.5 1 1 76 43 2
42.0 0 1 52 47 2
43.0 0 1 76 43 2
43.5 0 1 76 43 2
43.5 0 1 76 43 2
43.5 1 1 76 43 2
45.0 1 1 67 90 2
45.5 0 1 76 43 2
45.5 1 1 67 90 2
45.5 1 1 67 90 2
46.0 1 1 76 43 2
47.0 0 1 67 90 2
47.5 0 1 67 90 2
47.5 0 1 67 90 2
47.5 1 1 67 90 2
48.0 0 1 76 43 2
48.0 1 1 57 106 2
48.5 1 1 57 106 2
48.5 1 1 57 106 2
49.5 0 1 67 90 2
50.0 0 1 57 106 2
50.5 0 1 57 106 2
50.5 0 1 57 106 2
50.5 1 1 45 92 2
51.0 1 1 45 92 2
52.5 0 1 45 92 2
53.0 0 1 45 92 2
54.5 1 1 43 62 2
56.5 0 1 43 62 2
73.5 1 0 72 111 1
74.5 0 0 72 111 1
76.0 1 0 74 105 1
76.0 1 1 63 111 2
77.0 0 0 74 105 1
78.0 0 1 63 111 2
78.5 1 0 74 117 1
78.5 1 1 63 111 2
79.5 0 0 74 117 1
79.5 1 2 51 109 4
80.5 0 1 63 111 2
81.0 1 1 63 111 2
82.0 1 0 69 103 1
82.0 1 2 51 109 4
83.0 0 1 63 111 2
83.0 0 0 69 103 1
83.5 0 2 51 109 4
84.5 1 2 51 109 4
85.0 1 3 43 96 2
85.5 1 0 67 108 1
85.5 1 1 57 109 2
86.0 0 2 51 109 4
86.5 0 0 67 108 1
87.0 0 3 43 96 2
87.5 0 1 57 109 2
87.5 1 3 43 96 2
88.5 0 2 51 109 4
89.0 1 0 69 115 1
89.0 1 1 57 109 2
89.0 1 2 51 109 4
89.0 1 4 43 82 8
89.5 0 3 43 96 2
90.0 0 0 69 115 1
90.0 1 3 43 96 2
91.0 0 1 57 109 2
91.5 1 0 67 127 1
91.5 1 4 43 82 8
92.0 0 3 43 96 2
92.5 0 0 67 127 1
92.5 1 1 57 109 2
92.5 1 2 51 109 4
93.0 0 2 51 109 4
94.0 1 0 64 120 1
94.0 1 1 51 120 2
94.0 1 4 43 82 8
94.5 0 1 57 109 2
94.5 1 3 43 96 2
95.0 0 0 64 120 1
96.0 0 1 51 120 2
96.0 1 0 67 121 1
96.0 1 2 51 109 4
96.5 0 2 51 109 4
96.5 0 3 43 96 2
96.5 1 1 51 120 2
97.0 0 4 43 82 8
97.0 0 0 67 121 1
97.5 1 2 51 109 4
98.0 1 3 43 96 2
98.5 0 1 51 120 2
98.5 1 0 63 79 1
98.5 1 1 51 120 2
98.5 1 4 43 82 8
99.5 0 4 43 82 8
99.5 0 0 63 79 1
100.0 0 2 51 109 4
100.0 0 3 43 96 2
100.0 1 2 51 109 4
100.0 1 5 31 81 16
100.5 0 1 51 120 2
100.5 1 0 63 79 1
100.5 1 1 40 83 2
101.5 0 2 51 109 4
101.5 0 0 63 79 1
101.5 1 3 43 96 2
102.0 0 4 43 82 8
102.0 1 2 51 109 4
102.0 1 4 43 82 8
102.5 0 1 40 83 2
102.5 1 0 60 83 1
102.5 1 1 40 83 2
102.5 1 5 31 81 16
103.0 1 3 43 96 2
103.5 0 3 43 96 2
103.5 0 0 60 83 1
104.0 0 2 51 109 4
104.0 1 0 60 103 1
104.0 1 2 40 96 4
104.5 0 1 40 83 2
104.5 1 1 40 83 2
105.0 0 3 43 96 2
105.0 0 0 60 103 1
105.0 1 5 31 81 16
105.5 1 0 62 100 1
105.5 1 3 43 96 2
105.5 1 1 40 103 2
105.5 1 4 43 82 8
106.0 0 2 51 109 4
106.0 1 2 40 96 4
106.5 0 4 43 82 8
106.5 0 1 40 83 2
106.5 0 0 62 100 1
107.0 1 0 62 110 1
107.0 1 1 40 103 2
107.0 1 4 43 82 8
107.5 0 3 43 96 2
107.5 0 1 40 103 2
107.5 1 3 43 96 2
108.0 0 2 40 96 4
108.0 0 0 62 110 1
108.0 1 2 40 96 4
108.5 1 1 40 103 2
109.0 0 1 40 103 2
109.0 1 2 40 96 4
109.5 0 3 43 96 2
109.5 1 3 43 96 2
109.5 1 4 43 82 8
109.5 1 5 31 81 16
110.0 0 4 43 82 8
110.0 0 2 40 96 4
110.0 1 0 63 109 1
110.5 0 1 40 103 2
110.5 1 2 40 96 4
111.0 0 0 63 109 1
111.5 0 3 43 96 2
111.5 1 3 43 96 2
111.5 1 4 43 82 8
112.0 0 2 40 96 4
112.0 1 2 40 96 4
113.0 0 2 40 96 4
113.0 1 0 64 98 1
113.0 1 1 40 102 2
113.0 1 5 31 81 16
113.5 0 4 43 82 8
113.5 0 3 43 96 2
113.5 1 3 43 96 2
113.5 1 4 43 82 8
114.0 0 0 64 98 1
114.5 0 2 40 96 4
114.5 1 3 43 96 2
115.0 0 4 43 82 8
115.0 0 1 40 102 2
115.5 0 3 43 96 2
115.5 1 4 43 82 8
116.0 0 5 31 81 16
116.0 0 2 40 96 4
116.0 1 0 60 102 1
116.0 1 3 43 96 2
116.0 1 1 40 102 2
116.5 0 3 43 96 2
116.5 1 2 40 96 4
116.5 1 5 31 81 16
117.0 0 0 60 102 1
117.0 1 0 64 86 1
117.5 0 4 43 82 8
117.5 1 3 43 96 2
117.5 1 4 43 82 8
118.0 0 3 43 96 2
118.0 0 1 40 102 2
118.0 0 0 64 86 1
118.0 1 1 48 83 2
118.0 1 5 31 81 16
118.5 0 5 31 81 16
118.5 1 0 64 77 1
118.5 1 4 43 82 8
119.0 1 1 40 102 2
119.5 0 4 43 82 8
119.5 0 3 43 96 2
119.5 0 0 64 77 1
119.5 1 0 67 81 1
119.5 1 1 48 83 2
119.5 1 2 40 96 4
120.0 0 1 48 83 2
120.0 1 4 43 82 8
120.5 0 2 40 96 4
120.5 0 0 67 81 1
120.5 1 1 48 83 2
120.5 1 2 48 93 4
120.5 1 5 31 81 16
121.0 0 5 31 81 16
121.0 0 1 40 102 2
121.5 0 4 43 82 8
121.5 0 1 48 83 2
121.5 1 0 72 82 1
121.5 1 4 43 82 8
122.0 1 3 43 96 2
122.0 1 2 48 93 4
122.5 0 1 48 83 2
122.5 0 0 72 82 1
122.5 1 2 40 96 4
122.5 1 5 31 81 16
123.0 1 1 60 89 2
123.0 1 2 48 93 4
123.5 0 4 43 82 8
123.5 0 2 40 96 4
123.5 1 0 74 94 1
124.0 0 3 43 96 2
124.5 0 2 48 93 4
124.5 0 0 74 94 1
124.5 1 5 31 81 16
125.0 0 1 60 89 2
125.0 1 0 72 87 1
125.0 1 3 43 96 2
125.0 1 1 60 89 2
125.5 0 5 31 81 16
125.5 0 4 43 82 8
125.5 1 2 48 93 4
126.0 0 2 48 93 4
126.0 0 0 72 87 1
126.0 1 0 69 103 1
126.0 1 3 43 96 2
126.0 1 4 43 82 8
126.5 0 4 43 82 8
126.5 0 2 40 96 4
126.5 1 1 60 89 2
126.5 1 5 31 81 16
127.0 0 2 48 93 4
127.0 0 3 43 96 2
127.0 0 1 60 89 2
127.0 0 0 69 103 1
127.0 1 1 52 105 2
127.5 1 0 69 111 1
127.5 1 3 43 96 2
127.5 1 2 48 93 4
128.0 0 4 43 82 8
128.0 0 3 43 96 2
128.0 1 3 43 96 2
128.5 0 1 60 89 2
128.5 0 0 69 111 1
128.5 1 0 64 107 1
128.5 1 3 43 96 2
128.5 1 1 52 105 2
128.5 1 5 31 81 16
129.0 0 5 31 81 16
129.0 0 1 52 105 2
129.0 1 2 48 93 4
129.0 1 4 43 82 8
129.5 0 4 43 82 8
129.5 0 2 48 93 4
129.5 0 3 43 96 2
129.5 0 0 64 107 1
129.5 1 1 52 105 2
129.5 1 2 48 93 4
129.5 1 5 31 81 16
130.0 0 3 43 96 2
130.0 1 0 69 64 1
130.0 1 4 43 82 8
130.5 0 3 43 96 2
130.5 0 1 52 105 2
131.0 0 0 69 64 1
131.0 1 0 69 60 1
131.0 1 3 43 96 2
131.0 1 2 48 93 4
131.0 1 5 31 81 16
131.5 0 2 48 93 4
131.5 0 1 52 105 2
131.5 1 1 55 58 2
131.5 1 4 43 82 8
132.0 0 0 69 60 1
132.0 1 2 48 93 4
132.0 1 4 43 82 8
132.5 0 5 31 81 16
132.5 1 0 72 55 1
132.5 1 1 55 58 2
132.5 1 4 43 82 8
132.5 1 5 31 81 16
133.0 0 2 48 93 4
133.0 0 3 43 96 2
133.0 1 3 43 96 2
133.5 0 2 48 93 4
133.5 0 1 55 58 2
133.5 0 0 72 55 1
133.5 1 0 67 38 1
134.0 0 5 31 81 16
134.0 0 4 43 82 8
134.0 1 1 55 58 2
134.5 0 1 55 58 2
134.5 0 0 67 38 1
134.5 1 3 43 96 2
134.5 1 2 48 49 4
135.0 0 2 48 93 4
135.0 0 3 43 96 2
135.0 1 0 64 32 1
135.0 1 3 43 96 2
135.0 1 1 51 36 2
135.0 1 4 43 82 8
135.5 1 2 48 49 4
136.0 0 2 48 93 4
136.0 0 1 55 58 2
136.0 0 0 64 32 1
136.5 0 5 31 81 16
136.5 0 3 43 96 2
136.5 1 0 69 33 1
136.5 1 3 43 96 2
136.5 1 1 51 36 2
137.0 0 4 43 82 8
137.0 0 3 43 96 2
137.0 0 1 51 36 2
137.0 1 2 48 49 4
137.0 1 4 43 82 8
137.0 1 5 31 81 16
137.5 0 0 69 33 1
137.5 1 3 43 96 2
138.0 0 4 43 82 8
138.0 1 1 51 36 2
138.0 1 2 48 49 4
138.5 0 5 31 81 16
138.5 0 2 48 49 4
138.5 0 3 43 96 2
138.5 0 1 51 36 2
138.5 1 0 64 61 1
138.5 1 4 43 82 8
139.0 1 4 43 82 8
139.5 0 4 43 82 8
139.5 0 2 48 49 4
139.5 0 3 43 96 2
139.5 0 0 64 61 1
139.5 1 2 48 49 4
140.0 0 4 43 82 8
140.0 0 1 51 36 2
140.0 1 3 45 46 2
140.0 1 1 45 54 2
140.0 1 5 31 81 16
140.5 0 5 31 81 16
140.5 0 4 43 82 8
140.5 1 0 63 49 1
140.5 1 4 43 82 8
141.0 0 2 48 49 4
141.0 1 3 45 46 2
141.0 1 2 48 49 4
141.0 1 5 31 81 16
141.5 0 0 63 49 1
141.5 1 4 43 82 8
142.0 0 2 48 49 4
142.0 0 3 45 46 2
142.0 0 1 45 54 2
142.0 1 0 63 55 1
142.0 1 1 45 54 2
142.5 0 5 31 81 16
142.5 1 3 45 46 2
142.5 1 5 31 81 16
143.0 0 4 43 82 8
143.0 0 3 45 46 2
143.0 0 0 63 55 1
143.0 1 2 48 49 4
143.0 1 5 31 81 16
143.5 0 2 48 49 4
143.5 1 3 45 46 2
143.5 1 1 45 54 2
143.5 1 5 31 81 16
144.0 0 1 45 54 2
144.0 1 4 45 61 8
144.5 0 5 31 81 16
144.5 0 3 45 46 2
144.5 1 0 64 24 1
145.0 0 4 43 82 8
145.0 0 2 48 49 4
145.0 1 3 45 46 2
145.0 1 2 48 49 4
145.0 1 4 45 61 8
145.5 0 5 31 81 16
145.5 0 3 45 46 2
145.5 0 1 45 54 2
145.5 0 0 64 24 1
146.0 1 5 31 81 16
146.5 0 4 43 82 8
146.5 1 3 45 46 2
146.5 1 2 48 49 4
146.5 1 4 45 61 8
147.0 0 5 31 81 16
147.0 0 4 43 82 8
147.0 0 2 48 49 4
147.0 0 3 45 46 2
147.0 1 0 63 33 1
147.0 1 1 45 30 2
147.5 1 4 45 61 8
148.0 0 0 63 33 1
148.0 1 5 31 81 16
148.5 0 5 31 81 16
148.5 0 4 43 82 8
148.5 0 3 45 46 2
148.5 1 3 45 46 2
149.0 0 2 48 49 4
149.0 0 1 45 30 2
149.0 1 4 45 61 8
149.5 0 4 43 82 8
149.5 1 1 45 30 2
149.5 1 5 31 81 16
150.0 1 0 63 28 1
150.0 1 5 31 81 16
150.5 0 2 48 49 4
150.5 0 3 45 46 2
150.5 1 3 45 46 2
150.5 1 4 45 61 8
151.0 0 0 63 28 1
151.0 1 2 45 41 4
151.5 0 1 45 30 2
151.5 1 5 31 81 16
152.0 0 4 45 61 8
152.0 1 3 45 46 2
152.5 0 3 45 46 2
152.5 1 1 45 30 2
152.5 1 4 45 61 8
152.5 1 5 31 81 16
153.0 0 5 31 81 16
153.0 0 4 45 61 8
153.5 1 0 63 49 1
153.5 1 2 45 41 4
154.0 0 3 45 46 2
154.5 0 4 45 61 8
154.5 0 1 45 30 2
154.5 0 0 63 49 1
154.5 1 4 45 61 8
154.5 1 5 40 85 16
155.0 0 2 45 41 4
155.5 0 4 45 61 8
155.5 1 5 40 85 16
156.0 0 5 31 81 16
156.0 1 4 45 61 8
156.5 1 0 63 54 1
156.5 1 3 45 46 2
156.5 1 1 45 51 2
156.5 1 2 45 41 4
157.0 0 5 31 81 16
157.0 0 4 45 61 8
157.0 1 5 40 85 16
157.5 0 2 45 41 4
157.5 0 0 63 54 1
158.0 1 5 40 85 16
158.5 0 5 31 81 16
158.5 0 4 45 61 8
158.5 0 3 45 46 2
158.5 0 1 45 51 2
159.0 0 5 31 81 16
159.0 1 3 45 46 2
159.5 0 5 31 81 16
159.5 1 1 45 51 2
159.5 1 5 40 85 16
160.0 1 0 64 57 1
160.5 0 4 45 61 8
160.5 0 2 45 41 4
160.5 1 2 45 41 4
160.5 1 4 45 61 8
161.0 0 3 45 46 2
161.0 0 0 64 57 1
161.0 1 5 40 85 16
161.5 0 1 45 51 2
162.0 0 5 31 81 16
162.0 1 3 45 46 2
162.5 0 4 45 61 8
163.0 1 1 45 51 2
163.0 1 4 45 61 8
163.0 1 5 40 85 16
163.5 1 2 45 41 4
164.0 0 5 31 81 16
164.0 0 4 45 61 8
164.0 0 3 45 46 2
164.0 1 0 67 33 1
164.5 0 2 45 41 4
165.0 0 1 45 51 2
165.0 0 0 67 33 1
165.0 1 5 40 85 16
165.5 0 5 31 81 16
166.0 0 5 31 81 16
166.0 1 3 45 46 2
166.0 1 4 45 61 8
166.5 1 5 40 85 16
167.0 1 2 45 41 4
167.5 0 5 31 81 16
167.5 0 2 45 41 4
167.5 1 1 52 35 2
168.0 0 3 45 46 2
168.0 1 0 69 41 1
168.5 0 5 31 81 16
168.5 0 4 45 61 8
169.0 0 0 69 41 1
169.0 1 3 45 46 2
169.5 0 1 52 35 2
170.0 1 4 45 61 8
170.5 0 5 40 85 16
171.0 0 4 45 61 8
171.0 0 2 45 41 4
171.0 0 3 45 46 2
171.0 1 5 40 85 16
171.5 0 5 40 85 16
171.5 1 0 69 30 1
171.5 1 1 52 35 2
171.5 1 2 45 41 4
172.5 0 0 69 30 1
172.5 1 3 45 46 2
173.0 0 5 40 85 16
173.0 1 4 45 61 8
173.5 0 1 52 35 2
173.5 1 5 40 85 16
174.0 0 5 40 85 16
174.0 0 4 45 61 8
174.5 0 3 45 46 2
175.0 1 0 76 47 1
175.0 1 1 52 35 2
175.5 0 5 40 85 16
175.5 0 2 45 41 4
175.5 1 2 45 41 4
176.0 0 0 76 47 1
176.5 1 4 45 61 8
176.5 1 5 40 85 16
177.0 0 5 40 85 16
177.0 0 1 52 35 2
177.0 1 3 45 46 2
178.0 0 4 45 61 8
178.5 1 0 76 35 1
178.5 1 1 67 40 2
179.0 0 5 40 85 16
179.0 0 3 45 46 2
179.0 1 2 45 41 4
179.5 0 2 45 41 4
179.5 0 0 76 35 1
180.5 0 1 67 40 2
180.5 1 5 40 85 16
181.0 0 5 40 85 16
181.0 0 4 45 61 8
181.0 1 3 45 46 2
181.0 1 4 45 61 8
182.0 1 0 75 39 1
182.0 1 1 67 40 2
182.0 1 2 55 38 4
182.5 0 5 40 85 16
183.0 0 2 45 41 4
183.0 0 3 45 46 2
183.0 0 0 75 39 1
183.5 1 0 74 39 1
183.5 1 5 40 85 16
184.0 0 1 67 40 2
184.5 0 4 45 61 8
184.5 0 0 74 39 1
184.5 1 3 45 46 2
185.0 1 4 45 61 8
185.5 1 0 76 36 1
185.5 1 1 67 40 2
185.5 1 1 67 41 2
185.5 1 2 55 38 4
186.0 0 2 55 38 4
186.5 0 3 45 46 2
186.5 0 0 76 36 1
187.0 0 5 40 85 16
187.0 1 5 40 85 16
187.5 0 1 67 40 2
187.5 0 1 67 41 2
187.5 1 0 76 48 1
187.5 1 3 45 46 2
187.5 1 1 67 41 2
188.5 0 0 76 48 1
188.5 1 4 45 61 8
189.0 0 4 45 61 8
189.0 1 2 55 38 4
189.0 1 2 55 38 4
189.5 0 5 40 85 16
189.5 0 2 55 38 4
189.5 0 3 45 46 2
189.5 0 1 67 41 2
189.5 1 1 67 41 2
190.5 1 0 69 22 1
191.0 1 3 45 46 2
191.0 1 2 55 38 4
191.5 0 1 67 41 2
191.5 0 0 69 22 1
191.5 1 4 45 61 8
191.5 1 5 40 85 16
192.5 0 5 40 85 16
193.0 0 4 45 61 8
193.0 0 2 55 38 4
193.0 0 2 55 38 4
193.0 0 3 45 46 2
193.0 1 0 74 20 1
193.0 1 1 60 23 2
193.0 1 2 55 38 4
194.0 0 0 74 20 1
194.5 1 3 45 46 2
194.5 1 3 45 46 2
195.0 0 2 55 38 4
195.0 0 1 60 23 2
195.0 1 0 69 22 1
195.0 1 4 45 61 8
195.5 1 1 60 23 2
195.5 1 5 40 85 16
196.0 0 0 69 22 1
196.5 0 5 40 85 16
196.5 0 4 45 61 8
196.5 0 3 45 46 2
196.5 0 3 45 46 2
196.5 1 3 45 46 2
196.5 1 2 55 38 4
197.0 0 2 55 38 4
197.5 0 1 60 23 2
197.5 1 1 60 23 2
198.5 0 3 45 46 2
198.5 1 3 45 46 2
198.5 1 4 45 61 8
198.5 1 4 45 61 8
199.0 1 2 55 38 4
199.0 1 5 40 85 16
199.5 0 5 40 85 16
199.5 0 4 45 61 8
199.5 0 1 60 23 2
200.5 0 2 55 38 4
200.5 0 3 45 46 2
200.5 1 0 84 62 1
200.5 1 4 45 61 8
201.0 1 2 55 38 4
201.5 0 0 84 62 1
202.0 1 3 45 46 2
202.0 1 5 40 85 16
202.5 1 4 45 61 8
203.0 0 5 40 85 16
203.0 0 4 45 61 8
203.0 0 2 55 38 4
204.0 0 3 45 46 2
204.5 1 3 45 46 2
205.0 0 2 55 38 4
205.5 1 5 40 85 16
206.0 1 0 81 55 1
206.0 1 1 79 62 2
206.0 1 4 45 61 8
206.5 0 4 45 61 8
206.5 0 4 45 61 8
206.5 0 3 45 46 2
206.5 1 3 45 46 2
207.0 0 0 81 55 1
207.5 0 5 40 85 16
208.0 0 1 79 62 2
208.5 0 4 45 61 8
208.5 0 3 45 46 2
208.5 1 4 45 61 8
209.0 1 5 40 85 16
209.0 1 5 40 85 16
210.5 0 4 45 61 8
210.5 1 4 45 61 8
211.0 1 5 40 85 16
211.5 0 5 40 85 16
211.5 1 1 79 62 2
212.0 1 0 81 65 1
212.0 1 2 64 68 4
213.0 0 0 81 65 1
213.0 1 5 40 85 16
213.5 0 1 79 62 2
214.0 0 4 45 61 8
215.0 0 5 40 85 16
216.0 0 2 64 68 4
216.0 1 0 79 64 1
216.5 0 4 45 61 8
216.5 1 5 40 85 16
217.0 0 0 79 64 1
217.0 1 3 45 46 2
217.5 1 1 79 62 2
217.5 1 2 64 68 4
218.0 0 5 40 85 16
218.5 0 4 45 61 8
219.0 0 3 45 46 2
219.0 1 5 40 85 16
219.5 0 1 79 62 2
220.5 1 0 79 54 1
220.5 1 1 76 60 2
221.0 1 5 40 85 16
221.5 0 5 40 85 16
221.5 0 2 64 68 4
221.5 0 0 79 54 1
222.5 0 1 76 60 2
222.5 1 3 45 46 2
223.0 1 3 51 69 2
223.5 1 2 64 68 4
224.5 0 3 45 46 2
225.0 0 5 40 85 16
225.0 0 5 40 85 16
225.0 0 3 51 69 2
225.0 1 0 81 59 1
225.0 1 1 76 60 2
226.0 0 0 81 59 1
226.5 1 2 64 68 4
227.0 0 5 40 85 16
227.0 0 1 76 60 2
227.5 0 2 64 68 4
228.0 1 4 45 69 8
228.5 1 3 51 69 2
228.5 1 3 45 46 2
229.0 0 5 40 85 16
229.5 1 1 76 60 2
230.0 1 0 81 80 1
230.5 0 2 64 68 4
230.5 0 3 51 69 2
230.5 0 3 45 46 2
231.0 0 0 81 80 1
231.0 1 2 64 68 4
231.5 0 1 76 60 2
231.5 1 3 45 46 2
232.5 0 5 40 85 16
233.5 0 3 45 46 2
233.5 1 4 45 69 8
234.5 1 3 51 69 2
235.0 0 5 40 85 16
235.0 0 2 64 68 4
235.0 1 0 81 85 1
235.0 1 1 79 81 2
235.5 1 2 64 68 4
236.0 0 4 45 69 8
236.0 0 0 81 85 1
236.0 1 3 45 46 2
236.5 0 3 51 69 2
237.0 0 5 40 85 16
237.0 0 1 79 81 2
237.5 1 3 51 69 2
238.0 0 3 45 46 2
239.5 0 2 64 68 4
239.5 0 3 51 69 2
239.5 1 0 79 84 1
239.5 1 4 45 69 8
240.0 1 1 79 81 2
240.5 0 0 79 84 1
240.5 1 3 45 46 2
241.0 1 2 64 68 4
241.5 0 4 45 69 8
242.0 0 1 79 81 2
242.0 1 3 51 69 2
242.5 0 3 45 46 2
242.5 1 4 45 69 8
244.0 0 3 51 69 2
244.5 1 0 76 44 1
244.5 1 1 79 81 2
245.0 0 2 64 68 4
245.5 0 0 76 44 1
246.0 1 3 45 46 2
246.0 1 2 64 68 4
246.5 0 1 79 81 2
246.5 1 3 51 69 2
247.0 1 4 45 69 8
247.5 0 4 45 69 8
248.0 0 3 45 46 2
248.5 0 3 51 69 2
249.0 1 0 75 45 1
249.5 1 1 67 45 2
250.0 0 2 64 68 4
250.0 0 0 75 45 1
250.5 0 4 45 69 8
250.5 1 2 64 68 4
251.0 1 3 45 46 2
251.5 0 1 67 45 2
251.5 1 4 45 69 8
252.0 1 3 51 69 2
253.0 0 3 45 46 2
254.0 0 3 51 69 2
254.0 1 0 74 39 1
254.0 1 1 67 45 2
254.5 0 2 64 68 4
255.0 0 4 45 69 8
255.0 0 0 74 39 1
255.5 1 3 45 46 2
255.5 1 2 57 57 4
256.0 0 1 67 45 2
257.0 1 3 51 69 2
257.0 1 4 45 69 8
257.5 0 3 45 46 2
259.0 0 3 51 69 2
259.0 1 1 67 45 2
259.5 0 4 45 69 8
259.5 0 2 57 57 4
260.0 1 0 74 50 1
260.0 1 2 57 57 4
261.0 0 1 67 45 2
261.0 0 0 74 50 1
261.0 1 3 40 45 2
261.5 1 3 51 69 2
262.0 1 4 45 69 8
263.0 0 3 40 45 2
263.5 0 3 51 69 2
264.0 0 2 57 57 4
265.0 0 4 45 69 8
265.0 1 2 57 57 4
265.5 1 3 40 45 2
266.0 1 0 74 62 1
266.0 1 1 64 56 2
266.5 1 4 45 69 8
267.0 0 0 74 62 1
267.0 1 3 51 69 2
267.5 0 3 40 45 2
268.0 0 1 64 56 2
269.0 0 2 57 57 4
269.0 0 3 51 69 2
270.0 0 4 45 69 8
270.5 1 3 40 45 2
271.5 1 3 51 69 2
272.0 1 0 76 55 1
272.0 1 1 64 56 2
272.0 1 2 57 57 4
272.0 1 4 45 69 8
272.5 0 3 40 45 2
273.0 0 0 76 55 1
273.5 0 3 51 69 2
274.0 0 1 64 56 2
274.5 0 4 45 69 8
276.0 0 2 57 57 4
276.5 1 0 69 57 1
276.5 1 3 51 69 2
276.5 1 4 45 69 8
277.5 0 0 69 57 1
277.5 1 3 40 45 2
278.0 1 1 64 56 2
278.0 1 2 57 57 4
278.5 0 3 51 69 2
279.5 0 3 40 45 2
280.0 0 4 45 69 8
280.0 0 1 64 56 2
281.5 1 0 69 62 1
281.5 1 1 55 56 2
281.5 1 4 45 69 8
282.0 0 2 57 57 4
282.5 0 0 69 62 1
283.5 0 1 55 56 2
283.5 1 3 51 69 2
283.5 1 3 40 45 2
284.0 1 2 57 57 4
284.5 0 4 45 69 8
285.5 0 3 51 69 2
285.5 0 3 40 45 2
286.5 1 0 69 50 1
286.5 1 1 55 56 2
287.5 0 0 69 50 1
287.5 1 2 57 57 4
288.0 0 2 57 57 4
288.5 0 1 55 56 2
288.5 1 4 45 69 8
289.5 0 4 45 69 8
289.5 1 3 51 69 2
289.5 1 3 40 45 2
291.0 1 0 72 94 1
291.5 0 2 57 57 4
291.5 0 3 51 69 2
291.5 0 3 40 45 2
291.5 1 1 55 56 2
292.0 0 0 72 94 1
292.5 1 2 57 57 4
293.0 1 3 40 45 2
293.5 0 1 55 56 2
294.5 1 4 45 69 8
295.0 0 3 40 45 2
295.5 1 3 51 69 2
296.0 1 0 76 94 1
296.0 1 1 64 93 2
296.5 0 4 45 69 8
296.5 0 2 57 57 4
297.0 0 0 76 94 1
297.5 0 3 51 69 2
297.5 1 2 57 57 4
298.0 0 1 64 93 2
298.0 1 3 40 45 2
299.0 1 3 51 69 2
300.0 0 3 40 45 2
300.5 1 4 45 69 8
301.0 0 3 51 69 2
301.0 1 0 75 99 1
301.0 1 1 64 93 2
301.5 0 2 57 57 4
302.0 0 0 75 99 1
302.5 0 4 45 69 8
302.5 1 2 57 81 4
303.0 0 1 64 93 2
303.0 1 3 40 45 2
304.0 1 3 51 69 2
304.0 1 4 45 69 8
305.0 0 3 40 45 2
306.0 0 3 51 69 2
306.0 1 1 64 93 2
306.5 0 2 57 81 4
307.0 1 0 76 89 1
307.5 1 2 57 81 4
308.0 0 1 64 93 2
308.0 0 0 76 89 1
308.5 0 4 45 69 8
308.5 1 3 48 35 2
309.0 1 3 51 69 2
309.0 1 4 45 69 8
310.5 0 3 48 35 2
311.0 0 3 51 69 2
311.5 0 2 57 81 4
312.0 0 4 45 69 8
312.5 1 2 57 81 4
313.0 1 0 79 83 1
313.0 1 1 69 83 2
313.5 1 3 48 35 2
314.0 0 0 79 83 1
314.0 1 4 45 69 8
314.5 1 3 51 69 2
315.0 0 1 69 83 2
315.5 0 3 48 35 2
316.5 0 2 57 81 4
316.5 0 3 51 69 2
317.0 0 4 45 69 8
318.5 1 3 48 35 2
319.0 1 0 76 77 1
319.0 1 1 69 83 2
319.5 1 3 51 69 2
319.5 1 2 57 81 4
319.5 1 4 45 69 8
320.0 0 0 76 77 1
320.5 0 3 48 35 2
321.0 0 1 69 83 2
321.5 0 3 51 69 2
322.0 0 4 45 69 8
323.5 0 2 57 81 4
324.5 1 0 69 88 1
324.5 1 3 51 69 2
324.5 1 4 45 69 8
325.0 1 1 69 83 2
325.5 0 0 69 88 1
325.5 1 3 48 35 2
325.5 1 2 57 81 4
326.5 0 3 51 69 2
327.0 0 1 69 83 2
327.5 0 4 45 69 8
327.5 0 3 48 35 2
329.5 0 2 57 81 4
329.5 1 4 45 69 8
330.0 1 1 57 81 2
330.5 1 0 69 76 1
331.5 0 0 69 76 1
331.5 1 3 51 69 2
331.5 1 3 48 35 2
331.5 1 2 57 81 4
332.0 0 1 57 81 2
332.5 0 4 45 69 8
333.5 0 3 51 69 2
333.5 0 3 48 35 2
335.5 0 2 57 81 4
335.5 1 0 69 80 1
336.0 1 1 57 81 2
336.5 0 0 69 80 1
336.5 1 2 57 81 4
336.5 1 4 45 69 8
337.5 0 4 45 69 8
337.5 1 3 51 69 2
337.5 1 3 48 35 2
338.0 0 1 57 81 2
339.5 0 3 51 69 2
339.5 0 3 48 35 2
340.5 0 2 57 81 4
341.0 1 1 57 81 2
342.5 1 3 48 35 2
342.5 1 2 57 81 4
342.5 1 4 45 69 8
343.0 0 1 57 81 2
343.5 1 3 51 69 2
344.5 0 4 45 69 8
344.5 0 3 48 35 2
345.5 0 3 51 69 2
346.5 0 2 57 81 4
347.5 1 2 57 81 4
348.5 1 3 51 69 2
348.5 1 3 48 35 2
348.5 1 4 45 69 8
350.5 0 4 45 69 8
350.5 0 3 51 69 2
350.5 0 3 48 35 2
351.5 0 2 57 81 4
353.5 1 3 48 35 2
353.5 1 4 45 69 8
354.5 1 3 51 69 2
355.5 0 3 48 35 2
356.5 0 4 45 69 8
356.5 0 3 51 69 2
359.5 1 3 51 69 2
359.5 1 4 45 69 8
361.5 0 4 45 69 8
361.5 0 3 51 69 2
364.5 1 4 45 69 8
367.5 0 4 45 69 8
372.5 0 4 45 69 8
