0
1.5
2.5
3.0
3.5
4.0
4.5
6.0
6.0
7.0
7.5
8.5
8.5
9.5
11.5
12.0
12.0
12.0
13.5
14.0
16.5
17.5
17.5
18.0
18.0
18.5
20.0
21.5
22.0
22.0
22.5
22.5
23.5
24.0
24.5
24.5
25.0
25.0
26.5
27.0
27.0
27.5
27.5
28.5
28.5
29.5
29.5
30.5
31.0
31.0
32.0
33.0
34.5
35.0
35.5
35.5
35.5
37.5
40.0
41.0
41.5
41.5
43.5
45.0
45.5
45.5
46.0
47.5
48.0
48.5
48.5
50.5
51.0
54.5
73.5
76.0
76.0
78.5
78.5
79.5
81.0
82.0
82.0
84.5
85.0
85.5
85.5
87.5
89.0
89.0
89.0
89.0
90.0
91.5
91.5
92.5
92.5
94.0
94.0
94.0
94.5
96.0
96.0
96.5
97.5
98.0
98.5
98.5
98.5
100.0
100.0
100.5
100.5
101.5
102.0
102.0
102.5
102.5
102.5
103.0
104.0
104.0
104.5
105.0
105.5
105.5
105.5
105.5
106.0
107.0
107.0
107.0
107.5
108.0
108.5
109.0
109.5
109.5
109.5
110.0
110.5
111.5
111.5
112.0
113.0
113.0
113.0
113.5
113.5
114.5
115.5
116.0
116.0
116.0
116.5
116.5
117.0
117.5
117.5
118.0
118.0
118.5
118.5
119.0
119.5
119.5
119.5
120.0
120.5
120.5
120.5
121.5
121.5
122.0
122.0
122.5
122.5
123.0
123.0
123.5
124.5
125.0
125.0
125.0
125.5
126.0
126.0
126.0
126.5
126.5
127.0
127.5
127.5
127.5
128.0
128.5
128.5
128.5
128.5
129.0
129.0
129.5
129.5
129.5
130.0
130.0
131.0
131.0
131.0
131.0
131.5
131.5
132.0
132.0
132.5
132.5
132.5
132.5
133.0
133.5
134.0
134.5
134.5
135.0
135.0
135.0
135.0
135.5
136.5
136.5
136.5
137.0
137.0
137.0
137.5
138.0
138.0
138.5
138.5
139.0
139.5
140.0
140.0
140.0
140.5
140.5
141.0
141.0
141.0
141.5
142.0
142.0
142.5
142.5
143.0
143.0
143.5
143.5
143.5
144.0
144.5
145.0
145.0
145.0
146.0
146.5
146.5
146.5
147.0
147.0
147.5
148.0
148.5
149.0
149.5
149.5
150.0
150.0
150.5
150.5
151.0
151.5
152.0
152.5
152.5
152.5
153.5
153.5
154.5
154.5
155.5
156.0
156.5
156.5
156.5
156.5
157.0
158.0
159.0
159.5
159.5
160.0
160.5
160.5
161.0
162.0
163.0
163.0
163.0
163.5
164.0
165.0
166.0
166.0
166.5
167.0
167.5
168.0
169.0
170.0
171.0
171.5
171.5
171.5
172.5
173.0
173.5
175.0
175.0
175.5
176.5
176.5
177.0
178.5
178.5
179.0
180.5
181.0
181.0
182.0
182.0
182.0
183.5
183.5
184.5
185.0
185.5
185.5
185.5
185.5
187.0
187.5
187.5
187.5
188.5
189.0
189.0
189.5
190.5
191.0
191.0
191.5
191.5
193.0
193.0
193.0
194.5
194.5
195.0
195.0
195.5
195.5
196.5
196.5
197.5
198.5
198.5
198.5
199.0
199.0
200.5
200.5
201.0
202.0
202.0
202.5
204.5
205.5
206.0
206.0
206.0
206.5
208.5
209.0
209.0
210.5
211.0
211.5
212.0
212.0
213.0
216.0
216.5
217.0
217.5
217.5
219.0
220.5
220.5
221.0
222.5
223.0
223.5
225.0
225.0
226.5
228.0
228.5
228.5
229.5
230.0
231.0
231.5
233.5
234.5
235.0
235.0
235.5
236.0
237.5
239.5
239.5
240.0
240.5
241.0
242.0
242.5
244.5
244.5
246.0
246.0
246.5
247.0
249.0
249.5
250.5
251.0
251.5
252.0
254.0
254.0
255.5
255.5
257.0
257.0
259.0
260.0
260.0
261.0
261.5
262.0
265.0
265.5
266.0
266.0
266.5
267.0
270.5
271.5
272.0
272.0
272.0
272.0
276.5
276.5
276.5
277.5
278.0
278.0
281.5
281.5
281.5
283.5
283.5
284.0
286.5
286.5
287.5
288.5
289.5
289.5
291.0
291.5
292.5
293.0
294.5
295.5
296.0
296.0
297.5
298.0
299.0
300.5
301.0
301.0
302.5
303.0
304.0
304.0
306.0
307.0
307.5
308.5
309.0
309.0
312.5
313.0
313.0
313.5
314.0
314.5
318.5
319.0
319.0
319.5
319.5
319.5
324.5
324.5
324.5
325.0
325.5
325.5
329.5
330.0
330.5
331.5
331.5
331.5
335.5
336.0
336.5
336.5
337.5
337.5
341.0
342.5
342.5
342.5
343.5
347.5
348.5
348.5
348.5
353.5
353.5
354.5
359.5
359.5
364.5
