3.0
3.5
4.0
6.0
6.0
7.0
7.5
8.5
9.5
11.5
12.0
12.0
12.0
14.0
16.5
17.5
17.5
18.0
18.0
20.0
21.5
22.0
22.0
22.5
22.5
23.5
24.0
24.5
25.0
25.0
26.5
27.0
27.0
27.5
27.5
28.5
28.5
29.5
29.5
30.5
31.0
31.0
32.0
33.0
34.5
35.0
35.5
35.5
35.5
37.5
40.0
41.0
41.5
41.5
43.5
45.0
45.5
45.5
46.0
47.5
48.0
48.5
48.5
50.5
51.0
54.5
76.0
78.5
81.0
85.5
89.0
92.5
94.0
96.5
98.5
100.5
102.5
104.5
105.5
107.0
108.5
113.0
116.0
118.0
119.0
119.5
120.5
123.0
125.0
126.5
127.0
128.5
129.5
131.5
132.5
134.0
135.0
136.5
138.0
140.0
142.0
143.5
147.0
149.5
152.5
156.5
159.5
163.0
167.5
171.5
175.0
178.5
182.0
185.5
185.5
187.5
189.5
193.0
195.5
197.5
206.0
211.5
217.5
220.5
225.0
229.5
235.0
240.0
244.5
249.5
254.0
259.0
266.0
272.0
278.0
281.5
286.5
291.5
296.0
301.0
306.0
313.0
319.0
325.0
330.0
336.0
341.0
