85.0
87.5
90.0
94.5
98.0
101.5
103.0
105.5
107.5
109.5
111.5
113.5
114.5
116.0
117.5
122.0
125.0
126.0
127.5
128.0
128.5
131.0
133.0
134.5
135.0
136.5
137.5
140.0
141.0
142.5
143.5
145.0
146.5
148.5
150.5
152.0
156.5
159.0
162.0
166.0
169.0
172.5
177.0
181.0
184.5
187.5
191.0
194.5
194.5
196.5
198.5
202.0
204.5
206.5
217.0
222.5
223.0
228.5
228.5
231.5
234.5
236.0
237.5
240.5
242.0
246.0
246.5
251.0
252.0
255.5
257.0
261.0
261.5
265.5
267.0
270.5
271.5
276.5
277.5
283.5
283.5
289.5
289.5
293.0
295.5
298.0
299.0
303.0
304.0
308.5
309.0
313.5
314.5
318.5
319.5
324.5
325.5
331.5
331.5
337.5
337.5
342.5
343.5
348.5
348.5
353.5
354.5
359.5
