0
1.5
2.5
4.5
8.5
13.5
18.5
24.5
73.5
76.0
78.5
82.0
85.5
89.0
91.5
94.0
96.0
98.5
100.5
102.5
104.0
105.5
107.0
110.0
113.0
116.0
117.0
118.5
119.5
121.5
123.5
125.0
126.0
127.5
128.5
130.0
131.0
132.5
133.5
135.0
136.5
138.5
140.5
142.0
144.5
147.0
150.0
153.5
156.5
160.0
164.0
168.0
171.5
175.0
178.5
182.0
183.5
185.5
187.5
190.5
193.0
195.0
200.5
206.0
212.0
216.0
220.5
225.0
230.0
235.0
239.5
244.5
249.0
254.0
260.0
266.0
272.0
276.5
281.5
286.5
291.0
296.0
301.0
307.0
313.0
319.0
324.5
330.5
335.5
