100
126
102
90
106
92
52
106
92
62
62
26
92
62
47
62
47
47
52
47
47
43
60
43
43
20
43
90
90
90
43
60
43
90
46
106
106
106
90
106
92
92
92
43
60
106
92
62
62
62
92
62
43
47
62
47
47
47
47
43
43
43
43
90
90
90
43
90
106
106
106
92
92
62
111
105
111
117
111
109
111
103
109
109
96
108
109
96
115
109
109
82
96
127
82
109
109
120
120
82
96
121
109
120
109
96
79
120
82
109
81
79
83
96
109
82
83
83
81
96
103
96
83
81
100
96
103
82
96
110
103
82
96
96
103
96
96
82
81
109
96
96
82
96
98
102
81
96
82
96
82
102
96
102
96
81
86
96
82
83
81
77
82
102
81
83
96
82
83
93
81
82
82
96
93
96
81
89
93
94
81
87
96
89
93
103
96
82
89
81
105
111
96
93
96
107
96
105
81
93
82
105
93
81
64
82
60
96
93
81
58
82
93
82
55
58
82
81
96
38
58
96
49
32
96
36
82
49
33
96
36
49
82
81
96
36
49
61
82
82
49
46
54
81
49
82
46
49
81
82
55
54
46
81
49
81
46
54
81
61
24
46
49
61
81
46
49
61
33
30
61
81
46
61
30
81
28
81
46
61
41
81
46
30
61
81
49
41
61
85
85
61
54
46
51
41
85
85
46
51
85
57
41
61
85
46
51
61
85
41
33
85
46
61
85
41
35
41
46
61
85
30
35
41
46
61
85
47
35
41
61
85
46
35
40
41
85
46
61
39
40
38
39
85
46
61
36
40
41
38
85
48
46
41
61
38
38
41
22
46
38
61
85
20
23
38
46
46
22
61
23
85
46
38
23
46
61
61
38
85
62
61
38
46
85
61
46
85
55
62
61
46
61
85
85
61
85
62
65
68
85
64
85
46
62
68
85
54
60
85
46
69
68
59
60
68
69
69
46
60
80
68
46
69
69
85
81
68
46
69
84
69
81
46
68
69
69
44
81
46
68
69
69
45
45
68
46
69
69
39
45
46
57
69
69
45
50
57
45
69
69
57
45
62
56
69
69
45
69
55
56
57
69
57
69
69
45
56
57
62
56
69
69
45
57
50
56
57
69
69
45
94
56
57
45
69
69
94
93
57
45
69
69
99
93
81
45
69
69
93
89
81
35
69
69
81
83
83
35
69
69
35
77
83
69
81
69
88
69
69
83
35
81
69
81
76
69
35
81
80
81
81
69
69
35
81
35
81
69
69
81
69
35
69
35
69
69
69
69
69
