0.5
2.0
3.5
4.5
5.0
7.5
7.5
9.0
9.0
11.5
11.5
12.0
12.0
14.0
14.5
16.0
16.5
18.0
18.5
20.0
21.0
22.5
23.5
23.5
25.5
27.0
28.0
28.5
29.5
30.0
32.5
32.5
32.5
34.0
35.0
36.0
36.5
37.0
37.5
39.0
39.5
40.0
40.5
41.0
43.0
43.0
43.5
44.5
44.5
46.0
47.0
47.0
47.5
47.5
49.0
50.0
50.0
50.0
51.0
51.5
52.0
52.5
52.5
53.5
54.0
54.5
54.5
55.5
56.0
57.0
57.0
57.5
59.0
59.5
60.0
60.5
60.5
61.5
62.5
63.0
64.5
65.0
66.0
67.0
68.0
69.5
70.0
70.5
71.0
71.0
72.0
72.0
72.5
73.0
73.5
74.0
74.0
75.0
75.0
75.5
77.0
77.0
77.5
77.5
78.0
78.5
79.5
80.0
80.0
80.0
80.5
81.0
81.0
81.5
82.0
82.0
82.5
82.5
83.0
83.5
84.0
84.0
84.5
84.5
84.5
85.0
85.5
86.5
86.5
87.0
87.0
87.5
88.0
88.0
88.5
89.0
89.5
89.5
90.0
90.0
91.0
91.0
91.0
91.0
91.5
92.0
92.0
92.5
93.0
93.5
93.5
94.0
94.5
94.5
95.0
95.5
96.0
96.0
96.5
97.5
98.0
98.0
98.5
99.0
99.0
99.0
100.5
101.0
101.0
101.5
101.5
102.0
102.5
103.0
104.0
104.0
104.0
106.0
106.0
106.5
107.0
108.0
108.5
109.0
110.5
111.0
111.5
111.5
112.0
114.5
115.0
115.5
115.5
117.5
118.5
119.5
120.5
120.5
122.5
122.5
125.0
125.0
125.5
127.0
128.0
130.0
130.0
130.5
132.5
133.0
134.5
135.5
137.0
137.5
139.0
140.0
142.0
143.0
143.5
145.5
146.5
148.5
149.5
149.5
151.5
153.0
154.0
155.0
156.0
157.0
158.5
159.5
160.5
161.5
162.5
164.0
165.0
165.5
167.0
167.0
168.0
169.5
169.5
169.5
171.5
172.0
172.5
173.0
174.0
175.0
175.5
176.5
176.5
177.0
179.0
179.5
179.5
180.0
181.0
183.0
183.5
183.5
183.5
185.0
186.5
187.5
188.0
191.0
192.0
195.0
