0 1 0 98 100 1
1 0 0 98 100 1
4 1 0 96 100 1
5 0 0 96 100 1
8 1 0 93 100 1
9 0 0 93 100 1
9 1 1 81 80 2
11 0 1 81 80 2
11 1 1 79 80 2
12 1 0 100 100 1
13 0 1 79 80 2
13 0 0 100 100 1
13 1 1 76 80 2
15 0 1 76 80 2
15 1 2 64 60 4
16 1 0 96 100 1
17 0 0 96 100 1
19 0 2 64 60 4
19 1 2 64 60 4
20 1 0 93 100 1
21 0 0 93 100 1
21 1 1 81 80 2
23 0 2 64 60 4
23 0 1 81 80 2
23 1 1 79 80 2
23 1 2 64 60 4
24 1 0 100 100 1
25 0 1 79 80 2
25 0 0 100 100 1
25 1 1 76 80 2
27 0 2 64 60 4
27 0 1 76 80 2
27 1 3 55 40 2
27 1 2 64 60 4
28 1 0 98 100 1
29 0 3 55 40 2
29 0 0 98 100 1
29 1 3 55 40 2
31 0 2 64 60 4
31 0 3 55 40 2
31 1 3 52 40 2
31 1 2 64 60 4
32 1 0 93 100 1
33 0 3 52 40 2
33 0 0 93 100 1
33 1 1 81 80 2
33 1 4 45 20 8
35 0 2 64 60 4
35 0 1 81 80 2
35 1 1 79 80 2
35 1 2 64 60 4
36 1 0 98 100 1
37 0 1 79 80 2
37 0 0 98 100 1
37 1 1 76 80 2
39 0 2 64 60 4
39 0 1 76 80 2
39 1 3 55 40 2
39 1 2 64 60 4
40 1 0 96 100 1
41 0 4 45 20 8
41 0 3 55 40 2
41 0 0 96 100 1
41 1 3 55 40 2
41 1 4 43 20 8
43 0 2 64 60 4
43 0 3 55 40 2
43 1 3 52 40 2
43 1 2 64 60 4
44 1 0 96 100 1
45 0 3 52 40 2
45 0 0 96 100 1
45 1 1 79 80 2
45 1 4 45 20 8
47 0 2 64 60 4
47 0 1 79 80 2
47 1 1 79 80 2
47 1 2 64 60 4
48 1 0 96 100 1
49 0 4 43 20 8
49 0 1 79 80 2
49 0 0 96 100 1
49 1 1 79 80 2
49 1 4 43 20 4
51 0 2 64 60 4
51 0 1 79 80 2
51 1 3 55 40 2
51 1 2 64 60 4
52 1 0 96 100 1
53 0 4 45 20 8
53 0 4 43 20 4
53 0 3 55 40 2
53 0 0 96 100 1
53 1 3 55 40 2
53 1 4 43 20 8
55 0 2 64 60 4
55 0 3 55 40 2
55 1 3 52 40 2
55 1 2 64 60 4
56 1 0 96 100 1
57 0 3 52 40 2
57 0 0 96 100 1
57 1 1 79 80 2
57 1 4 45 20 8
59 0 2 64 60 4
59 0 1 79 80 2
59 1 1 79 80 2
59 1 2 64 60 4
60 1 0 98 100 1
61 0 4 43 20 8
61 0 1 79 80 2
61 0 0 98 100 1
61 1 1 79 80 2
61 1 4 43 20 4
63 0 2 64 60 4
63 0 1 79 80 2
63 1 3 55 40 2
63 1 2 64 60 4
64 1 0 98 100 1
65 0 4 45 20 8
65 0 4 43 20 4
65 0 3 55 40 2
65 0 0 98 100 1
65 1 3 55 40 2
65 1 4 43 20 8
67 0 2 64 60 4
67 0 3 55 40 2
67 1 3 52 40 2
67 1 2 64 60 4
68 1 0 96 100 1
69 0 3 52 40 2
69 0 0 96 100 1
69 1 1 79 80 2
69 1 4 45 20 8
71 0 2 64 60 4
71 0 1 79 80 2
71 1 1 79 80 2
71 1 2 64 60 4
72 1 0 96 100 1
73 0 4 43 20 8
73 0 1 79 80 2
73 0 0 96 100 1
73 1 1 79 80 2
73 1 4 43 20 4
75 0 2 64 60 4
75 0 1 79 80 2
75 1 3 55 40 2
75 1 2 64 60 4
76 1 0 98 100 1
77 0 4 45 20 8
77 0 4 43 20 4
77 0 3 55 40 2
77 0 0 98 100 1
77 1 3 55 40 2
77 1 4 43 20 8
79 0 2 64 60 4
79 0 3 55 40 2
79 1 3 52 40 2
79 1 2 64 60 4
80 1 0 93 100 1
81 0 3 52 40 2
81 0 0 93 100 1
81 1 1 76 80 2
81 1 4 45 20 8
83 0 2 64 60 4
83 0 1 76 80 2
83 1 1 79 80 2
83 1 2 64 60 4
84 1 0 93 100 1
85 0 4 43 20 8
85 0 1 79 80 2
85 0 0 93 100 1
85 1 1 76 80 2
85 1 4 43 20 4
87 0 2 64 60 4
87 0 1 76 80 2
87 1 3 55 40 2
87 1 2 64 60 4
88 1 0 98 100 1
89 0 4 45 20 8
89 0 4 43 20 4
89 0 3 55 40 2
89 0 0 98 100 1
89 1 3 55 40 2
89 1 4 43 20 8
91 0 2 64 60 4
91 0 3 55 40 2
91 1 3 52 40 2
91 1 2 64 60 4
92 1 0 93 100 1
93 0 3 52 40 2
93 0 0 93 100 1
93 1 1 76 80 2
93 1 4 45 20 8
95 0 2 64 60 4
95 0 1 76 80 2
95 1 1 79 80 2
95 1 2 64 60 4
96 1 0 93 100 1
97 0 4 43 20 8
97 0 1 79 80 2
97 0 0 93 100 1
97 1 1 76 80 2
97 1 4 43 20 4
99 0 2 64 60 4
99 0 1 76 80 2
99 1 3 55 40 2
99 1 2 64 60 4
100 1 0 98 100 1
101 0 4 45 20 8
101 0 4 43 20 4
101 0 3 55 40 2
101 0 0 98 100 1
101 1 3 55 40 2
101 1 4 43 20 8
103 0 2 64 60 4
103 0 3 55 40 2
103 1 3 52 40 2
103 1 2 64 60 4
104 1 0 93 100 1
105 0 3 52 40 2
105 0 0 93 100 1
105 1 1 76 80 2
105 1 4 45 20 8
107 0 2 64 60 4
107 0 1 76 80 2
107 1 1 79 80 2
107 1 2 64 60 4
108 1 0 91 100 1
109 0 4 43 20 8
109 0 1 79 80 2
109 0 0 91 100 1
109 1 1 76 80 2
109 1 4 43 20 4
111 0 2 64 60 4
111 0 1 76 80 2
111 1 3 55 40 2
111 1 2 64 60 4
112 1 0 93 100 1
113 0 4 45 20 8
113 0 4 43 20 4
113 0 3 55 40 2
113 0 0 93 100 1
113 1 3 55 40 2
113 1 4 43 20 8
115 0 2 64 60 4
115 0 3 55 40 2
115 1 3 52 40 2
115 1 2 64 60 4
116 1 0 93 100 1
117 0 3 52 40 2
117 0 0 93 100 1
117 1 1 74 80 2
117 1 4 45 20 8
119 0 2 64 60 4
119 0 1 74 80 2
119 1 1 76 80 2
119 1 2 64 60 4
120 1 0 91 100 1
121 0 4 43 20 8
121 0 1 76 80 2
121 0 0 91 100 1
121 1 1 76 80 2
121 1 4 43 20 4
123 0 2 64 60 4
123 0 1 76 80 2
123 1 3 55 40 2
123 1 2 62 60 4
124 1 0 93 100 1
125 0 4 45 20 8
125 0 4 43 20 4
125 0 3 55 40 2
125 0 0 93 100 1
125 1 3 55 40 2
125 1 4 43 20 8
127 0 2 62 60 4
127 0 3 55 40 2
127 1 3 52 40 2
127 1 2 64 60 4
128 1 0 93 100 1
129 0 3 52 40 2
129 0 0 93 100 1
129 1 1 74 80 2
129 1 4 45 20 8
131 0 2 64 60 4
131 0 1 74 80 2
131 1 1 76 80 2
131 1 2 62 60 4
132 1 0 88 100 1
133 0 4 43 20 8
133 0 1 76 80 2
133 0 0 88 100 1
133 1 1 76 80 2
133 1 4 43 20 4
135 0 2 62 60 4
135 0 1 76 80 2
135 1 3 55 40 2
135 1 2 62 60 4
136 1 0 93 100 1
137 0 4 45 20 8
137 0 4 43 20 4
137 0 3 55 40 2
137 0 0 93 100 1
137 1 3 55 40 2
137 1 4 43 20 8
139 0 2 62 60 4
139 0 3 55 40 2
139 1 3 52 40 2
139 1 2 64 60 4
140 1 0 93 100 1
141 0 3 52 40 2
141 0 0 93 100 1
141 1 1 74 80 2
141 1 4 45 20 8
143 0 2 64 60 4
143 0 1 74 80 2
143 1 1 76 80 2
143 1 2 62 60 4
144 1 0 88 100 1
145 0 4 43 20 8
145 0 1 76 80 2
145 0 0 88 100 1
145 1 1 76 80 2
145 1 4 43 20 4
147 0 2 62 60 4
147 0 1 76 80 2
147 1 3 55 40 2
147 1 2 62 60 4
148 1 0 96 100 1
149 0 4 45 20 8
149 0 4 43 20 4
149 0 3 55 40 2
149 0 0 96 100 1
149 1 3 55 40 2
149 1 4 43 20 8
151 0 2 62 60 4
151 0 3 55 40 2
151 1 3 52 40 2
151 1 2 64 60 4
152 1 0 91 100 1
153 0 3 52 40 2
153 0 0 91 100 1
153 1 1 74 80 2
153 1 4 45 20 8
155 0 2 64 60 4
155 0 1 74 80 2
155 1 1 79 80 2
155 1 2 62 60 4
156 1 0 91 100 1
157 0 4 43 20 8
157 0 1 79 80 2
157 0 0 91 100 1
157 1 1 74 80 2
157 1 4 43 20 4
159 0 2 62 60 4
159 0 1 74 80 2
159 1 3 55 40 2
159 1 2 62 60 4
160 1 0 96 100 1
161 0 4 45 20 8
161 0 4 43 20 4
161 0 3 55 40 2
161 0 0 96 100 1
161 1 3 55 40 2
161 1 4 43 20 8
163 0 2 62 60 4
163 0 3 55 40 2
163 1 3 52 40 2
163 1 2 64 60 4
164 1 0 91 100 1
165 0 3 52 40 2
165 0 0 91 100 1
165 1 1 74 80 2
165 1 4 45 20 8
167 0 2 64 60 4
167 0 1 74 80 2
167 1 1 79 80 2
167 1 2 62 60 4
168 1 0 91 100 1
169 0 4 43 20 8
169 0 1 79 80 2
169 0 0 91 100 1
169 1 1 74 80 2
169 1 4 43 20 4
171 0 2 62 60 4
171 0 1 74 80 2
171 1 3 55 40 2
171 1 2 62 60 4
172 1 0 96 100 1
173 0 4 45 20 8
173 0 4 43 20 4
173 0 3 55 40 2
173 0 0 96 100 1
173 1 3 55 40 2
173 1 4 43 20 8
175 0 2 62 60 4
175 0 3 55 40 2
175 1 3 52 40 2
175 1 2 64 60 4
176 1 0 91 100 1
177 0 3 52 40 2
177 0 0 91 100 1
177 1 1 74 80 2
177 1 4 45 20 8
179 0 2 64 60 4
179 0 1 74 80 2
179 1 1 79 80 2
179 1 2 62 60 4
180 1 0 91 100 1
181 0 4 43 20 8
181 0 1 79 80 2
181 0 0 91 100 1
181 1 1 74 80 2
181 1 4 43 20 4
183 0 2 62 60 4
183 0 1 74 80 2
183 1 3 55 40 2
183 1 2 62 60 4
184 1 0 96 100 1
185 0 4 45 20 8
185 0 4 43 20 4
185 0 3 55 40 2
185 0 0 96 100 1
185 1 3 55 40 2
185 1 4 43 20 8
187 0 2 62 60 4
187 0 3 55 40 2
187 1 3 52 40 2
187 1 2 64 60 4
188 1 0 96 100 1
189 0 3 52 40 2
189 0 0 96 100 1
189 1 1 74 80 2
189 1 4 45 20 8
191 0 2 64 60 4
191 0 1 74 80 2
191 1 1 79 80 2
191 1 2 62 60 4
192 1 0 91 100 1
193 0 4 43 20 8
193 0 1 79 80 2
193 0 0 91 100 1
193 1 1 76 80 2
193 1 4 43 20 4
195 0 2 62 60 4
195 0 1 76 80 2
195 1 3 55 40 2
195 1 2 62 60 4
196 1 0 96 100 1
197 0 4 45 20 8
197 0 4 43 20 4
197 0 3 55 40 2
197 0 0 96 100 1
197 1 3 55 40 2
197 1 4 43 20 8
199 0 2 62 60 4
199 0 3 55 40 2
199 1 3 52 40 2
199 1 2 64 60 4
200 1 0 96 100 1
201 0 3 52 40 2
201 0 0 96 100 1
201 1 1 74 80 2
201 1 4 45 20 8
203 0 2 64 60 4
203 0 1 74 80 2
203 1 1 79 80 2
203 1 2 62 60 4
204 1 0 88 100 1
205 0 4 43 20 8
205 0 1 79 80 2
205 0 0 88 100 1
205 1 1 76 80 2
205 1 4 43 20 4
207 0 2 62 60 4
207 0 1 76 80 2
207 1 3 55 40 2
207 1 2 62 60 4
208 1 0 96 100 1
209 0 4 45 20 8
209 0 4 43 20 4
209 0 3 55 40 2
209 0 0 96 100 1
209 1 3 55 40 2
209 1 4 43 20 8
211 0 2 62 60 4
211 0 3 55 40 2
211 1 3 52 40 2
211 1 2 64 60 4
212 1 0 93 100 1
213 0 3 52 40 2
213 0 0 93 100 1
213 1 1 74 80 2
213 1 4 45 20 8
215 0 2 64 60 4
215 0 1 74 80 2
215 1 1 79 80 2
215 1 2 62 60 4
216 1 0 93 100 1
217 0 4 43 20 8
217 0 1 79 80 2
217 0 0 93 100 1
217 1 1 76 80 2
217 1 4 43 20 4
219 0 2 62 60 4
219 0 1 76 80 2
219 1 3 55 40 2
219 1 2 62 60 4
220 1 0 93 100 1
221 0 4 45 20 8
221 0 4 43 20 4
221 0 3 55 40 2
221 0 0 93 100 1
221 1 3 55 40 2
221 1 4 43 20 8
223 0 2 62 60 4
223 0 3 55 40 2
223 1 3 52 40 2
223 1 2 64 60 4
224 1 0 91 100 1
225 0 3 52 40 2
225 0 0 91 100 1
225 1 1 76 80 2
225 1 4 45 20 8
227 0 2 64 60 4
227 0 1 76 80 2
227 1 1 76 80 2
227 1 2 62 60 4
228 1 0 93 100 1
229 0 4 43 20 8
229 0 1 76 80 2
229 0 0 93 100 1
229 1 1 74 80 2
229 1 4 43 20 4
231 0 2 62 60 4
231 0 1 74 80 2
231 1 3 55 40 2
231 1 2 64 60 4
232 1 0 93 100 1
233 0 4 45 20 8
233 0 4 43 20 4
233 0 3 55 40 2
233 0 0 93 100 1
233 1 3 55 40 2
233 1 4 43 20 8
235 0 2 64 60 4
235 0 3 55 40 2
235 1 3 52 40 2
235 1 2 64 60 4
236 1 0 91 100 1
237 0 3 52 40 2
237 0 0 91 100 1
237 1 1 76 80 2
237 1 4 45 20 8
239 0 2 64 60 4
239 0 1 76 80 2
239 1 1 76 80 2
239 1 2 62 60 4
240 1 0 93 100 1
241 0 4 43 20 8
241 0 1 76 80 2
241 0 0 93 100 1
241 1 1 74 80 2
241 1 4 43 20 4
243 0 2 62 60 4
243 0 1 74 80 2
243 1 3 55 40 2
243 1 2 64 60 4
244 1 0 93 100 1
245 0 4 45 20 8
245 0 4 43 20 4
245 0 3 55 40 2
245 0 0 93 100 1
245 1 3 55 40 2
245 1 4 43 20 8
247 0 2 64 60 4
247 0 3 55 40 2
247 1 3 52 40 2
247 1 2 64 60 4
248 1 0 88 100 1
249 0 3 52 40 2
249 0 0 88 100 1
249 1 1 76 80 2
249 1 4 45 20 8
251 0 2 64 60 4
251 0 1 76 80 2
251 1 1 76 80 2
251 1 2 62 60 4
252 1 0 98 100 1
253 0 4 43 20 8
253 0 1 76 80 2
253 0 0 98 100 1
253 1 1 74 80 2
253 1 4 43 20 4
255 0 2 62 60 4
255 0 1 74 80 2
255 1 3 55 40 2
255 1 2 64 60 4
256 1 0 93 100 1
257 0 4 45 20 8
257 0 4 43 20 4
257 0 3 55 40 2
257 0 0 93 100 1
257 1 3 55 40 2
257 1 4 43 20 8
259 0 2 64 60 4
259 0 3 55 40 2
259 1 3 52 40 2
259 1 2 64 60 4
260 1 0 93 100 1
261 0 3 52 40 2
261 0 0 93 100 1
261 1 1 81 80 2
261 1 4 45 20 8
263 0 2 64 60 4
263 0 1 81 80 2
263 1 1 76 80 2
263 1 2 62 60 4
264 1 0 100 100 1
265 0 4 43 20 8
265 0 1 76 80 2
265 0 0 100 100 1
265 1 1 74 80 2
265 1 4 43 20 4
267 0 2 62 60 4
267 0 1 74 80 2
267 1 3 55 40 2
267 1 2 64 60 4
268 1 0 96 100 1
269 0 4 45 20 8
269 0 4 43 20 4
269 0 3 55 40 2
269 0 0 96 100 1
269 1 3 55 40 2
269 1 4 43 20 8
271 0 2 64 60 4
271 0 3 55 40 2
271 1 3 52 40 2
271 1 2 64 60 4
272 1 0 93 100 1
273 0 3 52 40 2
273 0 0 93 100 1
273 1 1 81 80 2
273 1 4 45 20 8
275 0 2 64 60 4
275 0 1 81 80 2
275 1 1 76 80 2
275 1 2 62 60 4
276 1 0 98 100 1
277 0 4 43 20 8
277 0 1 76 80 2
277 0 0 98 100 1
277 1 1 74 80 2
277 1 4 43 20 4
279 0 2 62 60 4
279 0 1 74 80 2
279 1 3 55 40 2
279 1 2 64 60 4
280 1 0 96 100 1
281 0 4 45 20 8
281 0 4 43 20 4
281 0 3 55 40 2
281 0 0 96 100 1
281 1 3 55 40 2
281 1 4 43 20 8
283 0 2 64 60 4
283 0 3 55 40 2
283 1 3 52 40 2
283 1 2 64 60 4
284 1 0 91 100 1
285 0 3 52 40 2
285 0 0 91 100 1
285 1 1 81 80 2
285 1 4 45 20 8
287 0 2 64 60 4
287 0 1 81 80 2
287 1 1 76 80 2
287 1 2 62 60 4
288 1 0 96 100 1
289 0 4 43 20 8
289 0 1 76 80 2
289 0 0 96 100 1
289 1 1 74 80 2
289 1 4 43 20 4
291 0 2 62 60 4
291 0 1 74 80 2
291 1 3 55 40 2
291 1 2 64 60 4
292 1 0 96 100 1
293 0 4 45 20 8
293 0 4 43 20 4
293 0 3 55 40 2
293 0 0 96 100 1
293 1 3 55 40 2
293 1 4 43 20 8
295 0 2 64 60 4
295 0 3 55 40 2
295 1 3 52 40 2
295 1 2 64 60 4
296 1 0 88 100 1
297 0 3 52 40 2
297 0 0 88 100 1
297 1 1 76 80 2
297 1 4 45 20 8
299 0 2 64 60 4
299 0 1 76 80 2
299 1 1 79 80 2
299 1 2 62 60 4
300 1 0 96 100 1
301 0 4 43 20 8
301 0 1 79 80 2
301 0 0 96 100 1
301 1 1 74 80 2
301 1 4 43 20 4
303 0 2 62 60 4
303 0 1 74 80 2
303 1 3 55 40 2
303 1 2 64 60 4
304 1 0 96 100 1
305 0 4 45 20 8
305 0 4 43 20 4
305 0 3 55 40 2
305 0 0 96 100 1
305 1 3 55 40 2
305 1 4 43 20 8
307 0 2 64 60 4
307 0 3 55 40 2
307 1 3 52 40 2
307 1 2 64 60 4
308 1 0 91 100 1
309 0 3 52 40 2
309 0 0 91 100 1
309 1 1 76 80 2
309 1 4 45 20 8
311 0 2 64 60 4
311 0 1 76 80 2
311 1 1 79 80 2
311 1 2 62 60 4
312 1 0 93 100 1
313 0 4 43 20 8
313 0 1 79 80 2
313 0 0 93 100 1
313 1 1 74 80 2
313 1 4 43 20 4
315 0 2 62 60 4
315 0 1 74 80 2
315 1 3 55 40 2
315 1 2 64 60 4
316 1 0 96 100 1
317 0 4 45 20 8
317 0 4 43 20 4
317 0 3 55 40 2
317 0 0 96 100 1
317 1 3 55 40 2
317 1 4 43 20 8
319 0 2 64 60 4
319 0 3 55 40 2
319 1 3 52 40 2
319 1 2 64 60 4
320 1 0 91 100 1
321 0 3 52 40 2
321 0 0 91 100 1
321 1 1 76 80 2
321 1 4 45 20 8
323 0 2 64 60 4
323 0 1 76 80 2
323 1 1 79 80 2
323 1 2 62 60 4
324 1 0 96 100 1
325 0 4 43 20 8
325 0 1 79 80 2
325 0 0 96 100 1
325 1 1 74 80 2
325 1 4 43 20 4
327 0 2 62 60 4
327 0 1 74 80 2
327 1 3 55 40 2
327 1 2 64 60 4
328 1 0 93 100 1
329 0 4 45 20 8
329 0 4 43 20 4
329 0 3 55 40 2
329 0 0 93 100 1
329 1 3 55 40 2
329 1 4 43 20 8
331 0 2 64 60 4
331 0 3 55 40 2
331 1 3 52 40 2
331 1 2 64 60 4
332 1 0 91 100 1
333 0 3 52 40 2
333 0 0 91 100 1
333 1 1 79 80 2
333 1 4 45 20 8
335 0 2 64 60 4
335 0 1 79 80 2
335 1 1 76 80 2
335 1 2 62 60 4
336 1 0 96 100 1
337 0 4 43 20 8
337 0 1 76 80 2
337 0 0 96 100 1
337 1 1 74 80 2
337 1 4 43 20 4
339 0 2 62 60 4
339 0 1 74 80 2
339 1 3 55 40 2
339 1 2 64 60 4
340 1 0 93 100 1
341 0 4 45 20 8
341 0 4 43 20 4
341 0 3 55 40 2
341 0 0 93 100 1
341 1 3 55 40 2
341 1 4 43 20 8
343 0 2 64 60 4
343 0 3 55 40 2
343 1 3 52 40 2
343 1 2 62 60 4
344 1 0 91 100 1
345 0 3 52 40 2
345 0 0 91 100 1
345 1 1 79 80 2
345 1 4 45 20 8
347 0 2 62 60 4
347 0 1 79 80 2
347 1 1 76 80 2
347 1 2 62 60 4
348 1 0 98 100 1
349 0 4 43 20 8
349 0 1 76 80 2
349 0 0 98 100 1
349 1 1 74 80 2
349 1 4 43 20 4
351 0 2 62 60 4
351 0 1 74 80 2
351 1 3 55 40 2
351 1 2 64 60 4
352 1 0 93 100 1
353 0 4 45 20 8
353 0 4 43 20 4
353 0 3 55 40 2
353 0 0 93 100 1
353 1 3 52 40 2
353 1 4 43 20 8
355 0 2 64 60 4
355 0 3 52 40 2
355 1 3 52 40 2
355 1 2 62 60 4
356 1 0 91 100 1
357 0 3 52 40 2
357 0 0 91 100 1
357 1 1 79 80 2
357 1 4 45 20 8
359 0 2 62 60 4
359 0 1 79 80 2
359 1 1 76 80 2
359 1 2 62 60 4
360 1 0 93 100 1
361 0 4 43 20 8
361 0 1 76 80 2
361 0 0 93 100 1
361 1 1 74 80 2
361 1 4 43 20 4
363 0 2 62 60 4
363 0 1 74 80 2
363 1 3 55 40 2
363 1 2 64 60 4
364 1 0 91 100 1
365 0 4 45 20 8
365 0 4 43 20 4
365 0 3 55 40 2
365 0 0 91 100 1
365 1 3 52 40 2
365 1 4 43 20 8
367 0 2 64 60 4
367 0 3 52 40 2
367 1 3 52 40 2
367 1 2 62 60 4
368 1 0 88 100 1
369 0 3 52 40 2
369 0 0 88 100 1
369 1 1 76 80 2
369 1 4 45 20 8
371 0 2 62 60 4
371 0 1 76 80 2
371 1 1 74 80 2
371 1 2 62 60 4
372 1 0 93 100 1
373 0 4 43 20 8
373 0 1 74 80 2
373 0 0 93 100 1
373 1 1 74 80 2
373 1 4 43 20 4
375 0 2 62 60 4
375 0 1 74 80 2
375 1 3 55 40 2
375 1 2 64 60 4
376 1 0 91 100 1
377 0 4 45 20 8
377 0 4 43 20 4
377 0 3 55 40 2
377 0 0 91 100 1
377 1 3 52 40 2
377 1 4 43 20 8
379 0 2 64 60 4
379 0 3 52 40 2
379 1 3 52 40 2
379 1 2 62 60 4
380 1 0 91 100 1
381 0 3 52 40 2
381 0 0 91 100 1
381 1 1 76 80 2
381 1 4 45 20 8
383 0 2 62 60 4
383 0 1 76 80 2
383 1 1 74 80 2
383 1 2 62 60 4
384 1 0 96 100 1
385 0 4 43 20 8
385 0 1 74 80 2
385 0 0 96 100 1
385 1 1 74 80 2
385 1 4 43 20 4
387 0 2 62 60 4
387 0 1 74 80 2
387 1 3 55 40 2
387 1 2 64 60 4
388 1 0 91 100 1
389 0 4 45 20 8
389 0 4 43 20 4
389 0 3 55 40 2
389 0 0 91 100 1
389 1 3 52 40 2
389 1 4 43 20 8
391 0 2 64 60 4
391 0 3 52 40 2
391 1 3 52 40 2
391 1 2 62 60 4
392 1 0 91 100 1
393 0 3 52 40 2
393 0 0 91 100 1
393 1 1 76 80 2
393 1 4 45 20 8
395 0 2 62 60 4
395 0 1 76 80 2
395 1 1 74 80 2
395 1 2 62 60 4
396 1 0 93 100 1
397 0 4 43 20 8
397 0 1 74 80 2
397 0 0 93 100 1
397 1 1 74 80 2
397 1 4 43 20 4
399 0 2 62 60 4
399 0 1 74 80 2
399 1 3 55 40 2
399 1 2 64 60 4
400 1 0 93 100 1
401 0 4 45 20 8
401 0 4 43 20 4
401 0 3 55 40 2
401 0 0 93 100 1
401 1 3 52 40 2
401 1 4 43 20 8
403 0 2 64 60 4
403 0 3 52 40 2
403 1 3 52 40 2
403 1 2 62 60 4
404 1 0 93 100 1
405 0 3 52 40 2
405 0 0 93 100 1
405 1 1 74 80 2
405 1 4 45 20 8
407 0 2 62 60 4
407 0 1 74 80 2
407 1 1 76 80 2
407 1 2 62 60 4
408 1 0 91 100 1
409 0 4 43 20 8
409 0 1 76 80 2
409 0 0 91 100 1
409 1 1 74 80 2
409 1 4 43 20 4
411 0 2 62 60 4
411 0 1 74 80 2
411 1 3 55 40 2
411 1 2 64 60 4
412 1 0 93 100 1
413 0 4 45 20 8
413 0 4 43 20 4
413 0 3 55 40 2
413 0 0 93 100 1
413 1 3 52 40 2
413 1 4 43 20 8
415 0 2 64 60 4
415 0 3 52 40 2
415 1 3 52 40 2
415 1 2 62 60 4
416 1 0 93 100 1
417 0 3 52 40 2
417 0 0 93 100 1
417 1 1 74 80 2
417 1 4 45 20 8
419 0 2 62 60 4
419 0 1 74 80 2
419 1 1 76 80 2
419 1 2 62 60 4
420 1 0 91 100 1
421 0 4 43 20 8
421 0 1 76 80 2
421 0 0 91 100 1
421 1 1 74 80 2
421 1 4 43 20 4
423 0 2 62 60 4
423 0 1 74 80 2
423 1 3 55 40 2
423 1 2 64 60 4
424 1 0 93 100 1
425 0 4 45 20 8
425 0 4 43 20 4
425 0 3 55 40 2
425 0 0 93 100 1
425 1 3 52 40 2
425 1 4 43 20 8
427 0 2 64 60 4
427 0 3 52 40 2
427 1 3 52 40 2
427 1 2 62 60 4
428 1 0 91 100 1
429 0 3 52 40 2
429 0 0 91 100 1
429 1 1 74 80 2
429 1 4 45 20 8
431 0 2 62 60 4
431 0 1 74 80 2
431 1 1 76 80 2
431 1 2 62 60 4
432 1 0 93 100 1
433 0 4 43 20 8
433 0 1 76 80 2
433 0 0 93 100 1
433 1 1 74 80 2
433 1 4 43 20 4
435 0 2 62 60 4
435 0 1 74 80 2
435 1 3 55 40 2
435 1 2 64 60 4
436 1 0 91 100 1
437 0 4 45 20 8
437 0 4 43 20 4
437 0 3 55 40 2
437 0 0 91 100 1
437 1 3 52 40 2
437 1 4 43 20 8
439 0 2 64 60 4
439 0 3 52 40 2
439 1 3 52 40 2
439 1 2 62 60 4
440 1 0 93 100 1
441 0 3 52 40 2
441 0 0 93 100 1
441 1 1 76 80 2
441 1 4 45 20 8
443 0 2 62 60 4
443 0 1 76 80 2
443 1 1 74 80 2
443 1 2 62 60 4
444 1 0 91 100 1
445 0 4 43 20 8
445 0 1 74 80 2
445 0 0 91 100 1
445 1 1 76 80 2
445 1 4 43 20 4
447 0 2 62 60 4
447 0 1 76 80 2
447 1 3 55 40 2
447 1 2 64 60 4
448 1 0 91 100 1
449 0 4 45 20 8
449 0 4 43 20 4
449 0 3 55 40 2
449 0 0 91 100 1
449 1 3 52 40 2
449 1 4 43 20 8
451 0 2 64 60 4
451 0 3 52 40 2
451 1 3 52 40 2
451 1 2 62 60 4
452 1 0 93 100 1
453 0 3 52 40 2
453 0 0 93 100 1
453 1 1 76 80 2
453 1 4 45 20 8
455 0 2 62 60 4
455 0 1 76 80 2
455 1 1 74 80 2
455 1 2 64 60 4
456 1 0 91 100 1
457 0 4 43 20 8
457 0 1 74 80 2
457 0 0 91 100 1
457 1 1 76 80 2
457 1 4 43 20 4
459 0 2 64 60 4
459 0 1 76 80 2
459 1 3 55 40 2
459 1 2 64 60 4
460 1 0 91 100 1
461 0 4 45 20 8
461 0 4 43 20 4
461 0 3 55 40 2
461 0 0 91 100 1
461 1 3 52 40 2
461 1 4 43 20 8
463 0 2 64 60 4
463 0 3 52 40 2
463 1 3 52 40 2
463 1 2 62 60 4
464 1 0 93 100 1
465 0 3 52 40 2
465 0 0 93 100 1
465 1 1 76 80 2
465 1 4 45 20 8
467 0 2 62 60 4
467 0 1 76 80 2
467 1 1 74 80 2
467 1 2 64 60 4
468 1 0 91 100 1
469 0 4 43 20 8
469 0 1 74 80 2
469 0 0 91 100 1
469 1 1 76 80 2
469 1 4 43 20 4
471 0 2 64 60 4
471 0 1 76 80 2
471 1 3 55 40 2
471 1 2 64 60 4
472 1 0 93 100 1
473 0 4 45 20 8
473 0 4 43 20 4
473 0 3 55 40 2
473 0 0 93 100 1
473 1 3 52 40 2
473 1 4 43 20 8
475 0 2 64 60 4
475 0 3 52 40 2
475 1 3 52 40 2
475 1 2 62 60 4
476 1 0 96 100 1
477 0 3 52 40 2
477 0 0 96 100 1
477 1 1 76 80 2
477 1 4 45 20 8
479 0 2 62 60 4
479 0 1 76 80 2
479 1 1 76 80 2
479 1 2 64 60 4
480 1 0 91 100 1
481 0 4 43 20 8
481 0 1 76 80 2
481 0 0 91 100 1
481 1 1 79 80 2
481 1 4 43 20 4
483 0 2 64 60 4
483 0 1 79 80 2
483 1 3 55 40 2
483 1 2 64 60 4
484 1 0 93 100 1
485 0 4 45 20 8
485 0 4 43 20 4
485 0 3 55 40 2
485 0 0 93 100 1
485 1 3 52 40 2
485 1 4 43 20 8
487 0 2 64 60 4
487 0 3 52 40 2
487 1 3 52 40 2
487 1 2 62 60 4
488 1 0 93 100 1
489 0 3 52 40 2
489 0 0 93 100 1
489 1 1 76 80 2
489 1 4 45 20 8
491 0 2 62 60 4
491 0 1 76 80 2
491 1 1 76 80 2
491 1 2 64 60 4
492 1 0 93 100 1
493 0 4 43 20 8
493 0 1 76 80 2
493 0 0 93 100 1
493 1 1 79 80 2
493 1 4 43 20 4
495 0 2 64 60 4
495 0 1 79 80 2
495 1 3 55 40 2
495 1 2 64 60 4
496 1 0 93 100 1
497 0 4 45 20 8
497 0 4 43 20 4
497 0 3 55 40 2
497 0 0 93 100 1
497 1 3 52 40 2
497 1 4 43 20 8
499 0 2 64 60 4
499 0 3 52 40 2
499 1 3 52 40 2
499 1 2 62 60 4
500 1 0 96 100 1
501 0 3 52 40 2
501 0 0 96 100 1
501 1 1 76 80 2
501 1 4 45 20 8
503 0 2 62 60 4
503 0 1 76 80 2
503 1 1 76 80 2
503 1 2 64 60 4
504 1 0 93 100 1
505 0 4 43 20 8
505 0 1 76 80 2
505 0 0 93 100 1
505 1 1 79 80 2
505 1 4 43 20 4
507 0 2 64 60 4
507 0 1 79 80 2
507 1 3 55 40 2
507 1 2 64 60 4
508 1 0 91 100 1
509 0 4 45 20 8
509 0 4 43 20 4
509 0 3 55 40 2
509 0 0 91 100 1
509 1 3 52 40 2
509 1 4 43 20 8
511 0 2 64 60 4
511 0 3 52 40 2
511 1 3 52 40 2
511 1 2 62 60 4
512 1 0 98 100 1
513 0 3 52 40 2
513 0 0 98 100 1
513 1 1 79 80 2
513 1 4 45 20 8
515 0 2 62 60 4
515 0 1 79 80 2
515 1 1 74 80 2
515 1 2 64 60 4
516 1 0 96 100 1
517 0 4 43 20 8
517 0 1 74 80 2
517 0 0 96 100 1
517 1 1 79 80 2
517 1 4 43 20 4
519 0 2 64 60 4
519 0 1 79 80 2
519 1 3 55 40 2
519 1 2 64 60 4
520 1 0 91 100 1
521 0 4 45 20 8
521 0 4 43 20 4
521 0 3 55 40 2
521 0 0 91 100 1
521 1 3 52 40 2
521 1 4 43 20 8
523 0 2 64 60 4
523 0 3 52 40 2
523 1 3 52 40 2
523 1 2 62 60 4
524 1 0 98 100 1
525 0 3 52 40 2
525 0 0 98 100 1
525 1 1 79 80 2
525 1 4 45 20 8
527 0 2 62 60 4
527 0 1 79 80 2
527 1 1 74 80 2
527 1 2 64 60 4
528 1 0 96 100 1
529 0 4 43 20 8
529 0 1 74 80 2
529 0 0 96 100 1
529 1 1 79 80 2
529 1 4 43 20 4
531 0 2 64 60 4
531 0 1 79 80 2
531 1 3 55 40 2
531 1 2 64 60 4
532 1 0 91 100 1
533 0 4 45 20 8
533 0 4 43 20 4
533 0 3 55 40 2
533 0 0 91 100 1
533 1 3 52 40 2
533 1 4 43 20 8
535 0 2 64 60 4
535 0 3 52 40 2
535 1 3 52 40 2
535 1 2 62 60 4
536 1 0 98 100 1
537 0 3 52 40 2
537 0 0 98 100 1
537 1 1 79 80 2
537 1 4 45 20 8
539 0 2 62 60 4
539 0 1 79 80 2
539 1 1 74 80 2
539 1 2 64 60 4
540 1 0 100 100 1
541 0 4 43 20 8
541 0 1 74 80 2
541 0 0 100 100 1
541 1 1 79 80 2
541 1 4 43 20 4
543 0 2 64 60 4
543 0 1 79 80 2
543 1 3 55 40 2
543 1 2 64 60 4
544 1 0 91 100 1
545 0 4 45 20 8
545 0 4 43 20 4
545 0 3 55 40 2
545 0 0 91 100 1
545 1 3 52 40 2
545 1 4 43 20 8
547 0 2 64 60 4
547 0 3 52 40 2
547 1 3 52 40 2
547 1 2 62 60 4
548 1 0 96 100 1
549 0 3 52 40 2
549 0 0 96 100 1
549 1 1 81 80 2
549 1 4 45 20 8
551 0 2 62 60 4
551 0 1 81 80 2
551 1 1 74 80 2
551 1 2 64 60 4
552 1 0 103 100 1
553 0 4 43 20 8
553 0 1 74 80 2
553 0 0 103 100 1
553 1 1 79 80 2
553 1 4 43 20 4
555 0 2 64 60 4
555 0 1 79 80 2
555 1 3 55 40 2
555 1 2 67 60 4
556 1 0 91 100 1
557 0 4 45 20 8
557 0 4 43 20 4
557 0 3 55 40 2
557 0 0 91 100 1
557 1 3 52 40 2
557 1 4 43 20 8
559 0 2 67 60 4
559 0 3 52 40 2
559 1 3 52 40 2
559 1 2 62 60 4
560 1 0 96 100 1
561 0 3 52 40 2
561 0 0 96 100 1
561 1 1 81 80 2
561 1 4 45 20 8
563 0 2 62 60 4
563 0 1 81 80 2
563 1 1 74 80 2
563 1 2 64 60 4
564 1 0 100 100 1
565 0 4 43 20 8
565 0 1 74 80 2
565 0 0 100 100 1
565 1 1 79 80 2
565 1 4 43 20 4
567 0 2 64 60 4
567 0 1 79 80 2
567 1 3 55 40 2
567 1 2 67 60 4
568 1 0 91 100 1
569 0 4 45 20 8
569 0 4 43 20 4
569 0 3 55 40 2
569 0 0 91 100 1
569 1 3 52 40 2
569 1 4 43 20 8
571 0 2 67 60 4
571 0 3 52 40 2
571 1 3 52 40 2
571 1 2 62 60 4
572 1 0 96 100 1
573 0 3 52 40 2
573 0 0 96 100 1
573 1 1 81 80 2
573 1 4 45 20 8
575 0 2 62 60 4
575 0 1 81 80 2
575 1 1 74 80 2
575 1 2 64 60 4
576 1 0 100 100 1
577 0 4 43 20 8
577 0 1 74 80 2
577 0 0 100 100 1
577 1 1 79 80 2
577 1 4 43 20 4
579 0 2 64 60 4
579 0 1 79 80 2
579 1 3 55 40 2
579 1 2 67 60 4
580 1 0 91 100 1
581 0 4 45 20 8
581 0 4 43 20 4
581 0 3 55 40 2
581 0 0 91 100 1
581 1 3 52 40 2
581 1 4 43 20 8
583 0 2 67 60 4
583 0 3 52 40 2
583 1 3 52 40 2
583 1 2 62 60 4
584 1 0 91 100 1
585 0 3 52 40 2
585 0 0 91 100 1
585 1 1 81 80 2
585 1 4 45 20 8
587 0 2 62 60 4
587 0 1 81 80 2
587 1 1 74 80 2
587 1 2 64 60 4
588 1 0 100 100 1
589 0 4 43 20 8
589 0 1 74 80 2
589 0 0 100 100 1
589 1 1 76 80 2
589 1 4 43 20 4
591 0 2 64 60 4
591 0 1 76 80 2
591 1 3 55 40 2
591 1 2 67 60 4
592 1 0 91 100 1
593 0 4 45 20 8
593 0 4 43 20 4
593 0 3 55 40 2
593 0 0 91 100 1
593 1 3 52 40 2
593 1 4 43 20 8
595 0 2 67 60 4
595 0 3 52 40 2
595 1 3 52 40 2
595 1 2 62 60 4
596 1 0 93 100 1
597 0 3 52 40 2
597 0 0 93 100 1
597 1 1 81 80 2
597 1 4 45 20 8
599 0 2 62 60 4
599 0 1 81 80 2
599 1 1 74 80 2
599 1 2 64 60 4
600 1 0 100 100 1
601 0 4 43 20 8
601 0 1 74 80 2
601 0 0 100 100 1
601 1 1 76 80 2
601 1 4 43 20 4
603 0 2 64 60 4
603 0 1 76 80 2
603 1 3 55 40 2
603 1 2 67 60 4
604 1 0 93 100 1
605 0 4 45 20 8
605 0 4 43 20 4
605 0 3 55 40 2
605 0 0 93 100 1
605 1 3 52 40 2
605 1 4 43 20 8
607 0 2 67 60 4
607 0 3 52 40 2
607 1 3 52 40 2
607 1 2 62 60 4
608 1 0 93 100 1
609 0 3 52 40 2
609 0 0 93 100 1
609 1 1 81 80 2
609 1 4 45 20 8
611 0 2 62 60 4
611 0 1 81 80 2
611 1 1 74 80 2
611 1 2 64 60 4
612 1 0 98 100 1
613 0 4 43 20 8
613 0 1 74 80 2
613 0 0 98 100 1
613 1 1 76 80 2
613 1 4 43 20 4
615 0 2 64 60 4
615 0 1 76 80 2
615 1 3 55 40 2
615 1 2 67 60 4
616 1 0 91 100 1
617 0 4 45 20 8
617 0 4 43 20 4
617 0 3 55 40 2
617 0 0 91 100 1
617 1 3 52 40 2
617 1 4 43 20 8
619 0 2 67 60 4
619 0 3 52 40 2
619 1 3 52 40 2
619 1 2 62 60 4
620 1 0 93 100 1
621 0 3 52 40 2
621 0 0 93 100 1
621 1 1 79 80 2
621 1 4 45 20 8
623 0 2 62 60 4
623 0 1 79 80 2
623 1 1 74 80 2
623 1 2 64 60 4
624 1 0 100 100 1
625 0 4 43 20 8
625 0 1 74 80 2
625 0 0 100 100 1
625 1 1 76 80 2
625 1 4 43 20 4
627 0 2 64 60 4
627 0 1 76 80 2
627 1 3 55 40 2
627 1 2 67 60 4
628 1 0 88 100 1
629 0 4 45 20 8
629 0 4 43 20 4
629 0 3 55 40 2
629 0 0 88 100 1
629 1 3 52 40 2
629 1 4 43 20 8
631 0 2 67 60 4
631 0 3 52 40 2
631 1 3 52 40 2
631 1 2 62 60 4
632 1 0 93 100 1
633 0 3 52 40 2
633 0 0 93 100 1
633 1 1 79 80 2
633 1 4 45 20 8
635 0 2 62 60 4
635 0 1 79 80 2
635 1 1 74 80 2
635 1 2 64 60 4
636 1 0 98 100 1
637 0 4 43 20 8
637 0 1 74 80 2
637 0 0 98 100 1
637 1 1 76 80 2
637 1 4 43 20 4
639 0 2 64 60 4
639 0 1 76 80 2
639 1 3 55 40 2
639 1 2 67 60 4
640 1 0 91 100 1
641 0 4 45 20 8
641 0 4 43 20 4
641 0 3 55 40 2
641 0 0 91 100 1
641 1 3 52 40 2
641 1 4 43 20 8
643 0 2 67 60 4
643 0 3 52 40 2
643 1 3 52 40 2
643 1 2 62 60 4
644 1 0 93 100 1
645 0 3 52 40 2
645 0 0 93 100 1
645 1 1 79 80 2
645 1 4 45 20 8
647 0 2 62 60 4
647 0 1 79 80 2
647 1 1 74 80 2
647 1 2 64 60 4
649 0 4 43 20 8
649 0 1 74 80 2
649 1 1 76 80 2
649 1 4 43 20 4
651 0 2 64 60 4
651 0 1 76 80 2
651 1 3 55 40 2
651 1 2 67 60 4
653 0 4 45 20 8
653 0 4 43 20 4
653 0 3 55 40 2
653 1 3 52 40 2
653 1 4 43 20 8
655 0 2 67 60 4
655 0 3 52 40 2
655 1 3 52 40 2
655 1 2 62 60 4
657 0 3 52 40 2
657 1 4 45 20 8
659 0 2 62 60 4
659 1 2 64 60 4
661 0 4 43 20 8
661 1 4 43 20 4
663 0 2 64 60 4
663 1 3 55 40 2
665 0 4 45 20 8
665 0 4 43 20 4
665 0 3 55 40 2
665 1 3 52 40 2
665 1 4 43 20 8
667 0 3 52 40 2
667 1 3 52 40 2
669 0 3 52 40 2
669 1 4 45 20 8
673 0 4 43 20 8
673 1 4 43 20 4
677 0 4 45 20 8
677 0 4 43 20 4
677 1 4 43 20 8
685 0 4 43 20 8
685 1 4 43 20 8
693 0 4 43 20 8
