0 1 0 76 111.36732120338677 1
1 0 0 76 111.36732120338677 1
1 1 1 62 111.17456314177625 2
2.5 1 0 79 105.62313096739325 1
3 0 1 62 111.17456314177625 2
3 1 2 64 109.02723833543504 2.5
3.5 0 0 79 105.62313096739325 1
3.5 1 1 62 111.17456314177625 2
5.5 0 2 64 109.02723833543504 2.5
5.5 0 1 62 111.17456314177625 2
5.5 1 2 64 109.02723833543504 3.5
6.0 1 0 79 117.63195820572871 1
7.0 0 0 79 117.63195820572871 1
7 1 3 55 96.77168077823814 2
7.0 1 1 62 111.17456314177625 2
9.0 0 2 64 109.02723833543504 3.5
9 0 3 55 96.77168077823814 2
9.0 0 1 62 111.17456314177625 2
9.0 1 2 64 109.02723833543504 3.5
9 1 4 45 82.61360115294542 2.5
9.5 1 0 74 103.86903260673752 1
9.5 1 3 55 96.77168077823814 2
10.5 0 0 74 103.86903260673752 1
10.5 1 1 57 109.49756800576472 2
11.5 0 4 45 82.61360115294542 2.5
11.5 0 3 55 96.77168077823814 2
11.5 1 4 45 82.61360115294542 3.5
12.5 0 2 64 109.02723833543504 3.5
12.5 0 1 57 109.49756800576472 2
12.5 1 2 64 109.02723833543504 4
13.0 1 3 55 96.77168077823814 2
14.0 1 0 69 108.9000180147721 1
15.0 0 4 45 82.61360115294542 3.5
15.0 0 3 55 96.77168077823814 2
15.0 0 0 69 108.9000180147721 1
15.0 1 1 57 109.49756800576472 2
15.0 1 4 45 82.61360115294542 3.5
16.5 0 2 64 109.02723833543504 4
16.5 1 3 55 96.77168077823814 2
17.0 0 1 57 109.49756800576472 2
17.0 1 2 64 109.02723833543504 4
18.5 0 4 45 82.61360115294542 3.5
18.5 0 3 55 96.77168077823814 2
18.5 1 0 74 115.95496306971715 1
18.5 1 4 45 82.61360115294542 4.5
19.5 0 0 74 115.95496306971715 1
19.5 1 1 57 109.49756800576472 2
21.0 0 2 64 109.02723833543504 4
21.0 1 3 55 96.77168077823814 2
21.5 0 1 57 109.49756800576472 2
21.5 1 2 64 109.02723833543504 4
23.0 0 4 45 82.61360115294542 4.5
23.0 0 3 55 96.77168077823814 2
23.0 1 0 72 127.0 1
23.0 1 4 45 82.61360115294542 4.5
24.0 0 0 72 127.0 1
24.0 1 1 55 120.94546928481354 1.5
25.5 0 2 64 109.02723833543504 4
25.5 0 1 55 120.94546928481354 1.5
25.5 1 3 55 96.77168077823814 2
26.0 1 2 64 109.02723833543504 3.5
26.5 1 0 67 120.58115654836966 1
27.5 0 4 45 82.61360115294542 4.5
27.5 0 3 55 96.77168077823814 2
27.5 0 0 67 120.58115654836966 1
27.5 1 1 55 120.94546928481354 2
27.5 1 4 45 82.61360115294542 4.5
29.5 0 2 64 109.02723833543504 3.5
29.5 0 1 55 120.94546928481354 2
29.5 1 2 64 109.02723833543504 3.0
30.0 1 0 69 121.31363718248963 1
30.0 1 3 55 96.77168077823814 1.0
31.0 0 0 69 121.31363718248963 1
31.0 0 3 55 96.77168077823814 1.0
31.0 1 1 55 120.94546928481354 2
32.0 0 4 45 82.61360115294542 4.5
32.0 1 4 45 82.61360115294542 3.5
32.5 0 2 64 109.02723833543504 3.0
32.5 1 0 64 79.60079264997296 0.5
33.0 0 1 55 120.94546928481354 2
33.0 0 0 64 79.60079264997296 0.5
33.0 1 2 64 109.02723833543504 3.0
33.5 1 3 55 96.77168077823814 2
33.5 1 1 50 83.0511619528013 2
35.5 0 4 45 82.61360115294542 3.5
35.5 0 3 55 96.77168077823814 2
35.5 0 1 50 83.0511619528013 2
35.5 1 2 62 96.61747432894974 3.5
35.5 1 4 45 82.61360115294542 3.5
36.0 0 2 64 109.02723833543504 3.0
36.0 1 0 64 79.27310394523508 1
37.0 0 0 64 79.27310394523508 1
37.0 1 3 55 96.77168077823814 2
37.0 1 1 50 83.0511619528013 2
38.5 1 0 60 83.34029904521708 1
39.0 0 2 62 96.61747432894974 3.5
39.0 0 4 45 82.61360115294542 3.5
39.0 0 3 55 96.77168077823814 2
39.0 0 1 50 83.0511619528013 2
39.0 1 2 62 96.61747432894974 2.5
39.0 1 4 45 82.61360115294542 2.5
39.5 0 0 60 83.34029904521708 1
39.5 1 3 55 96.77168077823814 2
39.5 1 1 50 83.0511619528013 2
41.0 1 0 60 103.13655197261754 1
41.5 0 2 62 96.61747432894974 2.5
41.5 0 4 45 82.61360115294542 2.5
41.5 0 3 55 96.77168077823814 2
41.5 0 1 50 83.0511619528013 2
41.5 1 2 62 96.61747432894974 2.0
41.5 1 4 45 82.61360115294542 3.5
42.0 0 0 60 103.13655197261754 1
42.0 1 1 50 103.56061970816069 2
43.0 1 3 55 96.77168077823814 2
43.5 0 2 62 96.61747432894974 2.0
43.5 1 0 62 100.36083588542604 0.5
44.0 0 1 50 103.56061970816069 2
44.0 0 0 62 100.36083588542604 0.5
44.0 1 2 62 96.61747432894974 1.0
44.5 1 1 50 103.56061970816069 1.5
45.0 0 4 45 82.61360115294542 3.5
45.0 0 3 55 96.77168077823814 2
45.0 0 2 62 96.61747432894974 1.0
45.0 1 0 62 110.69266798774994 1
45.0 1 4 45 82.61360115294542 2.5
45.5 1 3 55 96.77168077823814 2
46.0 0 1 50 103.56061970816069 1.5
46.0 0 0 62 110.69266798774994 1
46.0 1 1 50 103.56061970816069 2
46.5 1 2 62 96.61747432894974 1.5
47.5 0 4 45 82.61360115294542 2.5
47.5 0 3 55 96.77168077823814 2
47.5 1 0 64 109.65177445505313 1
47.5 1 4 45 82.61360115294542 2.5
48.0 0 1 50 103.56061970816069 2
48.0 0 2 62 96.61747432894974 1.5
48.0 1 3 55 96.77168077823814 2
48.0 1 2 62 96.61747432894974 2.5
48.5 0 0 64 109.65177445505313 1
48.5 1 1 50 102.71248423707439 2
50.0 0 4 45 82.61360115294542 2.5
50.0 0 3 55 96.77168077823814 2
50.0 1 4 45 82.61360115294542 2.5
50.5 0 2 62 96.61747432894974 2.5
50.5 0 1 50 102.71248423707439 2
50.5 1 3 55 96.77168077823814 1.5
50.5 1 2 62 96.61747432894974 3.5
51.0 1 0 64 98.72239236173661 1
52.0 0 3 55 96.77168077823814 1.5
52.0 0 0 64 98.72239236173661 1
52.0 1 3 55 96.77168077823814 2
52.0 1 1 50 102.71248423707439 2
52.5 0 4 45 82.61360115294542 2.5
52.5 1 4 45 82.61360115294542 1.5
54.0 0 2 62 96.61747432894974 3.5
54.0 0 3 55 96.77168077823814 2
54.0 0 1 50 102.71248423707439 2
54.0 0 4 45 82.61360115294542 1.5
54.0 1 2 62 96.61747432894974 4
54.0 1 4 45 82.61360115294542 2.5
54.5 1 3 55 96.77168077823814 2
55.5 1 0 60 102.90524229868491 1
56.5 0 4 45 82.61360115294542 2.5
56.5 0 3 55 96.77168077823814 2
56.5 0 0 60 102.90524229868491 1
56.5 1 1 50 102.71248423707439 2
56.5 1 4 45 82.61360115294542 3.5
58.0 0 2 62 96.61747432894974 4
58.0 1 3 55 96.77168077823814 2
58.5 0 1 50 102.71248423707439 2
58.5 1 2 62 96.61747432894974 4
59.0 1 0 64 86.34732480634119 1
60.0 0 4 45 82.61360115294542 3.5
60.0 0 3 55 96.77168077823814 2
60.0 0 0 64 86.34732480634119 1
60.0 1 1 55 83.76436678076021 1.5
60.0 1 4 45 82.61360115294542 4.5
60.5 1 0 69 77.73103945235093 1
61.5 0 1 55 83.76436678076021 1.5
61.5 0 0 69 77.73103945235093 1
61.5 1 1 55 83.76436678076021 1.0
62.0 1 0 69 81.93316519546026 1
62.0 1 2 64 93.94392001441182 1.5
62.5 0 2 62 96.61747432894974 4
62.5 0 1 55 83.76436678076021 1.0
62.5 1 3 55 96.77168077823814 0.5
63.0 0 0 69 81.93316519546026 1
63.0 0 3 55 96.77168077823814 0.5
63.0 1 1 55 83.76436678076021 2
63.5 0 2 64 93.94392001441182 1.5
63.5 1 0 76 82.58854260493604 1
63.5 1 2 64 93.94392001441182 1.5
64.5 0 4 45 82.61360115294542 4.5
64.5 0 0 76 82.58854260493604 1
64.5 1 1 60 89.00738605656638 2
64.5 1 4 45 82.61360115294542 3.5
65.0 0 1 55 83.76436678076021 2
65.0 0 2 64 93.94392001441182 1.5
65.0 1 2 64 93.94392001441182 1.5
66.0 1 0 79 94.01909565843991 1
66.0 1 3 55 96.77168077823814 1.5
66.5 0 1 60 89.00738605656638 2
66.5 0 2 64 93.94392001441182 1.5
66.5 1 2 64 93.94392001441182 2.5
67.0 0 0 79 94.01909565843991 1
67.0 1 1 60 89.00738605656638 2
67.5 0 3 55 96.77168077823814 1.5
67.5 1 3 55 96.77168077823814 1.5
68.0 0 4 45 82.61360115294542 3.5
68.0 1 4 45 82.61360115294542 1.5
68.5 1 0 76 87.88938929922536 1
69.0 0 2 64 93.94392001441182 2.5
69.0 0 1 60 89.00738605656638 2
69.0 0 3 55 96.77168077823814 1.5
69.0 1 3 55 96.77168077823814 1.5
69.0 1 2 64 93.94392001441182 2.5
69.5 0 4 45 82.61360115294542 1.5
69.5 0 0 76 87.88938929922536 1
69.5 1 1 60 89.00738605656638 2
69.5 1 4 45 82.61360115294542 1.5
70.0 1 0 72 103.86903260673752 1
70.5 0 3 55 96.77168077823814 1.5
70.5 1 3 55 96.77168077823814 2
71.0 0 4 45 82.61360115294542 1.5
71.0 0 0 72 103.86903260673752 1
71.0 1 1 57 105.6424067735543 1.5
71.0 1 4 45 82.61360115294542 1.5
71.5 0 2 64 93.94392001441182 2.5
71.5 0 1 60 89.00738605656638 2
71.5 1 0 72 111.09745991713204 1
71.5 1 2 64 93.94392001441182 1.5
72.5 0 3 55 96.77168077823814 2
72.5 0 1 57 105.6424067735543 1.5
72.5 0 4 45 82.61360115294542 1.5
72.5 0 0 72 111.09745991713204 1
72.5 1 1 57 105.6424067735543 1.5
72.5 1 4 45 82.61360115294542 2.5
73.0 0 2 64 93.94392001441182 1.5
73.0 1 0 67 107.9362277067195 1
73.0 1 3 55 96.77168077823814 2
73.0 1 2 64 93.94392001441182 1.5
74.0 0 1 57 105.6424067735543 1.5
74.0 0 0 67 107.9362277067195 1
74.0 1 1 57 105.6424067735543 1.5
74.5 0 2 64 93.94392001441182 1.5
74.5 1 0 74 64.68131868131869 1
74.5 1 2 64 93.94392001441182 1.5
75.0 0 4 45 82.61360115294542 2.5
75.0 0 3 55 96.77168077823814 2
75.0 1 4 45 82.61360115294542 2.5
75.5 0 1 57 105.6424067735543 1.5
75.5 0 0 74 64.68131868131869 1
75.5 1 3 55 96.77168077823814 1.5
75.5 1 1 57 58.51306070978202 2
76.0 0 2 64 93.94392001441182 1.5
76.0 1 2 64 93.94392001441182 1.5
77.0 0 3 55 96.77168077823814 1.5
77.0 1 0 72 60.2093316519546 1
77.0 1 3 55 96.77168077823814 1.5
77.5 0 4 45 82.61360115294542 2.5
77.5 0 1 57 58.51306070978202 2
77.5 0 2 64 93.94392001441182 1.5
77.5 1 2 64 49.00816069176725 2.5
77.5 1 4 45 82.61360115294542 1.5
78.0 0 0 72 60.2093316519546 1
78.0 1 1 57 58.51306070978202 1.5
78.5 0 3 55 96.77168077823814 1.5
78.5 1 0 76 55.56386236714105 1
78.5 1 3 55 96.77168077823814 1.5
79.0 0 4 45 82.61360115294542 1.5
79.0 1 4 45 82.61360115294542 1.5
79.5 0 1 57 58.51306070978202 1.5
79.5 0 0 76 55.56386236714105 1
79.5 1 1 57 58.51306070978202 2
80.0 0 2 64 49.00816069176725 2.5
80.0 0 3 55 96.77168077823814 1.5
80.0 1 0 69 38.81318681318681 1
80.0 1 3 55 96.77168077823814 1.0
80.0 1 2 64 49.00816069176725 1.5
80.5 0 4 45 82.61360115294542 1.5
80.5 1 4 45 82.61360115294542 1.5
81.0 0 0 69 38.81318681318681 1
81.0 0 3 55 96.77168077823814 1.0
81.0 1 1 55 36.96270942172581 0.5
81.5 0 1 57 58.51306070978202 2
81.5 0 2 64 49.00816069176725 1.5
81.5 0 1 55 36.96270942172581 0.5
81.5 1 0 67 32.240136912268056 1
81.5 1 3 55 46.19774815348586 1.0
81.5 1 2 64 49.00816069176725 1.5
82.0 0 4 45 82.61360115294542 1.5
82.0 1 4 45 82.61360115294542 1.5
82.5 0 0 67 32.240136912268056 1
82.5 0 3 55 46.19774815348586 1.0
82.5 1 1 55 36.96270942172581 1.5
83.0 0 2 64 49.00816069176725 1.5
83.0 1 0 72 33.74364979283012 1
83.0 1 2 64 49.00816069176725 1.5
83.5 0 4 45 82.61360115294542 1.5
83.5 1 4 45 61.49695550351288 2.5
84.0 0 1 55 36.96270942172581 1.5
84.0 0 0 72 33.74364979283012 1
84.0 1 1 55 36.96270942172581 1.5
84.5 0 2 64 49.00816069176725 1.5
84.5 1 2 64 49.00816069176725 1.5
85.5 0 1 55 36.96270942172581 1.5
85.5 1 3 55 46.19774815348586 1.5
85.5 1 1 52 54.40731399747793 2
86.0 0 4 45 61.49695550351288 2.5
86.0 0 2 64 49.00816069176725 1.5
86.0 1 2 64 49.00816069176725 1.0
86.0 1 4 45 61.49695550351288 1.5
87.0 0 3 55 46.19774815348586 1.5
87.0 0 2 64 49.00816069176725 1.0
87.0 1 0 64 49.85822374346964 0.5
87.0 1 3 55 46.19774815348586 1.5
87.5 0 1 52 54.40731399747793 2
87.5 0 4 45 61.49695550351288 1.5
87.5 0 0 64 49.85822374346964 0.5
87.5 1 2 64 49.00816069176725 2.0
87.5 1 4 45 61.49695550351288 1.5
88.0 1 1 52 54.40731399747793 2
88.5 0 3 55 46.19774815348586 1.5
88.5 1 3 55 46.19774815348586 1.5
89.0 0 4 45 61.49695550351288 1.5
89.0 1 4 45 61.49695550351288 1.5
89.5 0 2 64 49.00816069176725 2.0
89.5 1 0 64 55.04341560079265 0.5
90.0 0 1 52 54.40731399747793 2
90.0 0 3 55 46.19774815348586 1.5
90.0 0 0 64 55.04341560079265 0.5
90.0 1 3 55 46.19774815348586 1.5
90.0 1 2 64 49.00816069176725 2.5
90.5 0 4 45 61.49695550351288 1.5
90.5 1 1 52 54.40731399747793 1.5
90.5 1 4 45 61.49695550351288 1.5
91.0 1 0 67 24.87677895874617 1
91.5 0 3 55 46.19774815348586 1.5
91.5 1 3 55 46.19774815348586 2
92.0 0 1 52 54.40731399747793 1.5
92.0 0 4 45 61.49695550351288 1.5
92.0 0 0 67 24.87677895874617 1
92.0 1 1 52 30.640245000900734 2
92.0 1 4 45 61.49695550351288 1.5
92.5 0 2 64 49.00816069176725 2.5
92.5 1 2 64 49.00816069176725 1.5
93.5 0 3 55 46.19774815348586 2
93.5 0 4 45 61.49695550351288 1.5
93.5 1 4 45 61.49695550351288 2.5
94.0 0 1 52 30.640245000900734 2
94.0 0 2 64 49.00816069176725 1.5
94.0 1 3 55 46.19774815348586 2
94.0 1 2 64 41.027976941091694 0.5
94.5 0 2 64 41.027976941091694 0.5
94.5 1 0 64 33.358133669609074 1
95.5 0 0 64 33.358133669609074 1
95.5 1 1 52 30.640245000900734 2
96.0 0 4 45 61.49695550351288 2.5
96.0 0 3 55 46.19774815348586 2
96.0 1 4 45 61.49695550351288 2.5
96.5 1 3 55 46.19774815348586 1.5
97.0 1 0 64 28.365699873896595 0.5
97.5 0 1 52 30.640245000900734 2
97.5 0 0 64 28.365699873896595 0.5
97.5 1 2 64 41.027976941091694 2.5
98.0 0 3 55 46.19774815348586 1.5
98.0 1 3 55 46.19774815348586 2
98.0 1 1 52 30.640245000900734 2
98.5 0 4 45 61.49695550351288 2.5
98.5 1 4 45 61.49695550351288 1.5
100.0 0 2 64 41.027976941091694 2.5
100.0 0 3 55 46.19774815348586 2
100.0 0 1 52 30.640245000900734 2
100.0 0 4 45 61.49695550351288 1.5
100.0 1 2 64 41.027976941091694 0.5
100.0 1 4 45 61.49695550351288 3.5
100.5 0 2 64 41.027976941091694 0.5
100.5 1 0 64 49.04863988470545 1
101.5 0 0 64 49.04863988470545 1
101.5 1 3 55 46.19774815348586 2
101.5 1 1 52 51.7665285534138 2
103.5 0 4 45 61.49695550351288 3.5
103.5 0 3 55 46.19774815348586 2
103.5 0 1 52 51.7665285534138 2
103.5 1 2 64 41.027976941091694 1.5
103.5 1 4 45 61.49695550351288 2.5
104.0 1 3 55 46.19774815348586 2
105.0 0 2 64 41.027976941091694 1.5
105.0 1 0 64 54.54224464060529 1
106.0 0 4 45 61.49695550351288 2.5
106.0 0 3 55 46.19774815348586 2
106.0 0 0 64 54.54224464060529 1
106.0 1 1 52 51.7665285534138 2
106.0 1 4 45 61.49695550351288 3.5
107.5 1 3 55 46.19774815348586 2
108.0 0 1 52 51.7665285534138 2
108.0 1 2 64 41.027976941091694 3.5
108.5 1 0 67 57.183030084669426 1
109.5 0 4 45 61.49695550351288 3.5
109.5 0 3 55 46.19774815348586 2
109.5 0 0 67 57.183030084669426 1
109.5 1 1 52 51.7665285534138 2
109.5 1 4 45 61.49695550351288 4.5
111.5 0 2 64 41.027976941091694 3.5
111.5 0 1 52 51.7665285534138 2
111.5 1 2 64 41.027976941091694 4
112.0 1 3 55 46.19774815348586 2
113.0 1 0 69 33.24247883264276 1
114.0 0 4 45 61.49695550351288 4.5
114.0 0 3 55 46.19774815348586 2
114.0 0 0 69 33.24247883264276 1
114.0 1 1 57 35.76760943974058 2
114.0 1 4 45 61.49695550351288 3.5
115.5 0 2 64 41.027976941091694 4
115.5 1 3 55 46.19774815348586 2
116.0 0 1 57 35.76760943974058 2
116.0 1 2 64 41.027976941091694 4
117.5 0 4 45 61.49695550351288 3.5
117.5 0 3 55 46.19774815348586 2
117.5 1 0 74 41.16483516483517 1
117.5 1 4 45 61.49695550351288 4.5
118.5 0 0 74 41.16483516483517 1
118.5 1 1 57 35.76760943974058 2
120.0 0 2 64 41.027976941091694 4
120.0 1 3 55 46.19774815348586 2
120.5 0 1 57 35.76760943974058 2
120.5 1 2 64 41.027976941091694 4
122.0 0 4 45 61.49695550351288 4.5
122.0 0 3 55 46.19774815348586 2
122.0 1 4 45 61.49695550351288 4.5
123.0 1 0 74 30.19690145919654 1
124.0 0 0 74 30.19690145919654 1
124.0 1 1 57 35.76760943974058 2
124.5 0 2 64 41.027976941091694 4
124.5 1 3 55 46.19774815348586 2
126.0 0 1 57 35.76760943974058 2
126.0 1 2 64 41.027976941091694 2.5
126.5 0 4 45 61.49695550351288 4.5
126.5 0 3 55 46.19774815348586 2
126.5 1 4 45 61.49695550351288 5.5
127.5 1 0 81 47.371644748693924 1
128.5 0 2 64 41.027976941091694 2.5
128.5 0 0 81 47.371644748693924 1
128.5 1 1 64 40.37452711223203 2
130.0 1 3 55 46.19774815348586 2
130.5 0 1 64 40.37452711223203 2
130.5 1 2 69 38.19828859664925 4
132.0 0 4 45 61.49695550351288 5.5
132.0 0 3 55 46.19774815348586 2
132.0 1 0 84 35.63267879661322 1
132.0 1 4 45 61.49695550351288 4.5
133.0 0 0 84 35.63267879661322 1
133.0 1 1 64 40.37452711223203 2
134.5 0 2 69 38.19828859664925 4
134.5 1 3 55 46.19774815348586 2
135.0 0 1 64 40.37452711223203 2
135.0 1 2 69 38.19828859664925 4
136.5 0 4 45 61.49695550351288 4.5
136.5 0 3 55 46.19774815348586 2
136.5 1 0 79 39.27580616105206 1
136.5 1 4 45 61.49695550351288 4.5
137.5 0 0 79 39.27580616105206 1
137.5 1 1 64 40.37452711223203 2
139.0 0 2 69 38.19828859664925 4
139.0 1 3 55 46.19774815348586 2
139.5 0 1 64 40.37452711223203 2
139.5 1 2 69 38.19828859664925 4
141.0 0 4 45 61.49695550351288 4.5
141.0 0 3 55 46.19774815348586 2
141.0 1 0 79 39.41073680417942 1
141.0 1 4 45 61.49695550351288 4.5
142.0 0 0 79 39.41073680417942 1
142.0 1 1 64 41.02990452170779 2
143.5 0 2 69 38.19828859664925 4
143.5 1 0 81 36.8856061970816 1
143.5 1 3 55 46.19774815348586 2
144.0 0 1 64 41.02990452170779 2
144.0 1 2 69 38.19828859664925 2.5
144.5 0 0 81 36.8856061970816 1
144.5 1 1 64 41.02990452170779 2
145.5 0 4 45 61.49695550351288 4.5
145.5 0 3 55 46.19774815348586 2
145.5 1 4 45 61.49695550351288 4.5
146.0 1 0 81 48.23905602594127 1
146.5 0 2 69 38.19828859664925 2.5
146.5 0 1 64 41.02990452170779 2
146.5 1 2 69 38.19828859664925 2.5
147.0 0 0 81 48.23905602594127 1
147.0 1 1 64 41.02990452170779 2
148.0 1 3 55 46.19774815348586 2
148.5 1 0 74 22.216717708520985 1
149.0 0 2 69 38.19828859664925 2.5
149.0 0 1 64 41.02990452170779 2
149.0 1 2 69 38.19828859664925 2.5
149.5 0 0 74 22.216717708520985 1
149.5 1 1 60 23.893712844532516 2
150.0 0 4 45 61.49695550351288 4.5
150.0 0 3 55 46.19774815348586 2
150.0 1 4 45 61.49695550351288 2.5
150.5 1 3 55 46.19774815348586 2
151.5 0 2 69 38.19828859664925 2.5
151.5 0 1 60 23.893712844532516 2
151.5 1 2 69 38.19828859664925 3.5
152.0 1 0 79 20.0 1
152.5 0 4 45 61.49695550351288 2.5
152.5 0 3 55 46.19774815348586 2
152.5 1 4 45 61.49695550351288 2.5
153.0 0 0 79 20.0 1
153.0 1 3 55 46.19774815348586 2
153.0 1 1 60 23.893712844532516 2
155.0 0 2 69 38.19828859664925 3.5
155.0 0 4 45 61.49695550351288 2.5
155.0 0 3 55 46.19774815348586 2
155.0 0 1 60 23.893712844532516 2
155.0 1 2 69 38.19828859664925 3.5
155.0 1 4 45 61.49695550351288 2.5
155.5 1 0 74 22.216717708520985 1
155.5 1 3 55 46.19774815348586 2
156.5 0 0 74 22.216717708520985 1
156.5 1 1 60 23.893712844532516 2
157.5 0 4 45 61.49695550351288 2.5
157.5 0 3 55 46.19774815348586 2
157.5 1 4 45 61.49695550351288 3.5
158.5 0 2 69 38.19828859664925 3.5
158.5 0 1 60 23.893712844532516 2
158.5 1 2 69 38.19828859664925 4
159.0 1 3 55 46.19774815348586 2
161.0 0 4 45 61.49695550351288 3.5
161.0 0 3 55 46.19774815348586 2
161.0 1 4 45 61.49695550351288 3.5
162.5 0 2 69 38.19828859664925 4
162.5 1 3 55 46.19774815348586 2
164.5 0 4 45 61.49695550351288 3.5
164.5 0 3 55 46.19774815348586 2
164.5 1 4 45 61.49695550351288 8
172.5 0 4 45 61.49695550351288 8
