0 1 0 76 111.36732120338677 1
1 0 0 76 111.36732120338677 1
1 1 1 62 111.17456314177625 2
2.9571479059904577 1 0 79 105.62313096739325 1
3 0 1 62 111.17456314177625 2
3 1 2 64 109.02723833543504 2.9571479059904577
3.9571479059904577 0 0 79 105.62313096739325 1
3.9571479059904577 1 1 62 111.17456314177625 2
5.957147905990458 0 2 64 109.02723833543504 2.9571479059904577
5.957147905990458 0 1 62 111.17456314177625 2
5.957147905990458 1 2 64 109.02723833543504 3.5793426400424098
6.5364905460328675 1 0 79 117.63195820572871 1
7 1 3 55 96.77168077823814 2
7.5364905460328675 0 0 79 117.63195820572871 1
7.5364905460328675 1 1 62 111.17456314177625 2
9 0 3 55 96.77168077823814 2
9 1 4 45 82.61360115294542 2.957147905990457
9.536490546032867 0 2 64 109.02723833543504 3.5793426400424098
9.536490546032867 0 1 62 111.17456314177625 2
9.536490546032867 1 2 64 109.02723833543504 3.5818165753666715
9.957147905990457 1 3 55 96.77168077823814 2
10.118307121399539 1 0 74 103.86903260673752 1
11.118307121399539 0 0 74 103.86903260673752 1
11.118307121399539 1 1 57 109.49756800576472 2
11.957147905990457 0 4 45 82.61360115294542 2.957147905990457
11.957147905990457 0 3 55 96.77168077823814 2
11.957147905990457 1 4 45 82.61360115294542 3.5793426400424107
13.118307121399539 0 2 64 109.02723833543504 3.5818165753666715
13.118307121399539 0 1 57 109.49756800576472 2
13.118307121399539 1 2 64 109.02723833543504 4
13.536490546032867 1 3 55 96.77168077823814 2
14.741031984449547 1 0 69 108.9000180147721 1
15.536490546032867 0 4 45 82.61360115294542 3.5793426400424107
15.536490546032867 0 3 55 96.77168077823814 2
15.536490546032867 1 4 45 82.61360115294542 3.5818165753666715
15.741031984449547 0 0 69 108.9000180147721 1
15.741031984449547 1 1 57 109.49756800576472 2
17.11830712139954 0 2 64 109.02723833543504 4
17.11830712139954 1 3 55 96.77168077823814 2
17.74103198444955 0 1 57 109.49756800576472 2
17.74103198444955 1 2 64 109.02723833543504 4
19.11830712139954 0 4 45 82.61360115294542 3.5818165753666715
19.11830712139954 0 3 55 96.77168077823814 2
19.11830712139954 1 4 45 82.61360115294542 4.62272486305001
19.29510514225128 1 0 74 115.95496306971715 1
20.29510514225128 0 0 74 115.95496306971715 1
20.29510514225128 1 1 57 109.49756800576472 2
21.74103198444955 0 2 64 109.02723833543504 4
21.74103198444955 1 3 55 96.77168077823814 2
22.29510514225128 0 1 57 109.49756800576472 2
22.29510514225128 1 2 64 109.02723833543504 4
23.74103198444955 0 4 45 82.61360115294542 4.62272486305001
23.74103198444955 0 3 55 96.77168077823814 2
23.74103198444955 1 4 45 82.61360115294542 4.5540731578017315
23.888142781410142 1 0 72 127.0 1
24.888142781410142 0 0 72 127.0 1
24.888142781410142 1 1 55 120.94546928481354 1.4069623608411383
26.29510514225128 0 2 64 109.02723833543504 4
26.29510514225128 0 1 55 120.94546928481354 1.4069623608411383
26.29510514225128 1 3 55 96.77168077823814 2
26.888142781410142 1 2 64 109.02723833543504 3.453790422336102
27.341933203746244 1 0 67 120.58115654836966 1
28.29510514225128 0 4 45 82.61360115294542 4.5540731578017315
28.29510514225128 0 3 55 96.77168077823814 2
28.29510514225128 1 4 45 82.61360115294542 4.593037639158858
28.341933203746244 0 0 67 120.58115654836966 1
28.341933203746244 1 1 55 120.94546928481354 2
30.341933203746244 0 2 64 109.02723833543504 3.453790422336102
30.341933203746244 0 1 55 120.94546928481354 2
30.341933203746244 1 2 64 109.02723833543504 3.174677504859517
30.699858632267183 1 0 69 121.31363718248963 1
30.888142781410142 1 3 55 96.77168077823814 0.8117158508570412
31.699858632267183 0 0 69 121.31363718248963 1
31.699858632267183 0 3 55 96.77168077823814 0.8117158508570412
31.699858632267183 1 1 55 120.94546928481354 2
32.88814278141014 0 4 45 82.61360115294542 4.593037639158858
32.88814278141014 1 4 45 82.61360115294542 3.4537904223361053
33.51661070860576 0 2 64 109.02723833543504 3.174677504859517
33.51661070860576 1 0 64 79.60079264997296 0.18324792366141907
33.69985863226718 0 1 55 120.94546928481354 2
33.69985863226718 0 0 64 79.60079264997296 0.18324792366141907
33.69985863226718 1 2 64 109.02723833543504 3.3738292984626312
34.341933203746244 1 3 55 96.77168077823814 2
34.51661070860576 1 1 50 83.0511619528013 2
36.341933203746244 0 4 45 82.61360115294542 3.4537904223361053
36.341933203746244 0 3 55 96.77168077823814 2
36.341933203746244 1 4 45 82.61360115294542 3.357925428520936
36.51661070860576 0 1 50 83.0511619528013 2
36.51661070860576 1 2 62 96.61747432894974 3.5570772221240503
37.07368793072981 0 2 64 109.02723833543504 3.3738292984626312
37.07368793072981 1 0 64 79.27310394523508 1
37.69985863226718 1 3 55 96.77168077823814 2
38.07368793072981 0 0 64 79.27310394523508 1
38.07368793072981 1 1 50 83.0511619528013 2
39.69985863226718 0 4 45 82.61360115294542 3.357925428520936
39.69985863226718 0 3 55 96.77168077823814 2
39.69985863226718 1 4 45 82.61360115294542 2.816752076338581
39.904665135182896 1 0 60 83.34029904521708 1
40.07368793072981 0 2 62 96.61747432894974 3.5570772221240503
40.07368793072981 0 1 50 83.0511619528013 2
40.07368793072981 1 2 62 96.61747432894974 2.8309772044530845
40.51661070860576 1 3 55 96.77168077823814 2
40.904665135182896 0 0 60 83.34029904521708 1
40.904665135182896 1 1 50 83.0511619528013 2
42.51661070860576 0 4 45 82.61360115294542 2.816752076338581
42.51661070860576 0 3 55 96.77168077823814 2
42.51661070860576 1 4 45 82.61360115294542 3.5570772221240503
42.904665135182896 0 2 62 96.61747432894974 2.8309772044530845
42.904665135182896 0 1 50 83.0511619528013 2
42.904665135182896 1 2 62 96.61747432894974 2.601342993461742
43.012104612122286 1 0 60 103.13655197261754 1
44.012104612122286 0 0 60 103.13655197261754 1
44.012104612122286 1 1 50 103.56061970816069 2
44.07368793072981 1 3 55 96.77168077823814 2
45.50600812864464 0 2 62 96.61747432894974 2.601342993461742
45.50600812864464 1 0 62 100.36083588542604 0.5060964834776485
46.012104612122286 0 1 50 103.56061970816069 2
46.012104612122286 0 0 62 100.36083588542604 0.5060964834776485
46.012104612122286 1 2 62 96.61747432894974 1.6086764446015138
46.07368793072981 0 4 45 82.61360115294542 3.5570772221240503
46.07368793072981 0 3 55 96.77168077823814 2
46.07368793072981 1 4 45 82.61360115294542 2.8309772044530845
46.50600812864464 1 1 50 103.56061970816069 2
46.904665135182896 1 3 55 96.77168077823814 2
47.6207810567238 0 2 62 96.61747432894974 1.6086764446015138
47.6207810567238 1 0 62 110.69266798774994 0.8852270719208377
48.50600812864464 0 1 50 103.56061970816069 2
48.50600812864464 0 0 62 110.69266798774994 0.8852270719208377
48.50600812864464 1 2 62 96.61747432894974 2.1147729280791623
48.6207810567238 1 1 50 103.56061970816069 2
48.904665135182896 0 4 45 82.61360115294542 2.8309772044530845
48.904665135182896 0 3 55 96.77168077823814 2
48.904665135182896 1 4 45 82.61360115294542 3.1074394769393905
50.012104612122286 1 3 55 96.77168077823814 2
50.12086941155681 1 0 64 109.65177445505313 1
50.6207810567238 0 2 62 96.61747432894974 2.1147729280791623
50.6207810567238 0 1 50 103.56061970816069 2
50.6207810567238 1 2 62 96.61747432894974 2.500088354833011
51.12086941155681 0 0 64 109.65177445505313 1
51.12086941155681 1 1 50 102.71248423707439 2
52.012104612122286 0 4 45 82.61360115294542 3.1074394769393905
52.012104612122286 0 3 55 96.77168077823814 2
52.012104612122286 1 4 45 82.61360115294542 2.4939035165223515
52.50600812864464 1 3 55 96.77168077823814 2
53.12086941155681 0 2 62 96.61747432894974 2.500088354833011
53.12086941155681 0 1 50 102.71248423707439 2
53.12086941155681 1 2 62 96.61747432894974 3.9386817458915004
54.05955115744831 1 0 64 98.72239236173661 1
54.50600812864464 0 4 45 82.61360115294542 2.4939035165223515
54.50600812864464 0 3 55 96.77168077823814 2
54.50600812864464 1 4 45 82.61360115294542 2.1147729280791623
54.6207810567238 1 3 55 96.77168077823814 2
55.05955115744831 0 0 64 98.72239236173661 1
55.05955115744831 1 1 50 102.71248423707439 2
56.6207810567238 0 4 45 82.61360115294542 2.1147729280791623
56.6207810567238 0 3 55 96.77168077823814 2
56.6207810567238 1 4 45 82.61360115294542 2.500088354833011
57.05955115744831 0 2 62 96.61747432894974 3.9386817458915004
57.05955115744831 0 1 50 102.71248423707439 2
57.05955115744831 1 2 62 96.61747432894974 4
57.12086941155681 1 3 55 96.77168077823814 2
58.31613359250751 1 0 60 102.90524229868491 1
59.12086941155681 0 4 45 82.61360115294542 2.500088354833011
59.12086941155681 0 3 55 96.77168077823814 2
59.12086941155681 1 4 45 82.61360115294542 3.9386817458915004
59.31613359250751 0 0 60 102.90524229868491 1
59.31613359250751 1 1 50 102.71248423707439 2
61.05955115744831 0 2 62 96.61747432894974 4
61.05955115744831 1 3 55 96.77168077823814 2
61.31613359250751 0 1 50 102.71248423707439 2
61.31613359250751 1 2 62 96.61747432894974 4
62.15585792542852 1 0 64 86.34732480634119 1
63.05955115744831 0 4 45 82.61360115294542 3.9386817458915004
63.05955115744831 0 3 55 96.77168077823814 2
63.05955115744831 1 4 45 82.61360115294542 4.256582435059201
63.15585792542852 0 0 64 86.34732480634119 1
63.15585792542852 1 1 55 83.76436678076021 1.8556282028626896
64.01148612829121 1 0 69 77.73103945235093 1
65.01148612829121 0 1 55 83.76436678076021 1.8556282028626896
65.01148612829121 0 0 69 77.73103945235093 1
65.01148612829121 1 1 55 83.76436678076021 0.30464746421630196
65.15585792542852 1 2 64 93.94392001441182 1.8556282028626896
65.31613359250751 0 2 62 96.61747432894974 4
65.31613359250751 0 1 55 83.76436678076021 0.30464746421630196
65.31613359250751 1 3 55 96.77168077823814 1.9282558755963919
66.2443894681039 1 0 69 81.93316519546026 1
67.01148612829121 0 2 64 93.94392001441182 1.8556282028626896
67.01148612829121 1 2 64 93.94392001441182 2.232903339812694
67.2443894681039 0 3 55 96.77168077823814 1.9282558755963919
67.2443894681039 0 0 69 81.93316519546026 1
67.2443894681039 1 1 55 83.76436678076021 1.9114684573246166
67.31613359250751 0 4 45 82.61360115294542 4.256582435059201
67.31613359250751 1 4 45 82.61360115294542 3.8397243329210085
67.84829475172292 1 0 76 82.58854260493604 1
68.84829475172292 0 0 76 82.58854260493604 1
68.84829475172292 1 1 60 89.00738605656638 2
69.15585792542852 0 1 55 83.76436678076021 1.9114684573246166
69.15585792542852 1 3 55 96.77168077823814 1.8556282028626896
69.2443894681039 0 2 64 93.94392001441182 2.232903339812694
69.2443894681039 1 2 64 93.94392001441182 1.6039052836190137
70.56052306061142 1 0 79 94.01909565843991 1
70.84829475172292 0 1 60 89.00738605656638 2
70.84829475172292 0 2 64 93.94392001441182 1.6039052836190137
70.84829475172292 1 2 64 93.94392001441182 2.7122283088884984
71.01148612829121 0 3 55 96.77168077823814 1.8556282028626896
71.01148612829121 1 3 55 96.77168077823814 2
71.15585792542852 0 4 45 82.61360115294542 3.8397243329210085
71.15585792542852 1 4 45 82.61360115294542 1.8556282028626896
71.56052306061142 0 0 79 94.01909565843991 1
71.56052306061142 1 1 60 89.00738605656638 2
73.01148612829121 0 3 55 96.77168077823814 2
73.01148612829121 0 4 45 82.61360115294542 1.8556282028626896
73.01148612829121 1 4 45 82.61360115294542 2.232903339812694
73.2443894681039 1 3 55 96.77168077823814 1.6039052836190137
73.26347411203393 1 0 76 87.88938929922536 1
73.56052306061142 0 2 64 93.94392001441182 2.7122283088884984
73.56052306061142 0 1 60 89.00738605656638 2
73.56052306061142 1 2 64 93.94392001441182 2.7029510514225166
74.26347411203393 0 0 76 87.88938929922536 1
74.26347411203393 1 1 60 89.00738605656638 2
74.84829475172292 0 3 55 96.77168077823814 1.6039052836190137
74.84829475172292 1 3 55 96.77168077823814 2
75.2443894681039 0 4 45 82.61360115294542 2.232903339812694
75.2443894681039 1 4 45 82.61360115294542 1.6039052836190137
75.33804559109383 1 0 72 103.86903260673752 1
76.26347411203393 0 2 64 93.94392001441182 2.7029510514225166
76.26347411203393 0 1 60 89.00738605656638 2
76.26347411203393 1 2 64 93.94392001441182 2.074571479059898
76.33804559109383 0 0 72 103.86903260673752 1
76.33804559109383 1 1 57 105.6424067735543 1.5
76.83804559109383 1 0 72 111.09745991713204 1
76.84829475172292 0 3 55 96.77168077823814 2
76.84829475172292 0 4 45 82.61360115294542 1.6039052836190137
76.84829475172292 1 4 45 82.61360115294542 2.7122283088884984
77.56052306061142 1 3 55 96.77168077823814 2
77.83804559109383 0 1 57 105.6424067735543 1.5
77.83804559109383 0 0 72 111.09745991713204 1
77.83804559109383 1 1 57 105.6424067735543 2
78.33804559109383 0 2 64 93.94392001441182 2.074571479059898
78.33804559109383 1 2 64 93.94392001441182 1.5
78.92622371443717 1 0 67 107.9362277067195 1
79.56052306061142 0 4 45 82.61360115294542 2.7122283088884984
79.56052306061142 0 3 55 96.77168077823814 2
79.56052306061142 1 4 45 82.61360115294542 2.7029510514225166
79.83804559109383 0 1 57 105.6424067735543 2
79.83804559109383 0 2 64 93.94392001441182 1.5
79.83804559109383 1 2 64 93.94392001441182 2.08817812334334
79.92622371443717 0 0 67 107.9362277067195 1
79.92622371443717 1 1 57 105.6424067735543 1.8092419155327804
80.26347411203393 1 3 55 96.77168077823814 2
80.73546562996995 1 0 74 64.68131868131869 1
81.73546562996995 0 1 57 105.6424067735543 1.8092419155327804
81.73546562996995 0 0 74 64.68131868131869 1
81.73546562996995 1 1 57 58.51306070978202 2
81.92622371443717 0 2 64 93.94392001441182 2.08817812334334
81.92622371443717 1 2 64 93.94392001441182 1.8092419155327804
82.26347411203393 0 4 45 82.61360115294542 2.7029510514225166
82.26347411203393 0 3 55 96.77168077823814 2
82.26347411203393 1 4 45 82.61360115294542 2.074571479059898
82.33804559109383 1 3 55 96.77168077823814 1.5
83.29245449726099 1 0 72 60.2093316519546 1
83.73546562996995 0 1 57 58.51306070978202 2
83.73546562996995 0 2 64 93.94392001441182 1.8092419155327804
83.73546562996995 1 2 64 49.00816069176725 2.5569888672910395
83.83804559109383 0 3 55 96.77168077823814 1.5
83.83804559109383 1 3 55 96.77168077823814 2
84.29245449726099 0 0 72 60.2093316519546 1
84.29245449726099 1 1 57 58.51306070978202 1.895211168050892
84.33804559109383 0 4 45 82.61360115294542 2.074571479059898
84.33804559109383 1 4 45 82.61360115294542 1.5
85.18766566531188 1 0 76 55.56386236714105 1
85.83804559109383 0 3 55 96.77168077823814 2
85.83804559109383 0 4 45 82.61360115294542 1.5
85.83804559109383 1 4 45 82.61360115294542 2.08817812334334
85.92622371443717 1 3 55 96.77168077823814 1.8092419155327804
86.18766566531188 0 1 57 58.51306070978202 1.895211168050892
86.18766566531188 0 0 76 55.56386236714105 1
86.18766566531188 1 1 57 58.51306070978202 2
86.29245449726099 0 2 64 49.00816069176725 2.5569888672910395
86.29245449726099 1 2 64 49.00816069176725 1.895211168050892
87.46633680862342 1 0 69 38.81318681318681 1
87.73546562996995 0 3 55 96.77168077823814 1.8092419155327804
87.73546562996995 1 3 55 46.19774815348586 0.730871178653473
87.92622371443717 0 4 45 82.61360115294542 2.08817812334334
87.92622371443717 1 4 45 82.61360115294542 1.8092419155327804
88.18766566531188 0 1 57 58.51306070978202 2
88.18766566531188 0 2 64 49.00816069176725 1.895211168050892
88.18766566531188 1 2 64 49.00816069176725 2.2786711433115414
88.46633680862342 0 0 69 38.81318681318681 1
88.46633680862342 0 3 55 46.19774815348586 0.730871178653473
88.46633680862342 1 1 55 36.96270942172581 1.7443011132708932
89.21063792189432 1 0 67 32.240136912268056 1
89.73546562996995 0 4 45 82.61360115294542 1.8092419155327804
89.73546562996995 1 4 45 61.49695550351288 2.5569888672910395
90.21063792189432 0 1 55 36.96270942172581 1.7443011132708932
90.21063792189432 0 0 67 32.240136912268056 1
90.21063792189432 1 1 55 36.96270942172581 0.0818165753666733
90.29245449726099 0 1 55 36.96270942172581 0.0818165753666733
90.29245449726099 1 3 55 46.19774815348586 1.895211168050892
90.46633680862342 0 2 64 49.00816069176725 2.2786711433115414
90.46633680862342 1 2 64 49.00816069176725 1.7443011132708932
91.5171408376038 1 0 72 33.74364979283012 1
92.18766566531188 0 3 55 46.19774815348586 1.895211168050892
92.18766566531188 1 3 55 46.19774815348586 0.3294751722919216
92.21063792189432 0 2 64 49.00816069176725 1.7443011132708932
92.21063792189432 1 2 64 49.00816069176725 1.5239441597455397
92.29245449726099 0 4 45 61.49695550351288 2.5569888672910395
92.29245449726099 1 4 45 61.49695550351288 1.895211168050892
92.5171408376038 0 0 72 33.74364979283012 1
92.5171408376038 0 3 55 46.19774815348586 0.3294751722919216
92.5171408376038 1 1 55 36.96270942172581 1.9491959710196198
93.73458208163986 0 2 64 49.00816069176725 1.5239441597455397
93.73458208163986 1 0 64 61.115294541524044 0.7825587559639473
94.18766566531188 0 4 45 61.49695550351288 1.895211168050892
94.18766566531188 1 4 45 61.49695550351288 2.2786711433115414
94.46633680862342 0 1 55 36.96270942172581 1.9491959710196198
94.46633680862342 1 3 55 46.19774815348586 1.7443011132708932
94.5171408376038 0 0 64 61.115294541524044 0.7825587559639473
94.5171408376038 1 2 64 49.00816069176725 1.9964658066796233
94.73458208163986 1 1 52 54.40731399747793 2
96.21063792189432 0 3 55 46.19774815348586 1.7443011132708932
96.21063792189432 1 3 55 46.19774815348586 2
96.46633680862342 0 4 45 61.49695550351288 2.2786711433115414
96.46633680862342 1 4 45 61.49695550351288 1.7443011132708932
96.51360664428343 0 2 64 49.00816069176725 1.9964658066796233
96.51360664428343 1 0 64 49.85822374346964 0.22097543735642944
96.73458208163986 0 1 52 54.40731399747793 2
96.73458208163986 0 0 64 49.85822374346964 0.22097543735642944
96.73458208163986 1 2 64 49.00816069176725 2.5617600282735395
97.51360664428343 1 1 52 54.40731399747793 2
98.21063792189432 0 3 55 46.19774815348586 2
98.21063792189432 0 4 45 61.49695550351288 1.7443011132708932
98.21063792189432 1 4 45 61.49695550351288 2.306502915709487
98.5171408376038 1 3 55 46.19774815348586 2
99.2963421099134 0 2 64 49.00816069176725 2.5617600282735395
99.2963421099134 1 0 64 55.04341560079265 0.21726453437003101
99.51360664428343 0 1 52 54.40731399747793 2
99.51360664428343 0 0 64 55.04341560079265 0.21726453437003101
99.51360664428343 1 2 64 49.00816069176725 2.782735465629969
100.2963421099134 1 1 52 54.40731399747793 2
100.5171408376038 0 4 45 61.49695550351288 2.306502915709487
100.5171408376038 0 3 55 46.19774815348586 2
100.5171408376038 1 4 45 61.49695550351288 2.2174412440360527
100.73458208163986 1 3 55 46.19774815348586 2
101.44513164870116 1 0 67 24.87677895874617 1
102.2963421099134 0 2 64 49.00816069176725 2.782735465629969
102.2963421099134 0 1 52 54.40731399747793 2
102.2963421099134 1 2 64 49.00816069176725 2.148789538787767
102.44513164870116 0 0 67 24.87677895874617 1
102.44513164870116 1 1 52 30.640245000900734 2
102.73458208163986 0 4 45 61.49695550351288 2.2174412440360527
102.73458208163986 0 3 55 46.19774815348586 2
102.73458208163986 1 4 45 61.49695550351288 2.7790245626435706
103.51360664428343 1 3 55 46.19774815348586 2
104.44513164870116 0 2 64 49.00816069176725 2.148789538787767
104.44513164870116 0 1 52 30.640245000900734 2
104.44513164870116 1 2 64 41.027976941091694 0.4878070330447031
104.93293868174587 0 2 64 41.027976941091694 0.4878070330447031
104.93293868174587 1 0 64 33.358133669609074 1
105.51360664428343 0 4 45 61.49695550351288 2.7790245626435706
105.51360664428343 0 3 55 46.19774815348586 2
105.51360664428343 1 4 45 61.49695550351288 2.782735465629969
105.93293868174587 0 0 64 33.358133669609074 1
105.93293868174587 1 1 52 30.640245000900734 2
106.2963421099134 1 3 55 46.19774815348586 2
107.93293868174587 0 1 52 30.640245000900734 2
107.93293868174587 1 2 64 41.027976941091694 0.18969782647110378
108.12263650821697 0 2 64 41.027976941091694 0.18969782647110378
108.12263650821697 1 0 64 28.365699873896595 1
108.2963421099134 0 4 45 61.49695550351288 2.782735465629969
108.2963421099134 0 3 55 46.19774815348586 2
108.2963421099134 1 4 45 61.49695550351288 2.148789538787767
108.44513164870116 1 3 55 46.19774815348586 2
109.12263650821697 0 0 64 28.365699873896595 1
109.12263650821697 1 1 52 30.640245000900734 2
110.44513164870116 0 4 45 61.49695550351288 2.148789538787767
110.44513164870116 0 3 55 46.19774815348586 2
110.44513164870116 1 4 45 61.49695550351288 3.487807033044703
111.12263650821697 0 1 52 30.640245000900734 2
111.12263650821697 1 2 64 41.027976941091694 0.8335394946103492
111.93293868174587 1 3 55 46.19774815348586 2
111.95617600282732 0 2 64 41.027976941091694 0.8335394946103492
111.95617600282732 1 0 64 49.04863988470545 1
112.95617600282732 0 0 64 49.04863988470545 1
112.95617600282732 1 1 52 51.7665285534138 2
113.93293868174587 0 4 45 61.49695550351288 3.487807033044703
113.93293868174587 0 3 55 46.19774815348586 2
113.93293868174587 1 4 45 61.49695550351288 3.189697826471104
114.95617600282732 0 1 52 51.7665285534138 2
114.95617600282732 1 2 64 41.027976941091694 1.4637745184661668
115.12263650821697 1 3 55 46.19774815348586 2
116.41995052129349 0 2 64 41.027976941091694 1.4637745184661668
116.41995052129349 1 0 64 54.54224464060529 1
117.12263650821697 0 4 45 61.49695550351288 3.189697826471104
117.12263650821697 0 3 55 46.19774815348586 2
117.12263650821697 1 4 45 61.49695550351288 3.833539494610349
117.41995052129349 0 0 64 54.54224464060529 1
117.41995052129349 1 1 52 51.7665285534138 2
118.95617600282732 1 3 55 46.19774815348586 2
119.41995052129349 0 1 52 51.7665285534138 2
119.41995052129349 1 2 64 41.027976941091694 3.825499204806505
120.24544972609999 1 0 67 57.183030084669426 1
120.95617600282732 0 4 45 61.49695550351288 3.833539494610349
120.95617600282732 0 3 55 46.19774815348586 2
120.95617600282732 1 4 45 61.49695550351288 4.463774518466167
121.24544972609999 0 0 67 57.183030084669426 1
121.24544972609999 1 1 52 51.7665285534138 2
123.24544972609999 0 2 64 41.027976941091694 3.825499204806505
123.24544972609999 0 1 52 51.7665285534138 2
123.24544972609999 1 2 64 41.027976941091694 4
123.41995052129349 1 3 55 46.19774815348586 2
124.66593037639156 1 0 69 33.24247883264276 1
125.41995052129349 0 4 45 61.49695550351288 4.463774518466167
125.41995052129349 0 3 55 46.19774815348586 2
125.41995052129349 1 4 45 61.49695550351288 3.825499204806505
125.66593037639156 0 0 69 33.24247883264276 1
125.66593037639156 1 1 57 35.76760943974058 2
127.24544972609999 0 2 64 41.027976941091694 4
127.24544972609999 1 3 55 46.19774815348586 2
127.66593037639156 0 1 57 35.76760943974058 2
127.66593037639156 1 2 64 41.027976941091694 4
129.2454497261 0 4 45 61.49695550351288 3.825499204806505
129.2454497261 0 3 55 46.19774815348586 2
129.2454497261 1 4 45 61.49695550351288 4.420480650291552
129.6634564410673 1 0 74 41.16483516483517 1
130.6634564410673 0 0 74 41.16483516483517 1
130.6634564410673 1 1 57 35.76760943974058 2
131.66593037639154 0 2 64 41.027976941091694 4
131.66593037639154 1 3 55 46.19774815348586 2
132.6634564410673 0 1 57 35.76760943974058 2
132.6634564410673 1 2 64 41.027976941091694 4
133.66593037639154 0 4 45 61.49695550351288 4.420480650291552
133.66593037639154 0 3 55 46.19774815348586 2
133.66593037639154 1 4 45 61.49695550351288 4.997526064675753
134.6634564410673 1 0 74 30.19690145919654 1
135.6634564410673 0 0 74 30.19690145919654 1
135.6634564410673 1 1 57 35.76760943974058 2
136.6634564410673 0 2 64 41.027976941091694 4
136.6634564410673 1 3 55 46.19774815348586 2
137.6634564410673 0 1 57 35.76760943974058 2
137.6634564410673 1 2 64 41.027976941091694 2.696942922777879
138.6634564410673 0 4 45 61.49695550351288 4.997526064675753
138.6634564410673 0 3 55 46.19774815348586 2
138.6634564410673 1 4 45 61.49695550351288 5.0
139.36039936384518 1 0 81 47.371644748693924 1
140.36039936384518 0 2 64 41.027976941091694 2.696942922777879
140.36039936384518 0 0 81 47.371644748693924 1
140.36039936384518 1 1 64 40.37452711223203 2
141.6634564410673 1 3 55 46.19774815348586 2
142.36039936384518 0 1 64 40.37452711223203 2
142.36039936384518 1 2 69 38.19828859664925 4
143.6634564410673 0 4 45 61.49695550351288 5.0
143.6634564410673 0 3 55 46.19774815348586 2
143.6634564410673 1 4 45 61.49695550351288 4.696942922777879
143.71655769570592 1 0 84 35.63267879661322 1
144.71655769570592 0 0 84 35.63267879661322 1
144.71655769570592 1 1 64 40.37452711223203 2
146.36039936384518 0 2 69 38.19828859664925 4
146.36039936384518 1 3 55 46.19774815348586 2
146.71655769570592 0 1 64 40.37452711223203 2
146.71655769570592 1 2 69 38.19828859664925 4
148.08941509100543 1 0 79 39.27580616105206 1
148.36039936384518 0 4 45 61.49695550351288 4.696942922777879
148.36039936384518 0 3 55 46.19774815348586 2
148.36039936384518 1 4 45 61.49695550351288 4.35615833186074
149.08941509100543 0 0 79 39.27580616105206 1
149.08941509100543 1 1 64 40.37452711223203 2
150.71655769570592 0 2 69 38.19828859664925 4
150.71655769570592 1 3 55 46.19774815348586 2
151.08941509100543 0 1 64 40.37452711223203 2
151.08941509100543 1 2 69 38.19828859664925 4
152.71655769570592 0 4 45 61.49695550351288 4.35615833186074
152.71655769570592 0 3 55 46.19774815348586 2
152.71655769570592 1 4 45 61.49695550351288 4.372857395299519
152.77708075631733 1 0 79 39.41073680417942 1
153.77708075631733 0 0 79 39.41073680417942 1
153.77708075631733 1 1 64 41.02990452170779 2
155.08941509100543 0 2 69 38.19828859664925 4
155.08941509100543 1 3 55 46.19774815348586 2
155.35262413854034 1 0 81 36.8856061970816 1
155.77708075631733 0 1 64 41.02990452170779 2
155.77708075631733 1 2 69 38.19828859664925 2.575543382223003
156.35262413854034 0 0 81 36.8856061970816 1
156.35262413854034 1 1 64 41.02990452170779 2
157.08941509100543 0 4 45 61.49695550351288 4.372857395299519
157.08941509100543 0 3 55 46.19774815348586 2
157.08941509100543 1 4 45 61.49695550351288 4.687665665311897
158.35262413854034 0 2 69 38.19828859664925 2.575543382223003
158.35262413854034 0 1 64 41.02990452170779 2
158.35262413854034 1 2 69 38.19828859664925 3.0579607704541445
158.41058490899448 1 0 81 48.23905602594127 1
159.41058490899448 0 0 81 48.23905602594127 1
159.41058490899448 1 1 64 41.02990452170779 2
159.77708075631733 1 3 55 46.19774815348586 2
161.40855274783527 1 0 74 22.216717708520985 1
161.41058490899448 0 2 69 38.19828859664925 3.0579607704541445
161.41058490899448 0 1 64 41.02990452170779 2
161.41058490899448 1 2 69 38.19828859664925 2.9979678388407933
161.77708075631733 0 4 45 61.49695550351288 4.687665665311897
161.77708075631733 0 3 55 46.19774815348586 2
161.77708075631733 1 4 45 61.49695550351288 2.575543382223003
162.35262413854034 1 3 55 46.19774815348586 2
162.40855274783527 0 0 74 22.216717708520985 1
162.40855274783527 1 1 60 23.893712844532516 2
164.35262413854034 0 4 45 61.49695550351288 2.575543382223003
164.35262413854034 0 3 55 46.19774815348586 2
164.35262413854034 1 4 45 61.49695550351288 3.0579607704541445
164.40855274783527 0 2 69 38.19828859664925 2.9979678388407933
164.40855274783527 0 1 60 23.893712844532516 2
164.40855274783527 1 2 69 38.19828859664925 3.8483831065559286
165.2569358543912 1 0 79 20.0 1
165.41058490899448 1 3 55 46.19774815348586 2
166.2569358543912 0 0 79 20.0 1
166.2569358543912 1 1 60 23.893712844532516 2
167.41058490899448 0 4 45 61.49695550351288 3.0579607704541445
167.41058490899448 0 3 55 46.19774815348586 2
167.41058490899448 1 4 45 61.49695550351288 2.9979678388407933
168.2569358543912 0 2 69 38.19828859664925 3.8483831065559286
168.2569358543912 0 1 60 23.893712844532516 2
168.2569358543912 1 2 69 38.19828859664925 3.640572539317901
168.40855274783527 1 3 55 46.19774815348586 2
168.8975083937091 1 0 74 22.216717708520985 1
169.8975083937091 0 0 74 22.216717708520985 1
169.8975083937091 1 1 60 23.893712844532516 2
170.40855274783527 0 4 45 61.49695550351288 2.9979678388407933
170.40855274783527 0 3 55 46.19774815348586 2
170.40855274783527 1 4 45 61.49695550351288 3.8483831065559286
171.8975083937091 0 2 69 38.19828859664925 3.640572539317901
171.8975083937091 0 1 60 23.893712844532516 2
171.8975083937091 1 2 69 38.19828859664925 4
172.2569358543912 1 3 55 46.19774815348586 2
174.2569358543912 0 4 45 61.49695550351288 3.8483831065559286
174.2569358543912 0 3 55 46.19774815348586 2
174.2569358543912 1 4 45 61.49695550351288 3.640572539317901
175.8975083937091 0 2 69 38.19828859664925 4
175.8975083937091 1 3 55 46.19774815348586 2
177.8975083937091 0 4 45 61.49695550351288 3.640572539317901
177.8975083937091 0 3 55 46.19774815348586 2
177.8975083937091 1 4 45 61.49695550351288 8
185.8975083937091 0 4 45 61.49695550351288 8
