0 1 0 76 111.36732120338677 1
1 0 0 76 111.36732120338677 1
1 1 1 62 111.17456314177625 2
3 0 1 62 111.17456314177625 2
3.0 1 0 79 105.62313096739325 1
3 1 2 64 109.02723833543504 3.0
4.0 0 0 79 105.62313096739325 1
4.0 1 1 62 111.17456314177625 2
6.0 0 2 64 109.02723833543504 3.0
6.0 0 1 62 111.17456314177625 2
6.0 1 2 64 109.02723833543504 3.5
6.5 1 0 79 117.63195820572871 1
7 1 3 55 96.77168077823814 2
7.5 0 0 79 117.63195820572871 1
7.5 1 1 62 111.17456314177625 2
9 0 3 55 96.77168077823814 2
9 1 4 45 82.61360115294542 3.0
9.5 0 2 64 109.02723833543504 3.5
9.5 0 1 62 111.17456314177625 2
9.5 1 2 64 109.02723833543504 3.5
10.0 1 0 74 103.86903260673752 1
10.0 1 3 55 96.77168077823814 2
11.0 0 0 74 103.86903260673752 1
11.0 1 1 57 109.49756800576472 2
12.0 0 4 45 82.61360115294542 3.0
12.0 0 3 55 96.77168077823814 2
12.0 1 4 45 82.61360115294542 3.5
13.0 0 2 64 109.02723833543504 3.5
13.0 0 1 57 109.49756800576472 2
13.0 1 2 64 109.02723833543504 4
13.5 1 3 55 96.77168077823814 2
15.0 1 0 69 108.9000180147721 1
15.5 0 4 45 82.61360115294542 3.5
15.5 0 3 55 96.77168077823814 2
15.5 1 4 45 82.61360115294542 3.5
16.0 0 0 69 108.9000180147721 1
16.0 1 1 57 109.49756800576472 2
17.0 0 2 64 109.02723833543504 4
17.0 1 3 55 96.77168077823814 2
18.0 0 1 57 109.49756800576472 2
18.0 1 2 64 109.02723833543504 4
19.0 0 4 45 82.61360115294542 3.5
19.0 0 3 55 96.77168077823814 2
19.0 1 4 45 82.61360115294542 5.0
19.5 1 0 74 115.95496306971715 1
20.5 0 0 74 115.95496306971715 1
20.5 1 1 57 109.49756800576472 2
22.0 0 2 64 109.02723833543504 4
22.0 1 3 55 96.77168077823814 2
22.5 0 1 57 109.49756800576472 2
22.5 1 2 64 109.02723833543504 4
24.0 0 4 45 82.61360115294542 5.0
24.0 0 3 55 96.77168077823814 2
24.0 1 4 45 82.61360115294542 4.5
24.5 1 0 72 127.0 1
25.5 0 0 72 127.0 1
25.5 1 1 55 120.94546928481354 1.0
26.5 0 2 64 109.02723833543504 4
26.5 0 1 55 120.94546928481354 1.0
26.5 1 3 55 96.77168077823814 2
27.5 1 2 64 109.02723833543504 3.5
28.0 1 0 67 120.58115654836966 1
28.5 0 4 45 82.61360115294542 4.5
28.5 0 3 55 96.77168077823814 2
28.5 1 4 45 82.61360115294542 5.0
29.0 0 0 67 120.58115654836966 1
29.0 1 1 55 120.94546928481354 2
31.0 0 2 64 109.02723833543504 3.5
31.0 0 1 55 120.94546928481354 2
31.0 1 2 64 109.02723833543504 3.5
31.5 1 0 69 121.31363718248963 1
31.5 1 3 55 96.77168077823814 1.0
32.5 0 0 69 121.31363718248963 1
32.5 0 3 55 96.77168077823814 1.0
32.5 1 1 55 120.94546928481354 2
33.5 0 4 45 82.61360115294542 5.0
33.5 1 4 45 82.61360115294542 3.5
34.5 0 2 64 109.02723833543504 3.5
34.5 0 1 55 120.94546928481354 2
34.5 1 2 64 109.02723833543504 3.5
35.0 1 3 55 96.77168077823814 2
35.5 1 1 50 83.0511619528013 2
37.0 0 4 45 82.61360115294542 3.5
37.0 0 3 55 96.77168077823814 2
37.0 1 4 45 82.61360115294542 3.5
37.5 0 1 50 83.0511619528013 2
37.5 1 2 62 96.61747432894974 3.5
38.0 0 2 64 109.02723833543504 3.5
38.0 1 0 64 79.27310394523508 1
38.5 1 3 55 96.77168077823814 2
39.0 0 0 64 79.27310394523508 1
39.0 1 1 50 83.0511619528013 2
40.5 0 4 45 82.61360115294542 3.5
40.5 0 3 55 96.77168077823814 2
40.5 1 4 45 82.61360115294542 3.0
41.0 0 2 62 96.61747432894974 3.5
41.0 0 1 50 83.0511619528013 2
41.0 1 0 60 83.34029904521708 1
41.0 1 2 62 96.61747432894974 3.0
41.5 1 3 55 96.77168077823814 2
42.0 0 0 60 83.34029904521708 1
42.0 1 1 50 83.0511619528013 2
43.5 0 4 45 82.61360115294542 3.0
43.5 0 3 55 96.77168077823814 2
43.5 1 4 45 82.61360115294542 3.5
44.0 0 2 62 96.61747432894974 3.0
44.0 0 1 50 83.0511619528013 2
44.0 1 0 60 103.13655197261754 1
44.0 1 2 62 96.61747432894974 2.5
45.0 0 0 60 103.13655197261754 1
45.0 1 3 55 96.77168077823814 2
45.0 1 1 50 103.56061970816069 2
46.5 0 2 62 96.61747432894974 2.5
46.5 1 0 62 100.36083588542604 0.5
47.0 0 4 45 82.61360115294542 3.5
47.0 0 3 55 96.77168077823814 2
47.0 0 1 50 103.56061970816069 2
47.0 0 0 62 100.36083588542604 0.5
47.0 1 2 62 96.61747432894974 1.5
47.0 1 4 45 82.61360115294542 3.0
47.5 1 1 50 103.56061970816069 2
48.0 1 3 55 96.77168077823814 2
48.5 0 2 62 96.61747432894974 1.5
48.5 1 0 62 110.69266798774994 1
49.5 0 1 50 103.56061970816069 2
49.5 0 0 62 110.69266798774994 1
49.5 1 1 50 103.56061970816069 2
49.5 1 2 62 96.61747432894974 2.0
50.0 0 4 45 82.61360115294542 3.0
50.0 0 3 55 96.77168077823814 2
50.0 1 4 45 82.61360115294542 3.0
51.0 1 0 64 109.65177445505313 1
51.0 1 3 55 96.77168077823814 2
51.5 0 1 50 103.56061970816069 2
51.5 0 2 62 96.61747432894974 2.0
51.5 1 2 62 96.61747432894974 2.5
52.0 0 0 64 109.65177445505313 1
52.0 1 1 50 102.71248423707439 2
53.0 0 4 45 82.61360115294542 3.0
53.0 0 3 55 96.77168077823814 2
53.0 1 4 45 82.61360115294542 2.5
53.5 1 3 55 96.77168077823814 2
54.0 0 2 62 96.61747432894974 2.5
54.0 0 1 50 102.71248423707439 2
54.0 1 2 62 96.61747432894974 4
55.0 1 0 64 98.72239236173661 1
55.5 0 4 45 82.61360115294542 2.5
55.5 0 3 55 96.77168077823814 2
55.5 1 3 55 96.77168077823814 2
55.5 1 4 45 82.61360115294542 2.0
56.0 0 0 64 98.72239236173661 1
56.0 1 1 50 102.71248423707439 2
57.5 0 3 55 96.77168077823814 2
57.5 0 4 45 82.61360115294542 2.0
57.5 1 4 45 82.61360115294542 2.5
58.0 0 2 62 96.61747432894974 4
58.0 0 1 50 102.71248423707439 2
58.0 1 3 55 96.77168077823814 2
58.0 1 2 62 96.61747432894974 4
59.5 1 0 60 102.90524229868491 1
60.0 0 4 45 82.61360115294542 2.5
60.0 0 3 55 96.77168077823814 2
60.0 1 4 45 82.61360115294542 4.0
60.5 0 0 60 102.90524229868491 1
60.5 1 1 50 102.71248423707439 2
62.0 0 2 62 96.61747432894974 4
62.0 1 3 55 96.77168077823814 2
62.5 0 1 50 102.71248423707439 2
62.5 1 2 62 96.61747432894974 4
63.5 1 0 64 86.34732480634119 1
64.0 0 4 45 82.61360115294542 4.0
64.0 0 3 55 96.77168077823814 2
64.0 1 4 45 82.61360115294542 4.5
64.5 0 0 64 86.34732480634119 1
64.5 1 1 55 83.76436678076021 1.5
65.0 1 0 69 77.73103945235093 1
66.0 0 1 55 83.76436678076021 1.5
66.0 0 0 69 77.73103945235093 1
66.0 1 1 55 83.76436678076021 0.5
66.5 0 2 62 96.61747432894974 4
66.5 0 1 55 83.76436678076021 0.5
66.5 1 3 55 96.77168077823814 1.5
66.5 1 2 64 93.94392001441182 1.5
67.0 1 0 69 81.93316519546026 1
68.0 0 3 55 96.77168077823814 1.5
68.0 0 2 64 93.94392001441182 1.5
68.0 0 0 69 81.93316519546026 1
68.0 1 1 55 83.76436678076021 2
68.0 1 2 64 93.94392001441182 2.0
68.5 0 4 45 82.61360115294542 4.5
68.5 1 0 76 82.58854260493604 1
68.5 1 4 45 82.61360115294542 4.0
69.5 0 0 76 82.58854260493604 1
69.5 1 1 60 89.00738605656638 2
70.0 0 1 55 83.76436678076021 2
70.0 0 2 64 93.94392001441182 2.0
70.0 1 2 64 93.94392001441182 1.5
70.5 1 3 55 96.77168077823814 1.5
71.0 1 0 79 94.01909565843991 1
71.5 0 1 60 89.00738605656638 2
71.5 0 2 64 93.94392001441182 1.5
71.5 1 2 64 93.94392001441182 2.5
72.0 0 3 55 96.77168077823814 1.5
72.0 0 0 79 94.01909565843991 1
72.0 1 3 55 96.77168077823814 2
72.0 1 1 60 89.00738605656638 2
72.5 0 4 45 82.61360115294542 4.0
72.5 1 4 45 82.61360115294542 1.5
73.5 1 0 76 87.88938929922536 1
74.0 0 2 64 93.94392001441182 2.5
74.0 0 3 55 96.77168077823814 2
74.0 0 1 60 89.00738605656638 2
74.0 0 4 45 82.61360115294542 1.5
74.0 1 3 55 96.77168077823814 1.5
74.0 1 2 64 93.94392001441182 2.5
74.0 1 4 45 82.61360115294542 2.0
74.5 0 0 76 87.88938929922536 1
74.5 1 1 60 89.00738605656638 2
75.5 0 3 55 96.77168077823814 1.5
75.5 1 0 72 103.86903260673752 1
75.5 1 3 55 96.77168077823814 2
76.0 0 4 45 82.61360115294542 2.0
76.0 1 4 45 82.61360115294542 1.5
76.5 0 2 64 93.94392001441182 2.5
76.5 0 1 60 89.00738605656638 2
76.5 0 0 72 103.86903260673752 1
76.5 1 1 57 105.6424067735543 1.5
76.5 1 2 64 93.94392001441182 2.0
77.0 1 0 72 111.09745991713204 1
77.5 0 3 55 96.77168077823814 2
77.5 0 4 45 82.61360115294542 1.5
77.5 1 4 45 82.61360115294542 2.5
78.0 0 1 57 105.6424067735543 1.5
78.0 0 0 72 111.09745991713204 1
78.0 1 3 55 96.77168077823814 2
78.0 1 1 57 105.6424067735543 2
78.5 0 2 64 93.94392001441182 2.0
78.5 1 2 64 93.94392001441182 1.5
79.0 1 0 67 107.9362277067195 1
80.0 0 4 45 82.61360115294542 2.5
80.0 0 3 55 96.77168077823814 2
80.0 0 1 57 105.6424067735543 2
80.0 0 2 64 93.94392001441182 1.5
80.0 0 0 67 107.9362277067195 1
80.0 1 1 57 105.6424067735543 1.5
80.0 1 2 64 93.94392001441182 2.0
80.0 1 4 45 82.61360115294542 2.5
80.5 1 0 74 64.68131868131869 1
80.5 1 3 55 96.77168077823814 2
81.5 0 1 57 105.6424067735543 1.5
81.5 0 0 74 64.68131868131869 1
81.5 1 1 57 58.51306070978202 2
82.0 0 2 64 93.94392001441182 2.0
82.0 1 2 64 93.94392001441182 1.5
82.5 0 4 45 82.61360115294542 2.5
82.5 0 3 55 96.77168077823814 2
82.5 1 3 55 96.77168077823814 1.5
82.5 1 4 45 82.61360115294542 2.0
83.0 1 0 72 60.2093316519546 1
83.5 0 1 57 58.51306070978202 2
83.5 0 2 64 93.94392001441182 1.5
83.5 1 2 64 49.00816069176725 2.5
84.0 0 3 55 96.77168077823814 1.5
84.0 0 0 72 60.2093316519546 1
84.0 1 3 55 96.77168077823814 2
84.0 1 1 57 58.51306070978202 1.5
84.5 0 4 45 82.61360115294542 2.0
84.5 1 0 76 55.56386236714105 1
84.5 1 4 45 82.61360115294542 1.5
85.5 0 1 57 58.51306070978202 1.5
85.5 0 0 76 55.56386236714105 1
85.5 1 1 57 58.51306070978202 2
86.0 0 2 64 49.00816069176725 2.5
86.0 0 3 55 96.77168077823814 2
86.0 0 4 45 82.61360115294542 1.5
86.0 1 3 55 96.77168077823814 1.5
86.0 1 2 64 49.00816069176725 1.5
86.0 1 4 45 82.61360115294542 2.0
86.5 1 0 69 38.81318681318681 1
87.5 0 1 57 58.51306070978202 2
87.5 0 3 55 96.77168077823814 1.5
87.5 0 2 64 49.00816069176725 1.5
87.5 0 0 69 38.81318681318681 1
87.5 1 1 55 36.96270942172581 1.5
87.5 1 2 64 49.00816069176725 2.0
88.0 0 4 45 82.61360115294542 2.0
88.0 1 0 67 32.240136912268056 1
88.0 1 4 45 82.61360115294542 1.5
89.0 0 1 55 36.96270942172581 1.5
89.0 0 0 67 32.240136912268056 1
89.0 1 1 55 36.96270942172581 1.0
89.5 0 2 64 49.00816069176725 2.0
89.5 0 4 45 82.61360115294542 1.5
89.5 1 2 64 49.00816069176725 1.5
89.5 1 4 45 61.49695550351288 2.5
90.0 0 1 55 36.96270942172581 1.0
90.0 1 0 72 33.74364979283012 1
90.0 1 3 55 46.19774815348586 1.0
91.0 0 2 64 49.00816069176725 1.5
91.0 0 0 72 33.74364979283012 1
91.0 0 3 55 46.19774815348586 1.0
91.0 1 1 55 36.96270942172581 0.5
91.0 1 2 64 49.00816069176725 1.0
91.5 0 1 55 36.96270942172581 0.5
91.5 1 3 55 46.19774815348586 2
92.0 0 4 45 61.49695550351288 2.5
92.0 0 2 64 49.00816069176725 1.0
92.0 1 0 64 61.115294541524044 1
92.0 1 4 45 61.49695550351288 1.5
93.0 0 0 64 61.115294541524044 1
93.0 1 1 52 54.40731399747793 2
93.0 1 2 64 49.00816069176725 1.5
93.5 0 3 55 46.19774815348586 2
93.5 0 4 45 61.49695550351288 1.5
93.5 1 3 55 46.19774815348586 1.5
93.5 1 4 45 61.49695550351288 2.0
94.5 0 2 64 49.00816069176725 1.5
94.5 1 0 64 49.85822374346964 0.5
95.0 0 1 52 54.40731399747793 2
95.0 0 3 55 46.19774815348586 1.5
95.0 0 0 64 49.85822374346964 0.5
95.0 1 3 55 46.19774815348586 2
95.0 1 2 64 49.00816069176725 2.0
95.5 0 4 45 61.49695550351288 2.0
95.5 1 1 52 54.40731399747793 2
95.5 1 4 45 61.49695550351288 1.5
97.0 0 3 55 46.19774815348586 2
97.0 0 2 64 49.00816069176725 2.0
97.0 0 4 45 61.49695550351288 1.5
97.0 1 0 64 55.04341560079265 0.5
97.0 1 3 55 46.19774815348586 2
97.0 1 4 45 61.49695550351288 2.0
97.5 0 1 52 54.40731399747793 2
97.5 0 0 64 55.04341560079265 0.5
97.5 1 2 64 49.00816069176725 2.5
98.0 1 1 52 54.40731399747793 2
99.0 0 3 55 46.19774815348586 2
99.0 0 4 45 61.49695550351288 2.0
99.0 1 0 67 24.87677895874617 1
99.0 1 3 55 46.19774815348586 2
99.0 1 4 45 61.49695550351288 2.0
100.0 0 2 64 49.00816069176725 2.5
100.0 0 1 52 54.40731399747793 2
100.0 0 0 67 24.87677895874617 1
100.0 1 1 52 30.640245000900734 2
100.0 1 2 64 49.00816069176725 2.0
101.0 0 3 55 46.19774815348586 2
101.0 0 4 45 61.49695550351288 2.0
101.0 1 4 45 61.49695550351288 2.5
101.5 1 3 55 46.19774815348586 2
102.0 0 1 52 30.640245000900734 2
102.0 0 2 64 49.00816069176725 2.0
102.0 1 2 64 41.027976941091694 0.5
102.5 0 2 64 41.027976941091694 0.5
102.5 1 0 64 33.358133669609074 1
103.5 0 4 45 61.49695550351288 2.5
103.5 0 3 55 46.19774815348586 2
103.5 0 0 64 33.358133669609074 1
103.5 1 1 52 30.640245000900734 2
103.5 1 4 45 61.49695550351288 2.5
104.0 1 3 55 46.19774815348586 2
105.5 0 1 52 30.640245000900734 2
105.5 1 2 64 41.027976941091694 3.0
106.0 0 4 45 61.49695550351288 2.5
106.0 0 3 55 46.19774815348586 2
106.0 1 3 55 46.19774815348586 2
106.0 1 4 45 61.49695550351288 2.0
106.5 1 1 52 30.640245000900734 2
108.0 0 3 55 46.19774815348586 2
108.0 0 4 45 61.49695550351288 2.0
108.0 1 4 45 61.49695550351288 3.5
108.5 0 2 64 41.027976941091694 3.0
108.5 0 1 52 30.640245000900734 2
108.5 1 2 64 41.027976941091694 1.0
109.5 0 2 64 41.027976941091694 1.0
109.5 1 0 64 49.04863988470545 1
109.5 1 3 55 46.19774815348586 2
110.5 0 0 64 49.04863988470545 1
110.5 1 1 52 51.7665285534138 2
111.5 0 4 45 61.49695550351288 3.5
111.5 0 3 55 46.19774815348586 2
111.5 1 4 45 61.49695550351288 3.0
112.5 0 1 52 51.7665285534138 2
112.5 1 3 55 46.19774815348586 2
112.5 1 2 64 41.027976941091694 1.5
114.0 0 2 64 41.027976941091694 1.5
114.0 1 0 64 54.54224464060529 1
114.5 0 4 45 61.49695550351288 3.0
114.5 0 3 55 46.19774815348586 2
114.5 1 4 45 61.49695550351288 4.0
115.0 0 0 64 54.54224464060529 1
115.0 1 1 52 51.7665285534138 2
116.5 1 3 55 46.19774815348586 2
117.0 0 1 52 51.7665285534138 2
117.0 1 2 64 41.027976941091694 4
118.0 1 0 67 57.183030084669426 1
118.5 0 4 45 61.49695550351288 4.0
118.5 0 3 55 46.19774815348586 2
118.5 1 4 45 61.49695550351288 4.5
119.0 0 0 67 57.183030084669426 1
119.0 1 1 52 51.7665285534138 2
121.0 0 2 64 41.027976941091694 4
121.0 0 1 52 51.7665285534138 2
121.0 1 3 55 46.19774815348586 2
121.0 1 2 64 41.027976941091694 4
122.5 1 0 69 33.24247883264276 1
123.0 0 4 45 61.49695550351288 4.5
123.0 0 3 55 46.19774815348586 2
123.0 1 4 45 61.49695550351288 4.0
123.5 0 0 69 33.24247883264276 1
123.5 1 1 57 35.76760943974058 2
125.0 0 2 64 41.027976941091694 4
125.0 1 3 55 46.19774815348586 2
125.5 0 1 57 35.76760943974058 2
125.5 1 2 64 41.027976941091694 4
127.0 0 4 45 61.49695550351288 4.0
127.0 0 3 55 46.19774815348586 2
127.0 1 4 45 61.49695550351288 4.5
127.5 1 0 74 41.16483516483517 1
128.5 0 0 74 41.16483516483517 1
128.5 1 1 57 35.76760943974058 2
129.5 0 2 64 41.027976941091694 4
129.5 1 3 55 46.19774815348586 2
130.5 0 1 57 35.76760943974058 2
130.5 1 2 64 41.027976941091694 4
131.5 0 4 45 61.49695550351288 4.5
131.5 0 3 55 46.19774815348586 2
131.5 1 4 45 61.49695550351288 5.0
133.0 1 0 74 30.19690145919654 1
134.0 0 0 74 30.19690145919654 1
134.0 1 1 57 35.76760943974058 2
134.5 0 2 64 41.027976941091694 4
134.5 1 3 55 46.19774815348586 2
136.0 0 1 57 35.76760943974058 2
136.0 1 2 64 41.027976941091694 3.0
136.5 0 4 45 61.49695550351288 5.0
136.5 0 3 55 46.19774815348586 2
136.5 1 4 45 61.49695550351288 5.5
138.0 1 0 81 47.371644748693924 1
139.0 0 2 64 41.027976941091694 3.0
139.0 0 0 81 47.371644748693924 1
139.0 1 1 64 40.37452711223203 2
140.0 1 3 55 46.19774815348586 2
141.0 0 1 64 40.37452711223203 2
141.0 1 2 69 38.19828859664925 4
142.0 0 4 45 61.49695550351288 5.5
142.0 0 3 55 46.19774815348586 2
142.0 1 4 45 61.49695550351288 5.0
142.5 1 0 84 35.63267879661322 1
143.5 0 0 84 35.63267879661322 1
143.5 1 1 64 40.37452711223203 2
145.0 0 2 69 38.19828859664925 4
145.0 1 3 55 46.19774815348586 2
145.5 0 1 64 40.37452711223203 2
145.5 1 2 69 38.19828859664925 4
147.0 0 4 45 61.49695550351288 5.0
147.0 0 3 55 46.19774815348586 2
147.0 1 0 79 39.27580616105206 1
147.0 1 4 45 61.49695550351288 4.5
148.0 0 0 79 39.27580616105206 1
148.0 1 1 64 40.37452711223203 2
149.5 0 2 69 38.19828859664925 4
149.5 1 3 55 46.19774815348586 2
150.0 0 1 64 40.37452711223203 2
150.0 1 2 69 38.19828859664925 4
151.5 0 4 45 61.49695550351288 4.5
151.5 0 3 55 46.19774815348586 2
151.5 1 4 45 61.49695550351288 4.5
152.0 1 0 79 39.41073680417942 1
153.0 0 0 79 39.41073680417942 1
153.0 1 1 64 41.02990452170779 2
154.0 0 2 69 38.19828859664925 4
154.0 1 3 55 46.19774815348586 2
154.5 1 0 81 36.8856061970816 1
155.0 0 1 64 41.02990452170779 2
155.0 1 2 69 38.19828859664925 2.5
155.5 0 0 81 36.8856061970816 1
155.5 1 1 64 41.02990452170779 2
156.0 0 4 45 61.49695550351288 4.5
156.0 0 3 55 46.19774815348586 2
156.0 1 4 45 61.49695550351288 5.0
157.5 0 2 69 38.19828859664925 2.5
157.5 0 1 64 41.02990452170779 2
157.5 1 0 81 48.23905602594127 1
157.5 1 2 69 38.19828859664925 3.0
158.5 0 0 81 48.23905602594127 1
158.5 1 1 64 41.02990452170779 2
159.0 1 3 55 46.19774815348586 2
160.5 0 2 69 38.19828859664925 3.0
160.5 0 1 64 41.02990452170779 2
160.5 1 0 74 22.216717708520985 1
160.5 1 2 69 38.19828859664925 3.0
161.0 0 4 45 61.49695550351288 5.0
161.0 0 3 55 46.19774815348586 2
161.0 1 4 45 61.49695550351288 2.5
161.5 0 0 74 22.216717708520985 1
161.5 1 3 55 46.19774815348586 2
161.5 1 1 60 23.893712844532516 2
163.5 0 2 69 38.19828859664925 3.0
163.5 0 4 45 61.49695550351288 2.5
163.5 0 3 55 46.19774815348586 2
163.5 0 1 60 23.893712844532516 2
163.5 1 2 69 38.19828859664925 4
163.5 1 4 45 61.49695550351288 3.0
164.5 1 0 79 20.0 1
164.5 1 3 55 46.19774815348586 2
165.5 0 0 79 20.0 1
165.5 1 1 60 23.893712844532516 2
166.5 0 4 45 61.49695550351288 3.0
166.5 0 3 55 46.19774815348586 2
166.5 1 4 45 61.49695550351288 3.0
167.5 0 2 69 38.19828859664925 4
167.5 0 1 60 23.893712844532516 2
167.5 1 3 55 46.19774815348586 2
167.5 1 2 69 38.19828859664925 3.5
168.0 1 0 74 22.216717708520985 1
169.0 0 0 74 22.216717708520985 1
169.0 1 1 60 23.893712844532516 2
169.5 0 4 45 61.49695550351288 3.0
169.5 0 3 55 46.19774815348586 2
169.5 1 4 45 61.49695550351288 4.0
171.0 0 2 69 38.19828859664925 3.5
171.0 0 1 60 23.893712844532516 2
171.0 1 2 69 38.19828859664925 4
171.5 1 3 55 46.19774815348586 2
173.5 0 4 45 61.49695550351288 4.0
173.5 0 3 55 46.19774815348586 2
173.5 1 4 45 61.49695550351288 3.5
175.0 0 2 69 38.19828859664925 4
175.0 1 3 55 46.19774815348586 2
177.0 0 4 45 61.49695550351288 3.5
177.0 0 3 55 46.19774815348586 2
177.0 1 4 45 61.49695550351288 8
185.0 0 4 45 61.49695550351288 8
