0 1 0 76 111.36732120338677 1
1 0 0 76 111.36732120338677 1
1 1 1 62 111.17456314177625 2
3 0 1 62 111.17456314177625 2
3.0 1 0 79 105.62313096739325 1
3 1 2 64 109.02723833543504 3.0
4.0 0 0 79 105.62313096739325 1
4.0 1 1 62 111.17456314177625 2
6.0 0 2 64 109.02723833543504 3.0
6.0 0 1 62 111.17456314177625 2
6.0 1 2 64 109.02723833543504 3.5
6.5 1 0 79 117.63195820572871 1
7 1 3 55 96.77168077823814 2
7.5 0 0 79 117.63195820572871 1
7.5 1 1 62 111.17456314177625 2
9 0 3 55 96.77168077823814 2
9 1 4 45 82.61360115294542 3.0
9.5 0 2 64 109.02723833543504 3.5
9.5 0 1 62 111.17456314177625 2
9.5 1 2 64 109.02723833543504 3.5
10.0 1 0 74 103.86903260673752 1
10.0 1 3 55 96.77168077823814 2
11.0 0 0 74 103.86903260673752 1
11.0 1 1 57 109.49756800576472 2
12.0 0 4 45 82.61360115294542 3.0
12.0 0 3 55 96.77168077823814 2
12.0 1 4 45 82.61360115294542 3.5
13.0 0 2 64 109.02723833543504 3.5
13.0 0 1 57 109.49756800576472 2
13.0 1 2 64 109.02723833543504 4
13.5 1 3 55 96.77168077823814 2
14.75 1 0 69 108.9000180147721 1
15.5 0 4 45 82.61360115294542 3.5
15.5 0 3 55 96.77168077823814 2
15.5 1 4 45 82.61360115294542 3.5
15.75 0 0 69 108.9000180147721 1
15.75 1 1 57 109.49756800576472 2
17.0 0 2 64 109.02723833543504 4
17.0 1 3 55 96.77168077823814 2
17.75 0 1 57 109.49756800576472 2
17.75 1 2 64 109.02723833543504 4
19.0 0 4 45 82.61360115294542 3.5
19.0 0 3 55 96.77168077823814 2
19.0 1 4 45 82.61360115294542 4.75
19.5 1 0 74 115.95496306971715 1
20.5 0 0 74 115.95496306971715 1
20.5 1 1 57 109.49756800576472 2
21.75 0 2 64 109.02723833543504 4
21.75 1 3 55 96.77168077823814 2
22.5 0 1 57 109.49756800576472 2
22.5 1 2 64 109.02723833543504 4
23.75 0 4 45 82.61360115294542 4.75
23.75 0 3 55 96.77168077823814 2
23.75 1 4 45 82.61360115294542 4.75
24.25 1 0 72 127.0 1
25.25 0 0 72 127.0 1
25.25 1 1 55 120.94546928481354 1.25
26.5 0 2 64 109.02723833543504 4
26.5 0 1 55 120.94546928481354 1.25
26.5 1 3 55 96.77168077823814 2
27.25 1 2 64 109.02723833543504 3.5
27.75 1 0 67 120.58115654836966 1
28.5 0 4 45 82.61360115294542 4.75
28.5 0 3 55 96.77168077823814 2
28.5 1 4 45 82.61360115294542 4.75
28.75 0 0 67 120.58115654836966 1
28.75 1 1 55 120.94546928481354 2
30.75 0 2 64 109.02723833543504 3.5
30.75 0 1 55 120.94546928481354 2
30.75 1 2 64 109.02723833543504 3.0
31.0 1 0 69 121.31363718248963 1
31.25 1 3 55 96.77168077823814 0.75
32.0 0 0 69 121.31363718248963 1
32.0 0 3 55 96.77168077823814 0.75
32.0 1 1 55 120.94546928481354 2
33.25 0 4 45 82.61360115294542 4.75
33.25 1 4 45 82.61360115294542 3.5
33.75 0 2 64 109.02723833543504 3.0
33.75 1 0 64 79.60079264997296 0.25
34.0 0 1 55 120.94546928481354 2
34.0 0 0 64 79.60079264997296 0.25
34.0 1 2 64 109.02723833543504 3.25
34.75 1 3 55 96.77168077823814 2
34.75 1 1 50 83.0511619528013 2
36.75 0 4 45 82.61360115294542 3.5
36.75 0 3 55 96.77168077823814 2
36.75 0 1 50 83.0511619528013 2
36.75 1 2 62 96.61747432894974 3.5
36.75 1 4 45 82.61360115294542 3.25
37.25 0 2 64 109.02723833543504 3.25
37.25 1 0 64 79.27310394523508 1
38.0 1 3 55 96.77168077823814 2
38.25 0 0 64 79.27310394523508 1
38.25 1 1 50 83.0511619528013 2
40.0 0 4 45 82.61360115294542 3.25
40.0 0 3 55 96.77168077823814 2
40.0 1 0 60 83.34029904521708 1
40.0 1 4 45 82.61360115294542 2.75
40.25 0 2 62 96.61747432894974 3.5
40.25 0 1 50 83.0511619528013 2
40.25 1 2 62 96.61747432894974 2.75
40.75 1 3 55 96.77168077823814 2
41.0 0 0 60 83.34029904521708 1
41.0 1 1 50 83.0511619528013 2
42.75 0 4 45 82.61360115294542 2.75
42.75 0 3 55 96.77168077823814 2
42.75 1 4 45 82.61360115294542 3.5
43.0 0 2 62 96.61747432894974 2.75
43.0 0 1 50 83.0511619528013 2
43.0 1 0 60 103.13655197261754 1
43.0 1 2 62 96.61747432894974 2.5
44.0 0 0 60 103.13655197261754 1
44.0 1 1 50 103.56061970816069 2
44.25 1 3 55 96.77168077823814 2
45.5 0 2 62 96.61747432894974 2.5
45.5 1 0 62 100.36083588542604 0.5
46.0 0 1 50 103.56061970816069 2
46.0 0 0 62 100.36083588542604 0.5
46.0 1 2 62 96.61747432894974 1.5
46.25 0 4 45 82.61360115294542 3.5
46.25 0 3 55 96.77168077823814 2
46.25 1 4 45 82.61360115294542 2.75
46.5 1 1 50 103.56061970816069 2
47.0 1 3 55 96.77168077823814 2
47.5 0 2 62 96.61747432894974 1.5
47.5 1 0 62 110.69266798774994 1
48.5 0 1 50 103.56061970816069 2
48.5 0 0 62 110.69266798774994 1
48.5 1 1 50 103.56061970816069 2
48.5 1 2 62 96.61747432894974 2.0
49.0 0 4 45 82.61360115294542 2.75
49.0 0 3 55 96.77168077823814 2
49.0 1 4 45 82.61360115294542 3.0
50.0 1 0 64 109.65177445505313 1
50.0 1 3 55 96.77168077823814 2
50.5 0 1 50 103.56061970816069 2
50.5 0 2 62 96.61747432894974 2.0
50.5 1 2 62 96.61747432894974 2.5
51.0 0 0 64 109.65177445505313 1
51.0 1 1 50 102.71248423707439 2
52.0 0 4 45 82.61360115294542 3.0
52.0 0 3 55 96.77168077823814 2
52.0 1 4 45 82.61360115294542 2.5
52.5 1 3 55 96.77168077823814 2
53.0 0 2 62 96.61747432894974 2.5
53.0 0 1 50 102.71248423707439 2
53.0 1 2 62 96.61747432894974 4
54.0 1 0 64 98.72239236173661 1
54.5 0 4 45 82.61360115294542 2.5
54.5 0 3 55 96.77168077823814 2
54.5 1 3 55 96.77168077823814 2
54.5 1 4 45 82.61360115294542 2.0
55.0 0 0 64 98.72239236173661 1
55.0 1 1 50 102.71248423707439 2
56.5 0 3 55 96.77168077823814 2
56.5 0 4 45 82.61360115294542 2.0
56.5 1 4 45 82.61360115294542 2.5
57.0 0 2 62 96.61747432894974 4
57.0 0 1 50 102.71248423707439 2
57.0 1 3 55 96.77168077823814 2
57.0 1 2 62 96.61747432894974 4
58.25 1 0 60 102.90524229868491 1
59.0 0 4 45 82.61360115294542 2.5
59.0 0 3 55 96.77168077823814 2
59.0 1 4 45 82.61360115294542 4.0
59.25 0 0 60 102.90524229868491 1
59.25 1 1 50 102.71248423707439 2
61.0 0 2 62 96.61747432894974 4
61.0 1 3 55 96.77168077823814 2
61.25 0 1 50 102.71248423707439 2
61.25 1 2 62 96.61747432894974 4
62.25 1 0 64 86.34732480634119 1
63.0 0 4 45 82.61360115294542 4.0
63.0 0 3 55 96.77168077823814 2
63.0 1 4 45 82.61360115294542 4.25
63.25 0 0 64 86.34732480634119 1
63.25 1 1 55 83.76436678076021 1.75
64.0 1 0 69 77.73103945235093 1
65.0 0 1 55 83.76436678076021 1.75
65.0 0 0 69 77.73103945235093 1
65.0 1 1 55 83.76436678076021 0.25
65.25 0 2 62 96.61747432894974 4
65.25 0 1 55 83.76436678076021 0.25
65.25 1 3 55 96.77168077823814 2
65.25 1 2 64 93.94392001441182 1.75
66.25 1 0 69 81.93316519546026 1
67.0 0 2 64 93.94392001441182 1.75
67.0 1 2 64 93.94392001441182 2.25
67.25 0 4 45 82.61360115294542 4.25
67.25 0 3 55 96.77168077823814 2
67.25 0 0 69 81.93316519546026 1
67.25 1 1 55 83.76436678076021 2
67.25 1 4 45 82.61360115294542 4.0
67.75 1 0 76 82.58854260493604 1
68.75 0 0 76 82.58854260493604 1
68.75 1 1 60 89.00738605656638 2
69.25 0 2 64 93.94392001441182 2.25
69.25 0 1 55 83.76436678076021 2
69.25 1 3 55 96.77168077823814 1.75
69.25 1 2 64 93.94392001441182 1.5
70.5 1 0 79 94.01909565843991 1
70.75 0 1 60 89.00738605656638 2
70.75 0 2 64 93.94392001441182 1.5
70.75 1 2 64 93.94392001441182 2.75
71.0 0 3 55 96.77168077823814 1.75
71.0 1 3 55 96.77168077823814 2
71.25 0 4 45 82.61360115294542 4.0
71.25 1 4 45 82.61360115294542 1.75
71.5 0 0 79 94.01909565843991 1
71.5 1 1 60 89.00738605656638 2
73.0 0 3 55 96.77168077823814 2
73.0 0 4 45 82.61360115294542 1.75
73.0 1 4 45 82.61360115294542 2.25
73.25 1 0 76 87.88938929922536 1
73.25 1 3 55 96.77168077823814 1.5
73.5 0 2 64 93.94392001441182 2.75
73.5 0 1 60 89.00738605656638 2
73.5 1 2 64 93.94392001441182 2.75
74.25 0 0 76 87.88938929922536 1
74.25 1 1 60 89.00738605656638 2
74.75 0 3 55 96.77168077823814 1.5
74.75 1 3 55 96.77168077823814 2
75.25 0 4 45 82.61360115294542 2.25
75.25 1 0 72 103.86903260673752 1
75.25 1 4 45 82.61360115294542 1.5
76.25 0 2 64 93.94392001441182 2.75
76.25 0 1 60 89.00738605656638 2
76.25 0 0 72 103.86903260673752 1
76.25 1 1 57 105.6424067735543 1.5
76.25 1 2 64 93.94392001441182 2.0
76.75 0 3 55 96.77168077823814 2
76.75 0 4 45 82.61360115294542 1.5
76.75 1 0 72 111.09745991713204 1
76.75 1 4 45 82.61360115294542 2.75
77.5 1 3 55 96.77168077823814 2
77.75 0 1 57 105.6424067735543 1.5
77.75 0 0 72 111.09745991713204 1
77.75 1 1 57 105.6424067735543 2
78.25 0 2 64 93.94392001441182 2.0
78.25 1 2 64 93.94392001441182 1.5
78.75 1 0 67 107.9362277067195 1
79.5 0 4 45 82.61360115294542 2.75
79.5 0 3 55 96.77168077823814 2
79.5 1 4 45 82.61360115294542 2.75
79.75 0 1 57 105.6424067735543 2
79.75 0 2 64 93.94392001441182 1.5
79.75 0 0 67 107.9362277067195 1
79.75 1 1 57 105.6424067735543 1.75
79.75 1 2 64 93.94392001441182 2.0
80.25 1 3 55 96.77168077823814 2
80.5 1 0 74 64.68131868131869 1
81.5 0 1 57 105.6424067735543 1.75
81.5 0 0 74 64.68131868131869 1
81.5 1 1 57 58.51306070978202 2
81.75 0 2 64 93.94392001441182 2.0
81.75 1 2 64 93.94392001441182 1.75
82.25 0 4 45 82.61360115294542 2.75
82.25 0 3 55 96.77168077823814 2
82.25 1 3 55 96.77168077823814 1.5
82.25 1 4 45 82.61360115294542 2.0
83.0 1 0 72 60.2093316519546 1
83.5 0 1 57 58.51306070978202 2
83.5 0 2 64 93.94392001441182 1.75
83.5 1 2 64 49.00816069176725 2.5
83.75 0 3 55 96.77168077823814 1.5
83.75 1 3 55 96.77168077823814 2
84.0 0 0 72 60.2093316519546 1
84.0 1 1 57 58.51306070978202 1.75
84.25 0 4 45 82.61360115294542 2.0
84.25 1 4 45 82.61360115294542 1.5
84.75 1 0 76 55.56386236714105 1
85.75 0 3 55 96.77168077823814 2
85.75 0 1 57 58.51306070978202 1.75
85.75 0 4 45 82.61360115294542 1.5
85.75 0 0 76 55.56386236714105 1
85.75 1 3 55 96.77168077823814 1.75
85.75 1 1 57 58.51306070978202 2
85.75 1 4 45 82.61360115294542 2.0
86.0 0 2 64 49.00816069176725 2.5
86.0 1 2 64 49.00816069176725 1.75
87.0 1 0 69 38.81318681318681 1
87.5 0 3 55 96.77168077823814 1.75
87.5 1 3 55 46.19774815348586 0.5
87.75 0 1 57 58.51306070978202 2
87.75 0 4 45 82.61360115294542 2.0
87.75 0 2 64 49.00816069176725 1.75
87.75 1 2 64 49.00816069176725 2.25
87.75 1 4 45 82.61360115294542 1.75
88.0 0 0 69 38.81318681318681 1
88.0 0 3 55 46.19774815348586 0.5
88.0 1 1 55 36.96270942172581 1.75
88.75 1 0 67 32.240136912268056 1
89.5 0 4 45 82.61360115294542 1.75
89.5 1 4 45 61.49695550351288 2.5
89.75 0 1 55 36.96270942172581 1.75
89.75 0 0 67 32.240136912268056 1
89.75 1 1 55 36.96270942172581 0.25
90.0 0 2 64 49.00816069176725 2.25
90.0 0 1 55 36.96270942172581 0.25
90.0 1 3 55 46.19774815348586 1.75
90.0 1 2 64 49.00816069176725 1.75
91.0 1 0 72 33.74364979283012 1
91.75 0 3 55 46.19774815348586 1.75
91.75 0 2 64 49.00816069176725 1.75
91.75 1 3 55 46.19774815348586 0.25
91.75 1 2 64 49.00816069176725 1.5
92.0 0 4 45 61.49695550351288 2.5
92.0 0 0 72 33.74364979283012 1
92.0 0 3 55 46.19774815348586 0.25
92.0 1 1 55 36.96270942172581 2
92.0 1 4 45 61.49695550351288 1.75
93.25 0 2 64 49.00816069176725 1.5
93.25 1 0 64 61.115294541524044 0.75
93.75 0 4 45 61.49695550351288 1.75
93.75 1 4 45 61.49695550351288 2.25
94.0 0 1 55 36.96270942172581 2
94.0 0 0 64 61.115294541524044 0.75
94.0 1 3 55 46.19774815348586 1.75
94.0 1 2 64 49.00816069176725 2.0
94.25 1 1 52 54.40731399747793 2
95.75 0 3 55 46.19774815348586 1.75
95.75 1 3 55 46.19774815348586 2
96.0 0 4 45 61.49695550351288 2.25
96.0 0 2 64 49.00816069176725 2.0
96.0 1 0 64 49.85822374346964 0.25
96.0 1 4 45 61.49695550351288 1.75
96.25 0 1 52 54.40731399747793 2
96.25 0 0 64 49.85822374346964 0.25
96.25 1 2 64 49.00816069176725 2.5
97.0 1 1 52 54.40731399747793 2
97.75 0 3 55 46.19774815348586 2
97.75 0 4 45 61.49695550351288 1.75
97.75 1 4 45 61.49695550351288 2.25
98.0 1 3 55 46.19774815348586 2
98.75 0 2 64 49.00816069176725 2.5
98.75 1 0 64 55.04341560079265 0.25
99.0 0 1 52 54.40731399747793 2
99.0 0 0 64 55.04341560079265 0.25
99.0 1 2 64 49.00816069176725 2.75
99.75 1 1 52 54.40731399747793 2
100.0 0 4 45 61.49695550351288 2.25
100.0 0 3 55 46.19774815348586 2
100.0 1 4 45 61.49695550351288 2.25
100.25 1 3 55 46.19774815348586 2
100.75 1 0 67 24.87677895874617 1
101.75 0 2 64 49.00816069176725 2.75
101.75 0 1 52 54.40731399747793 2
101.75 0 0 67 24.87677895874617 1
101.75 1 1 52 30.640245000900734 2
101.75 1 2 64 49.00816069176725 2.0
102.25 0 4 45 61.49695550351288 2.25
102.25 0 3 55 46.19774815348586 2
102.25 1 4 45 61.49695550351288 2.75
103.0 1 3 55 46.19774815348586 2
103.75 0 1 52 30.640245000900734 2
103.75 0 2 64 49.00816069176725 2.0
103.75 1 2 64 41.027976941091694 0.5
104.25 0 2 64 41.027976941091694 0.5
104.25 1 0 64 33.358133669609074 1
105.0 0 4 45 61.49695550351288 2.75
105.0 0 3 55 46.19774815348586 2
105.0 1 4 45 61.49695550351288 2.75
105.25 0 0 64 33.358133669609074 1
105.25 1 1 52 30.640245000900734 2
105.75 1 3 55 46.19774815348586 2
107.25 0 1 52 30.640245000900734 2
107.25 1 2 64 41.027976941091694 0.25
107.5 0 2 64 41.027976941091694 0.25
107.5 1 0 64 28.365699873896595 1
107.75 0 4 45 61.49695550351288 2.75
107.75 0 3 55 46.19774815348586 2
107.75 1 3 55 46.19774815348586 2
107.75 1 4 45 61.49695550351288 2.0
108.5 0 0 64 28.365699873896595 1
108.5 1 1 52 30.640245000900734 2
109.75 0 3 55 46.19774815348586 2
109.75 0 4 45 61.49695550351288 2.0
109.75 1 4 45 61.49695550351288 3.5
110.5 0 1 52 30.640245000900734 2
110.5 1 2 64 41.027976941091694 1.0
111.25 1 3 55 46.19774815348586 2
111.5 0 2 64 41.027976941091694 1.0
111.5 1 0 64 49.04863988470545 1
112.5 0 0 64 49.04863988470545 1
112.5 1 1 52 51.7665285534138 2
113.25 0 4 45 61.49695550351288 3.5
113.25 0 3 55 46.19774815348586 2
113.25 1 4 45 61.49695550351288 3.25
114.5 0 1 52 51.7665285534138 2
114.5 1 3 55 46.19774815348586 2
114.5 1 2 64 41.027976941091694 1.5
116.0 0 2 64 41.027976941091694 1.5
116.0 1 0 64 54.54224464060529 1
116.5 0 4 45 61.49695550351288 3.25
116.5 0 3 55 46.19774815348586 2
116.5 1 4 45 61.49695550351288 4.0
117.0 0 0 64 54.54224464060529 1
117.0 1 1 52 51.7665285534138 2
118.5 1 3 55 46.19774815348586 2
119.0 0 1 52 51.7665285534138 2
119.0 1 2 64 41.027976941091694 3.75
119.75 1 0 67 57.183030084669426 1
120.5 0 4 45 61.49695550351288 4.0
120.5 0 3 55 46.19774815348586 2
120.5 1 4 45 61.49695550351288 4.5
120.75 0 0 67 57.183030084669426 1
120.75 1 1 52 51.7665285534138 2
122.75 0 2 64 41.027976941091694 3.75
122.75 0 1 52 51.7665285534138 2
122.75 1 2 64 41.027976941091694 4
123.0 1 3 55 46.19774815348586 2
124.25 1 0 69 33.24247883264276 1
125.0 0 4 45 61.49695550351288 4.5
125.0 0 3 55 46.19774815348586 2
125.0 1 4 45 61.49695550351288 3.75
125.25 0 0 69 33.24247883264276 1
125.25 1 1 57 35.76760943974058 2
126.75 0 2 64 41.027976941091694 4
126.75 1 3 55 46.19774815348586 2
127.25 0 1 57 35.76760943974058 2
127.25 1 2 64 41.027976941091694 4
128.75 0 4 45 61.49695550351288 3.75
128.75 0 3 55 46.19774815348586 2
128.75 1 4 45 61.49695550351288 4.5
129.25 1 0 74 41.16483516483517 1
130.25 0 0 74 41.16483516483517 1
130.25 1 1 57 35.76760943974058 2
131.25 0 2 64 41.027976941091694 4
131.25 1 3 55 46.19774815348586 2
132.25 0 1 57 35.76760943974058 2
132.25 1 2 64 41.027976941091694 4
133.25 0 4 45 61.49695550351288 4.5
133.25 0 3 55 46.19774815348586 2
133.25 1 4 45 61.49695550351288 5.0
134.5 1 0 74 30.19690145919654 1
135.5 0 0 74 30.19690145919654 1
135.5 1 1 57 35.76760943974058 2
136.25 0 2 64 41.027976941091694 4
136.25 1 3 55 46.19774815348586 2
137.5 0 1 57 35.76760943974058 2
137.5 1 2 64 41.027976941091694 2.75
138.25 0 4 45 61.49695550351288 5.0
138.25 0 3 55 46.19774815348586 2
138.25 1 4 45 61.49695550351288 5.25
139.25 1 0 81 47.371644748693924 1
140.25 0 2 64 41.027976941091694 2.75
140.25 0 0 81 47.371644748693924 1
140.25 1 1 64 40.37452711223203 2
141.5 1 3 55 46.19774815348586 2
142.25 0 1 64 40.37452711223203 2
142.25 1 2 69 38.19828859664925 4
143.5 0 4 45 61.49695550351288 5.25
143.5 0 3 55 46.19774815348586 2
143.5 1 4 45 61.49695550351288 4.75
143.75 1 0 84 35.63267879661322 1
144.75 0 0 84 35.63267879661322 1
144.75 1 1 64 40.37452711223203 2
146.25 0 2 69 38.19828859664925 4
146.25 1 3 55 46.19774815348586 2
146.75 0 1 64 40.37452711223203 2
146.75 1 2 69 38.19828859664925 4
148.25 0 4 45 61.49695550351288 4.75
148.25 0 3 55 46.19774815348586 2
148.25 1 0 79 39.27580616105206 1
148.25 1 4 45 61.49695550351288 4.5
149.25 0 0 79 39.27580616105206 1
149.25 1 1 64 40.37452711223203 2
150.75 0 2 69 38.19828859664925 4
150.75 1 3 55 46.19774815348586 2
151.25 0 1 64 40.37452711223203 2
151.25 1 2 69 38.19828859664925 4
152.75 0 4 45 61.49695550351288 4.5
152.75 0 3 55 46.19774815348586 2
152.75 1 4 45 61.49695550351288 4.5
153.0 1 0 79 39.41073680417942 1
154.0 0 0 79 39.41073680417942 1
154.0 1 1 64 41.02990452170779 2
155.25 0 2 69 38.19828859664925 4
155.25 1 3 55 46.19774815348586 2
155.5 1 0 81 36.8856061970816 1
156.0 0 1 64 41.02990452170779 2
156.0 1 2 69 38.19828859664925 2.5
156.5 0 0 81 36.8856061970816 1
156.5 1 1 64 41.02990452170779 2
157.25 0 4 45 61.49695550351288 4.5
157.25 0 3 55 46.19774815348586 2
157.25 1 4 45 61.49695550351288 4.75
158.5 0 2 69 38.19828859664925 2.5
158.5 0 1 64 41.02990452170779 2
158.5 1 0 81 48.23905602594127 1
158.5 1 2 69 38.19828859664925 3.0
159.5 0 0 81 48.23905602594127 1
159.5 1 1 64 41.02990452170779 2
160.0 1 3 55 46.19774815348586 2
161.5 0 2 69 38.19828859664925 3.0
161.5 0 1 64 41.02990452170779 2
161.5 1 0 74 22.216717708520985 1
161.5 1 2 69 38.19828859664925 3.0
162.0 0 4 45 61.49695550351288 4.75
162.0 0 3 55 46.19774815348586 2
162.0 1 4 45 61.49695550351288 2.5
162.5 0 0 74 22.216717708520985 1
162.5 1 3 55 46.19774815348586 2
162.5 1 1 60 23.893712844532516 2
164.5 0 2 69 38.19828859664925 3.0
164.5 0 4 45 61.49695550351288 2.5
164.5 0 3 55 46.19774815348586 2
164.5 0 1 60 23.893712844532516 2
164.5 1 2 69 38.19828859664925 4
164.5 1 4 45 61.49695550351288 3.0
165.5 1 0 79 20.0 1
165.5 1 3 55 46.19774815348586 2
166.5 0 0 79 20.0 1
166.5 1 1 60 23.893712844532516 2
167.5 0 4 45 61.49695550351288 3.0
167.5 0 3 55 46.19774815348586 2
167.5 1 4 45 61.49695550351288 3.0
168.5 0 2 69 38.19828859664925 4
168.5 0 1 60 23.893712844532516 2
168.5 1 3 55 46.19774815348586 2
168.5 1 2 69 38.19828859664925 3.75
169.25 1 0 74 22.216717708520985 1
170.25 0 0 74 22.216717708520985 1
170.25 1 1 60 23.893712844532516 2
170.5 0 4 45 61.49695550351288 3.0
170.5 0 3 55 46.19774815348586 2
170.5 1 4 45 61.49695550351288 4.0
172.25 0 2 69 38.19828859664925 3.75
172.25 0 1 60 23.893712844532516 2
172.25 1 2 69 38.19828859664925 4
172.5 1 3 55 46.19774815348586 2
174.5 0 4 45 61.49695550351288 4.0
174.5 0 3 55 46.19774815348586 2
174.5 1 4 45 61.49695550351288 3.75
176.25 0 2 69 38.19828859664925 4
176.25 1 3 55 46.19774815348586 2
178.25 0 4 45 61.49695550351288 3.75
178.25 0 3 55 46.19774815348586 2
178.25 1 4 45 61.49695550351288 8
186.25 0 4 45 61.49695550351288 8
