0.5 1 0 76 111.36732120338677 1
1.5 0 0 76 111.36732120338677 1
2.0 1 1 62 111.17456314177625 2
3.5 1 0 79 105.62313096739325 1
4.0 0 1 62 111.17456314177625 2
4.5 0 0 79 105.62313096739325 1
4.5 1 2 64 109.02723833543504 3.0
5.0 1 1 62 111.17456314177625 2
7.0 0 1 62 111.17456314177625 2
7.5 0 2 64 109.02723833543504 3.0
7.5 1 0 79 117.63195820572871 1
7.5 1 2 64 109.02723833543504 4
8.5 0 0 79 117.63195820572871 1
9.0 1 3 55 96.77168077823814 2
9.0 1 1 62 111.17456314177625 2
11.0 0 3 55 96.77168077823814 2
11.0 0 1 62 111.17456314177625 2
11.5 0 2 64 109.02723833543504 4
11.5 1 2 64 109.02723833543504 4
11.5 1 4 45 82.61360115294542 3.0
12.0 1 0 74 103.86903260673752 1
12.0 1 3 55 96.77168077823814 2
13.0 0 0 74 103.86903260673752 1
14.0 0 3 55 96.77168077823814 2
14.0 1 1 57 109.49756800576472 2
14.5 0 4 45 82.61360115294542 3.0
14.5 1 4 45 82.61360115294542 4.0
15.5 0 2 64 109.02723833543504 4
16.0 0 1 57 109.49756800576472 2
16.0 1 3 55 96.77168077823814 2
16.5 1 2 64 109.02723833543504 4
18.0 0 3 55 96.77168077823814 2
18.0 1 0 69 108.9000180147721 1
18.5 0 4 45 82.61360115294542 4.0
18.5 1 4 45 82.61360115294542 5.0
19.0 0 0 69 108.9000180147721 1
20.0 1 1 57 109.49756800576472 2
20.5 0 2 64 109.02723833543504 4
21.0 1 3 55 96.77168077823814 2
22.0 0 1 57 109.49756800576472 2
22.5 1 2 64 109.02723833543504 4
23.0 0 3 55 96.77168077823814 2
23.5 0 4 45 82.61360115294542 5.0
23.5 1 0 74 115.95496306971715 1
23.5 1 4 45 82.61360115294542 6.0
24.5 0 0 74 115.95496306971715 1
25.5 1 1 57 109.49756800576472 2
26.5 0 2 64 109.02723833543504 4
27.0 1 3 55 96.77168077823814 2
27.5 0 1 57 109.49756800576472 2
28.0 1 2 64 109.02723833543504 4
28.5 1 0 72 127.0 1
29.0 0 3 55 96.77168077823814 2
29.5 0 4 45 82.61360115294542 6.0
29.5 0 0 72 127.0 1
29.5 1 4 45 82.61360115294542 5.5
30.0 1 1 55 120.94546928481354 2
32.0 0 2 64 109.02723833543504 4
32.0 0 1 55 120.94546928481354 2
32.5 1 0 67 120.58115654836966 1
32.5 1 3 55 96.77168077823814 1.5
32.5 1 2 64 109.02723833543504 4
33.5 0 0 67 120.58115654836966 1
34.0 0 3 55 96.77168077823814 1.5
34.0 1 1 55 120.94546928481354 2
35.0 0 4 45 82.61360115294542 5.5
35.0 1 4 45 82.61360115294542 4.5
36.0 0 1 55 120.94546928481354 2
36.0 1 0 69 121.31363718248963 1
36.5 0 2 64 109.02723833543504 4
36.5 1 2 64 109.02723833543504 2.5
37.0 0 0 69 121.31363718248963 1
37.0 1 3 55 96.77168077823814 0.5
37.5 0 3 55 96.77168077823814 0.5
37.5 1 1 55 120.94546928481354 2
39.0 0 2 64 109.02723833543504 2.5
39.0 1 0 64 79.60079264997296 1
39.5 0 4 45 82.61360115294542 4.5
39.5 0 1 55 120.94546928481354 2
39.5 1 4 45 82.61360115294542 4.0
40.0 0 0 64 79.60079264997296 1
40.0 1 2 64 109.02723833543504 3.0
40.5 1 1 50 83.0511619528013 2
41.0 1 3 55 96.77168077823814 2
42.5 0 1 50 83.0511619528013 2
43.0 0 2 64 109.02723833543504 3.0
43.0 0 3 55 96.77168077823814 2
43.0 1 0 64 79.27310394523508 1
43.0 1 2 62 96.61747432894974 4
43.5 0 4 45 82.61360115294542 4.0
43.5 1 4 45 82.61360115294542 3.5
44.0 0 0 64 79.27310394523508 1
44.5 1 3 55 96.77168077823814 2
44.5 1 1 50 83.0511619528013 2
46.0 1 0 60 83.34029904521708 1
46.5 0 3 55 96.77168077823814 2
46.5 0 1 50 83.0511619528013 2
47.0 0 2 62 96.61747432894974 4
47.0 0 4 45 82.61360115294542 3.5
47.0 0 0 60 83.34029904521708 1
47.0 1 2 62 96.61747432894974 3.0
47.0 1 4 45 82.61360115294542 3.0
47.5 1 3 55 96.77168077823814 2
47.5 1 1 50 83.0511619528013 2
49.0 1 0 60 103.13655197261754 1
49.5 0 3 55 96.77168077823814 2
49.5 0 1 50 83.0511619528013 2
50.0 0 2 62 96.61747432894974 3.0
50.0 0 4 45 82.61360115294542 3.0
50.0 0 0 60 103.13655197261754 1
50.0 1 1 50 103.56061970816069 2
50.0 1 2 62 96.61747432894974 1.0
50.0 1 4 45 82.61360115294542 4.0
51.0 0 2 62 96.61747432894974 1.0
51.0 1 0 62 100.36083588542604 1
51.5 1 3 55 96.77168077823814 2
52.0 0 1 50 103.56061970816069 2
52.0 0 0 62 100.36083588542604 1
52.0 1 1 50 103.56061970816069 1.5
52.5 1 2 62 96.61747432894974 2.0
53.5 0 3 55 96.77168077823814 2
53.5 0 1 50 103.56061970816069 1.5
53.5 1 1 50 103.56061970816069 2
54.0 0 4 45 82.61360115294542 4.0
54.0 1 4 45 82.61360115294542 3.0
54.5 0 2 62 96.61747432894974 2.0
54.5 1 3 55 96.77168077823814 2
54.5 1 2 62 96.61747432894974 1.5
55.5 0 1 50 103.56061970816069 2
55.5 1 0 64 109.65177445505313 1
56.0 0 2 62 96.61747432894974 1.5
56.0 1 2 62 96.61747432894974 4
56.5 0 3 55 96.77168077823814 2
56.5 0 0 64 109.65177445505313 1
57.0 0 4 45 82.61360115294542 3.0
57.0 1 3 55 96.77168077823814 2
57.0 1 4 45 82.61360115294542 2.5
57.5 1 1 50 102.71248423707439 2
59.0 0 3 55 96.77168077823814 2
59.0 1 3 55 96.77168077823814 1.5
59.5 0 4 45 82.61360115294542 2.5
59.5 0 1 50 102.71248423707439 2
59.5 1 4 45 82.61360115294542 2.0
60.0 0 2 62 96.61747432894974 4
60.0 1 2 62 96.61747432894974 4
60.5 0 3 55 96.77168077823814 1.5
60.5 1 0 64 98.72239236173661 1
60.5 1 3 55 96.77168077823814 2
61.5 0 4 45 82.61360115294542 2.0
61.5 0 0 64 98.72239236173661 1
61.5 1 4 45 82.61360115294542 1.5
62.5 0 3 55 96.77168077823814 2
62.5 1 1 50 102.71248423707439 2
63.0 0 4 45 82.61360115294542 1.5
63.0 1 4 45 82.61360115294542 4.0
64.0 0 2 62 96.61747432894974 4
64.5 0 1 50 102.71248423707439 2
64.5 1 3 55 96.77168077823814 2
65.0 1 2 62 96.61747432894974 4
66.0 1 0 60 102.90524229868491 1
66.5 0 3 55 96.77168077823814 2
67.0 0 4 45 82.61360115294542 4.0
67.0 0 0 60 102.90524229868491 1
67.0 1 4 45 82.61360115294542 5.0
68.0 1 1 50 102.71248423707439 2
69.0 0 2 62 96.61747432894974 4
69.5 1 3 55 96.77168077823814 1.5
70.0 0 1 50 102.71248423707439 2
70.0 1 0 64 86.34732480634119 1
70.5 1 2 62 96.61747432894974 4
71.0 0 3 55 96.77168077823814 1.5
71.0 0 0 64 86.34732480634119 1
71.0 1 0 69 77.73103945235093 1
71.0 1 1 55 83.76436678076021 1.0
72.0 0 4 45 82.61360115294542 5.0
72.0 0 0 69 77.73103945235093 1
72.0 0 1 55 83.76436678076021 1.0
72.0 1 1 55 83.76436678076021 1.5
72.0 1 4 45 82.61360115294542 5.5
72.5 1 0 69 81.93316519546026 1
73.0 1 2 64 93.94392001441182 1.0
73.5 0 1 55 83.76436678076021 1.5
73.5 0 0 69 81.93316519546026 1
73.5 1 1 55 83.76436678076021 1.5
74.0 0 2 64 93.94392001441182 1.0
74.0 1 0 76 82.58854260493604 1
74.0 1 2 64 93.94392001441182 1.5
74.5 0 2 62 96.61747432894974 4
75.0 0 1 55 83.76436678076021 1.5
75.0 0 0 76 82.58854260493604 1
75.0 1 3 55 96.77168077823814 2
75.0 1 1 60 89.00738605656638 2
75.5 0 2 64 93.94392001441182 1.5
75.5 1 2 64 93.94392001441182 1.5
77.0 0 3 55 96.77168077823814 2
77.0 0 1 60 89.00738605656638 2
77.0 0 2 64 93.94392001441182 1.5
77.0 1 0 79 94.01909565843991 1
77.0 1 2 64 93.94392001441182 3.0
77.5 0 4 45 82.61360115294542 5.5
77.5 1 3 55 96.77168077823814 1.0
77.5 1 4 45 82.61360115294542 2.5
78.0 0 0 79 94.01909565843991 1
78.0 1 1 60 89.00738605656638 2
78.5 0 3 55 96.77168077823814 1.0
78.5 1 3 55 96.77168077823814 1.5
79.5 1 0 76 87.88938929922536 1
80.0 0 2 64 93.94392001441182 3.0
80.0 0 4 45 82.61360115294542 2.5
80.0 0 1 60 89.00738605656638 2
80.0 0 3 55 96.77168077823814 1.5
80.0 1 3 55 96.77168077823814 1.5
80.0 1 2 64 93.94392001441182 2.5
80.0 1 4 45 82.61360115294542 1.0
80.5 0 0 76 87.88938929922536 1
80.5 1 1 60 89.00738605656638 2
81.0 0 4 45 82.61360115294542 1.0
81.0 1 0 72 103.86903260673752 1
81.0 1 4 45 82.61360115294542 1.5
81.5 0 3 55 96.77168077823814 1.5
81.5 1 3 55 96.77168077823814 2
82.0 0 0 72 103.86903260673752 1
82.0 1 0 72 111.09745991713204 1
82.0 1 1 57 105.6424067735543 1.0
82.5 0 2 64 93.94392001441182 2.5
82.5 0 1 60 89.00738605656638 2
82.5 0 4 45 82.61360115294542 1.5
82.5 1 2 64 93.94392001441182 1.5
82.5 1 4 45 82.61360115294542 1.5
83.0 0 0 72 111.09745991713204 1
83.0 0 1 57 105.6424067735543 1.0
83.0 1 1 57 105.6424067735543 1.5
83.5 0 3 55 96.77168077823814 2
83.5 1 0 67 107.9362277067195 1
84.0 0 2 64 93.94392001441182 1.5
84.0 0 4 45 82.61360115294542 1.5
84.0 1 2 64 93.94392001441182 1.0
84.0 1 4 45 82.61360115294542 3.0
84.5 0 1 57 105.6424067735543 1.5
84.5 0 0 67 107.9362277067195 1
84.5 1 0 74 64.68131868131869 1
84.5 1 3 55 96.77168077823814 2
84.5 1 1 57 105.6424067735543 1.0
85.0 0 2 64 93.94392001441182 1.0
85.0 1 2 64 93.94392001441182 1.5
85.5 0 0 74 64.68131868131869 1
85.5 0 1 57 105.6424067735543 1.0
85.5 1 1 57 58.51306070978202 2
86.5 0 3 55 96.77168077823814 2
86.5 0 2 64 93.94392001441182 1.5
86.5 1 0 72 60.2093316519546 1
86.5 1 2 64 93.94392001441182 1.5
87.0 0 4 45 82.61360115294542 3.0
87.0 1 3 55 96.77168077823814 1.5
87.0 1 4 45 82.61360115294542 2.5
87.5 0 1 57 58.51306070978202 2
87.5 0 0 72 60.2093316519546 1
87.5 1 1 57 58.51306070978202 1.5
88.0 0 2 64 93.94392001441182 1.5
88.0 1 0 76 55.56386236714105 1
88.0 1 2 64 49.00816069176725 2.0
88.5 0 3 55 96.77168077823814 1.5
88.5 1 3 55 96.77168077823814 1.0
89.0 0 1 57 58.51306070978202 1.5
89.0 0 0 76 55.56386236714105 1
89.0 1 1 57 58.51306070978202 2
89.5 0 4 45 82.61360115294542 2.5
89.5 0 3 55 96.77168077823814 1.0
89.5 1 3 55 96.77168077823814 1.5
89.5 1 4 45 82.61360115294542 1.5
90.0 0 2 64 49.00816069176725 2.0
90.0 1 0 69 38.81318681318681 1
90.0 1 2 64 49.00816069176725 1.5
91.0 0 1 57 58.51306070978202 2
91.0 0 3 55 96.77168077823814 1.5
91.0 0 4 45 82.61360115294542 1.5
91.0 0 0 69 38.81318681318681 1
91.0 1 0 67 32.240136912268056 1
91.0 1 1 55 36.96270942172581 1.0
91.0 1 4 45 82.61360115294542 1.0
91.5 0 2 64 49.00816069176725 1.5
91.5 1 2 64 49.00816069176725 2.0
92.0 0 0 67 32.240136912268056 1
92.0 0 1 55 36.96270942172581 1.0
92.0 0 4 45 82.61360115294542 1.0
92.0 1 1 55 36.96270942172581 0.5
92.0 1 4 45 82.61360115294542 1.5
92.5 0 1 55 36.96270942172581 0.5
92.5 1 3 55 46.19774815348586 1.5
93.0 1 0 72 33.74364979283012 1
93.5 0 2 64 49.00816069176725 2.0
93.5 0 4 45 82.61360115294542 1.5
93.5 1 2 64 49.00816069176725 1.0
93.5 1 4 45 82.61360115294542 2.0
94.0 0 3 55 46.19774815348586 1.5
94.0 0 0 72 33.74364979283012 1
94.0 1 1 55 36.96270942172581 0.5
94.5 0 2 64 49.00816069176725 1.0
94.5 0 1 55 36.96270942172581 0.5
94.5 1 3 55 46.19774815348586 1.5
94.5 1 2 64 49.00816069176725 0.5
95.0 0 2 64 49.00816069176725 0.5
95.0 1 0 64 61.115294541524044 1
95.5 0 4 45 82.61360115294542 2.0
95.5 1 4 45 61.49695550351288 2.0
96.0 0 3 55 46.19774815348586 1.5
96.0 0 0 64 61.115294541524044 1
96.0 1 3 55 46.19774815348586 2
96.0 1 1 52 54.40731399747793 2
96.5 1 2 64 49.00816069176725 1.5
97.5 0 4 45 61.49695550351288 2.0
97.5 1 4 45 61.49695550351288 1.5
98.0 0 3 55 46.19774815348586 2
98.0 0 1 52 54.40731399747793 2
98.0 0 2 64 49.00816069176725 1.5
98.0 1 0 64 49.85822374346964 0.5
98.0 1 3 55 46.19774815348586 1.0
98.5 0 0 64 49.85822374346964 0.5
98.5 1 2 64 49.00816069176725 2.0
99.0 0 4 45 61.49695550351288 1.5
99.0 0 3 55 46.19774815348586 1.0
99.0 1 3 55 46.19774815348586 2
99.0 1 1 52 54.40731399747793 2
99.0 1 4 45 61.49695550351288 2.0
100.5 0 2 64 49.00816069176725 2.0
100.5 1 0 64 55.04341560079265 1
101.0 0 3 55 46.19774815348586 2
101.0 0 1 52 54.40731399747793 2
101.0 0 4 45 61.49695550351288 2.0
101.0 1 3 55 46.19774815348586 2
101.0 1 4 45 61.49695550351288 1.0
101.5 0 0 64 55.04341560079265 1
101.5 1 1 52 54.40731399747793 2
101.5 1 2 64 49.00816069176725 2.5
102.0 0 4 45 61.49695550351288 1.0
102.0 1 4 45 61.49695550351288 2.0
102.5 1 0 67 24.87677895874617 1
103.0 0 3 55 46.19774815348586 2
103.0 1 3 55 46.19774815348586 2
103.5 0 1 52 54.40731399747793 2
103.5 0 0 67 24.87677895874617 1
104.0 0 2 64 49.00816069176725 2.5
104.0 0 4 45 61.49695550351288 2.0
104.0 1 1 52 30.640245000900734 2
104.0 1 2 64 49.00816069176725 2.5
104.0 1 4 45 61.49695550351288 2.0
105.0 0 3 55 46.19774815348586 2
106.0 0 1 52 30.640245000900734 2
106.0 0 4 45 61.49695550351288 2.0
106.0 1 3 55 46.19774815348586 2
106.0 1 4 45 61.49695550351288 3.0
106.5 0 2 64 49.00816069176725 2.5
106.5 1 0 64 33.358133669609074 0.5
107.0 0 0 64 33.358133669609074 0.5
107.0 1 2 64 41.027976941091694 3.5
108.0 0 3 55 46.19774815348586 2
108.0 1 1 52 30.640245000900734 2
108.5 1 3 55 46.19774815348586 2
109.0 0 4 45 61.49695550351288 3.0
109.0 1 4 45 61.49695550351288 2.5
110.0 0 1 52 30.640245000900734 2
110.5 0 2 64 41.027976941091694 3.5
110.5 0 3 55 46.19774815348586 2
110.5 1 0 64 28.365699873896595 0.5
111.0 0 0 64 28.365699873896595 0.5
111.0 1 2 64 41.027976941091694 4
111.5 0 4 45 61.49695550351288 2.5
111.5 1 3 55 46.19774815348586 2
111.5 1 4 45 61.49695550351288 3.0
112.0 1 1 52 30.640245000900734 2
113.5 0 3 55 46.19774815348586 2
114.0 0 1 52 30.640245000900734 2
114.5 0 4 45 61.49695550351288 3.0
114.5 1 4 45 61.49695550351288 4.0
115.0 0 2 64 41.027976941091694 4
115.0 1 2 64 41.027976941091694 0.5
115.5 0 2 64 41.027976941091694 0.5
115.5 1 0 64 49.04863988470545 1
115.5 1 3 55 46.19774815348586 2
116.5 0 0 64 49.04863988470545 1
117.5 0 3 55 46.19774815348586 2
117.5 1 1 52 51.7665285534138 2
118.5 0 4 45 61.49695550351288 4.0
118.5 1 4 45 61.49695550351288 4.0
119.5 0 1 52 51.7665285534138 2
119.5 1 3 55 46.19774815348586 2
120.5 1 2 64 41.027976941091694 4
121.5 0 3 55 46.19774815348586 2
122.5 0 4 45 61.49695550351288 4.0
122.5 1 1 52 51.7665285534138 2
122.5 1 4 45 61.49695550351288 5.5
124.5 0 2 64 41.027976941091694 4
124.5 0 1 52 51.7665285534138 2
125.0 1 0 67 57.183030084669426 1
125.0 1 3 55 46.19774815348586 2
125.5 1 2 64 41.027976941091694 4
126.0 0 0 67 57.183030084669426 1
127.0 0 3 55 46.19774815348586 2
127.0 1 1 52 51.7665285534138 2
128.0 0 4 45 61.49695550351288 5.5
128.0 1 4 45 61.49695550351288 5.0
129.0 0 1 52 51.7665285534138 2
129.5 0 2 64 41.027976941091694 4
130.0 1 3 55 46.19774815348586 2
130.0 1 2 64 41.027976941091694 4
130.5 1 0 69 33.24247883264276 1
131.5 0 0 69 33.24247883264276 1
132.0 0 3 55 46.19774815348586 2
132.5 1 1 57 35.76760943974058 2
133.0 0 4 45 61.49695550351288 5.0
133.0 1 4 45 61.49695550351288 4.5
134.0 0 2 64 41.027976941091694 4
134.5 0 1 57 35.76760943974058 2
134.5 1 3 55 46.19774815348586 2
135.5 1 2 64 41.027976941091694 4
136.5 0 3 55 46.19774815348586 2
137.0 1 0 74 41.16483516483517 1
137.5 0 4 45 61.49695550351288 4.5
137.5 1 4 45 61.49695550351288 5.5
138.0 0 0 74 41.16483516483517 1
139.0 1 1 57 35.76760943974058 2
139.5 0 2 64 41.027976941091694 4
140.0 1 3 55 46.19774815348586 2
141.0 0 1 57 35.76760943974058 2
142.0 0 3 55 46.19774815348586 2
142.0 1 2 64 41.027976941091694 4
143.0 0 4 45 61.49695550351288 5.5
143.0 1 4 45 61.49695550351288 6.5
143.5 1 0 74 30.19690145919654 1
144.5 0 0 74 30.19690145919654 1
145.5 1 1 57 35.76760943974058 2
146.0 0 2 64 41.027976941091694 4
146.5 1 3 55 46.19774815348586 2
147.5 0 1 57 35.76760943974058 2
148.5 0 3 55 46.19774815348586 2
148.5 1 2 64 41.027976941091694 3.0
149.5 0 4 45 61.49695550351288 6.5
149.5 1 0 81 47.371644748693924 1
149.5 1 4 45 61.49695550351288 6.5
150.5 0 0 81 47.371644748693924 1
151.5 0 2 64 41.027976941091694 3.0
151.5 1 1 64 40.37452711223203 2
153.0 1 3 55 46.19774815348586 2
153.5 0 1 64 40.37452711223203 2
154.0 1 2 69 38.19828859664925 4
155.0 0 3 55 46.19774815348586 2
155.0 1 0 84 35.63267879661322 1
156.0 0 4 45 61.49695550351288 6.5
156.0 0 0 84 35.63267879661322 1
156.0 1 4 45 61.49695550351288 5.5
157.0 1 1 64 40.37452711223203 2
158.0 0 2 69 38.19828859664925 4
158.5 1 3 55 46.19774815348586 2
159.0 0 1 64 40.37452711223203 2
159.5 1 2 69 38.19828859664925 4
160.5 0 3 55 46.19774815348586 2
160.5 1 0 79 39.27580616105206 1
161.5 0 4 45 61.49695550351288 5.5
161.5 0 0 79 39.27580616105206 1
161.5 1 4 45 61.49695550351288 5.5
162.5 1 1 64 40.37452711223203 2
163.5 0 2 69 38.19828859664925 4
164.0 1 3 55 46.19774815348586 2
164.5 0 1 64 40.37452711223203 2
165.0 1 2 69 38.19828859664925 4
165.5 1 0 79 39.41073680417942 1
166.0 0 3 55 46.19774815348586 2
166.5 0 0 79 39.41073680417942 1
167.0 0 4 45 61.49695550351288 5.5
167.0 1 1 64 41.02990452170779 2
167.0 1 4 45 61.49695550351288 5.5
168.0 1 0 81 36.8856061970816 1
169.0 0 2 69 38.19828859664925 4
169.0 0 1 64 41.02990452170779 2
169.0 0 0 81 36.8856061970816 1
169.5 1 3 55 46.19774815348586 2
169.5 1 1 64 41.02990452170779 2
169.5 1 2 69 38.19828859664925 2.5
171.5 0 3 55 46.19774815348586 2
171.5 0 1 64 41.02990452170779 2
171.5 1 0 81 48.23905602594127 1
172.0 0 2 69 38.19828859664925 2.5
172.0 1 2 69 38.19828859664925 3.5
172.5 0 4 45 61.49695550351288 5.5
172.5 0 0 81 48.23905602594127 1
172.5 1 4 45 61.49695550351288 4.5
173.0 1 1 64 41.02990452170779 2
174.0 1 3 55 46.19774815348586 2
175.0 0 1 64 41.02990452170779 2
175.0 1 0 74 22.216717708520985 1
175.5 0 2 69 38.19828859664925 3.5
175.5 1 2 69 38.19828859664925 3.5
176.0 0 3 55 46.19774815348586 2
176.0 0 0 74 22.216717708520985 1
176.5 1 3 55 46.19774815348586 2
176.5 1 1 60 23.893712844532516 2
177.0 0 4 45 61.49695550351288 4.5
177.0 1 4 45 61.49695550351288 2.5
178.5 0 3 55 46.19774815348586 2
178.5 0 1 60 23.893712844532516 2
179.0 0 2 69 38.19828859664925 3.5
179.0 1 2 69 38.19828859664925 4
179.5 0 4 45 61.49695550351288 2.5
179.5 1 0 79 20.0 1
179.5 1 4 45 61.49695550351288 3.5
180.0 1 3 55 46.19774815348586 2
180.5 0 0 79 20.0 1
181.0 1 1 60 23.893712844532516 2
182.0 0 3 55 46.19774815348586 2
183.0 0 2 69 38.19828859664925 4
183.0 0 4 45 61.49695550351288 3.5
183.0 0 1 60 23.893712844532516 2
183.0 1 4 45 61.49695550351288 3.5
183.5 1 0 74 22.216717708520985 1
183.5 1 3 55 46.19774815348586 2
183.5 1 2 69 38.19828859664925 4
184.5 0 0 74 22.216717708520985 1
185.0 1 1 60 23.893712844532516 2
185.5 0 3 55 46.19774815348586 2
186.5 0 4 45 61.49695550351288 3.5
186.5 1 4 45 61.49695550351288 4.5
187.0 0 1 60 23.893712844532516 2
187.5 0 2 69 38.19828859664925 4
187.5 1 2 69 38.19828859664925 4
188.0 1 3 55 46.19774815348586 2
190.0 0 3 55 46.19774815348586 2
191.0 0 4 45 61.49695550351288 4.5
191.0 1 4 45 61.49695550351288 4.0
191.5 0 2 69 38.19828859664925 4
192.0 1 3 55 46.19774815348586 2
194.0 0 3 55 46.19774815348586 2
195.0 0 4 45 61.49695550351288 4.0
195.0 1 4 45 61.49695550351288 8
203.0 0 4 45 61.49695550351288 8
