76
62
79
64
62
79
64
55
62
64
45
74
55
57
45
55
64
69
45
57
55
64
74
45
57
55
64
72
45
55
67
55
64
55
45
69
64
55
55
64
45
64
50
55
64
62
45
55
50
60
62
45
55
50
60
50
62
45
62
55
50
62
62
50
45
55
62
64
62
55
45
50
55
45
62
64
55
45
50
45
55
62
60
45
50
55
64
62
69
55
55
45
69
64
55
76
64
55
60
64
79
64
55
45
60
55
76
55
64
45
60
72
45
55
72
57
64
45
57
67
64
45
74
55
57
64
57
72
64
55
45
57
76
64
55
57
55
45
69
64
67
55
55
45
64
55
45
55
72
64
45
55
55
64
64
45
55
52
64
45
64
55
64
55
52
45
64
55
45
52
64
45
67
55
52
64
45
55
45
64
64
52
55
45
64
64
55
45
52
45
64
64
55
52
45
55
64
64
52
45
67
55
64
52
45
55
64
69
57
45
55
64
74
45
57
55
64
45
74
57
55
64
81
45
64
55
69
84
45
64
55
69
79
45
64
55
69
79
64
45
81
55
64
69
81
69
45
64
55
74
69
55
60
45
69
79
45
55
60
45
74
55
69
60
45
69
55
45
55
45
