111.36732120338677
111.17456314177625
105.62313096739325
109.02723833543504
111.17456314177625
117.63195820572871
109.02723833543504
96.77168077823814
111.17456314177625
109.02723833543504
82.61360115294542
103.86903260673752
96.77168077823814
109.49756800576472
82.61360115294542
96.77168077823814
109.02723833543504
108.9000180147721
82.61360115294542
109.49756800576472
96.77168077823814
109.02723833543504
115.95496306971715
82.61360115294542
109.49756800576472
96.77168077823814
109.02723833543504
127.0
82.61360115294542
120.94546928481354
120.58115654836966
96.77168077823814
109.02723833543504
120.94546928481354
82.61360115294542
121.31363718248963
109.02723833543504
96.77168077823814
120.94546928481354
79.60079264997296
82.61360115294542
109.02723833543504
83.0511619528013
96.77168077823814
79.27310394523508
96.61747432894974
82.61360115294542
96.77168077823814
83.0511619528013
83.34029904521708
96.61747432894974
82.61360115294542
96.77168077823814
83.0511619528013
103.13655197261754
103.56061970816069
96.61747432894974
82.61360115294542
100.36083588542604
96.77168077823814
103.56061970816069
110.69266798774994
96.61747432894974
103.56061970816069
82.61360115294542
96.77168077823814
96.61747432894974
109.65177445505313
96.61747432894974
96.77168077823814
82.61360115294542
102.71248423707439
96.77168077823814
82.61360115294542
96.61747432894974
98.72239236173661
96.77168077823814
82.61360115294542
102.71248423707439
82.61360115294542
96.77168077823814
96.61747432894974
102.90524229868491
82.61360115294542
102.71248423707439
96.77168077823814
86.34732480634119
96.61747432894974
77.73103945235093
83.76436678076021
83.76436678076021
82.61360115294542
81.93316519546026
93.94392001441182
83.76436678076021
82.58854260493604
93.94392001441182
96.77168077823814
89.00738605656638
93.94392001441182
94.01909565843991
93.94392001441182
96.77168077823814
82.61360115294542
89.00738605656638
96.77168077823814
87.88938929922536
96.77168077823814
93.94392001441182
82.61360115294542
89.00738605656638
103.86903260673752
82.61360115294542
96.77168077823814
111.09745991713204
105.6424067735543
93.94392001441182
82.61360115294542
105.6424067735543
107.9362277067195
93.94392001441182
82.61360115294542
64.68131868131869
96.77168077823814
105.6424067735543
93.94392001441182
58.51306070978202
60.2093316519546
93.94392001441182
96.77168077823814
82.61360115294542
58.51306070978202
55.56386236714105
49.00816069176725
96.77168077823814
58.51306070978202
96.77168077823814
82.61360115294542
38.81318681318681
49.00816069176725
32.240136912268056
96.77168077823814
36.96270942172581
82.61360115294542
49.00816069176725
36.96270942172581
82.61360115294542
46.19774815348586
33.74364979283012
49.00816069176725
82.61360115294542
36.96270942172581
46.19774815348586
49.00816069176725
61.115294541524044
61.49695550351288
46.19774815348586
54.40731399747793
49.00816069176725
61.49695550351288
49.85822374346964
46.19774815348586
49.00816069176725
46.19774815348586
54.40731399747793
61.49695550351288
55.04341560079265
46.19774815348586
61.49695550351288
54.40731399747793
49.00816069176725
61.49695550351288
24.87677895874617
46.19774815348586
30.640245000900734
49.00816069176725
61.49695550351288
46.19774815348586
61.49695550351288
33.358133669609074
41.027976941091694
30.640245000900734
46.19774815348586
61.49695550351288
28.365699873896595
41.027976941091694
46.19774815348586
61.49695550351288
30.640245000900734
61.49695550351288
41.027976941091694
49.04863988470545
46.19774815348586
51.7665285534138
61.49695550351288
46.19774815348586
54.54224464060529
41.027976941091694
51.7665285534138
61.49695550351288
57.183030084669426
46.19774815348586
41.027976941091694
51.7665285534138
61.49695550351288
46.19774815348586
41.027976941091694
33.24247883264276
35.76760943974058
61.49695550351288
46.19774815348586
41.027976941091694
41.16483516483517
61.49695550351288
35.76760943974058
46.19774815348586
41.027976941091694
61.49695550351288
30.19690145919654
35.76760943974058
46.19774815348586
41.027976941091694
47.371644748693924
61.49695550351288
40.37452711223203
46.19774815348586
38.19828859664925
35.63267879661322
61.49695550351288
40.37452711223203
46.19774815348586
38.19828859664925
39.27580616105206
61.49695550351288
40.37452711223203
46.19774815348586
38.19828859664925
39.41073680417942
41.02990452170779
61.49695550351288
36.8856061970816
46.19774815348586
41.02990452170779
38.19828859664925
48.23905602594127
38.19828859664925
61.49695550351288
41.02990452170779
46.19774815348586
22.216717708520985
38.19828859664925
46.19774815348586
23.893712844532516
61.49695550351288
38.19828859664925
20.0
61.49695550351288
46.19774815348586
23.893712844532516
61.49695550351288
22.216717708520985
46.19774815348586
38.19828859664925
23.893712844532516
61.49695550351288
38.19828859664925
46.19774815348586
61.49695550351288
46.19774815348586
61.49695550351288
