2.5
4.0
5.0
7.0
11.0
16.0
21.0
27.0
56.0
58.5
61.0
64.5
68.0
71.5
74.0
76.5
78.5
81.0
83.0
85.0
86.5
88.0
89.5
92.5
95.5
98.5
99.5
101.0
102.0
104.0
106.0
107.5
108.5
110.0
111.0
112.5
113.5
115.0
116.0
117.5
119.0
121.0
123.0
124.5
127.0
129.5
132.5
136.0
139.0
142.5
146.5
150.5
154.0
157.5
161.0
164.5
166.0
168.0
170.0
173.0
175.5
177.5
183.0
188.5
194.5
198.5
203.0
207.5
212.5
217.5
222.0
227.0
231.5
236.5
242.5
248.5
254.5
259.0
264.0
269.0
273.5
278.5
283.5
289.5
295.5
301.5
307.0
313.0
318.0
