79
71
60
67
57
45
60
57
45
43
43
67
45
43
53
43
53
53
84
53
67
67
67
53
65
67
79
57
57
57
67
57
45
45
45
65
76
79
43
43
76
65
53
76
72
74
62
74
62
50
62
71
50
50
43
67
57
43
71
57
50
43
43
67
43
57
50
65
50
43
43
67
50
50
50
43
62
50
43
50
31
62
41
43
50
43
60
41
31
43
60
41
41
31
62
43
40
43
41
62
40
43
43
41
40
41
43
43
31
62
41
43
43
41
64
41
31
43
43
43
43
60
43
41
41
31
64
43
43
48
31
65
43
41
67
48
41
43
48
48
31
72
43
43
48
41
31
60
48
74
31
72
43
60
48
69
43
43
60
31
53
69
43
48
43
65
43
53
31
48
43
53
48
31
69
43
69
43
48
31
55
43
48
43
72
55
43
31
43
67
55
43
48
65
43
50
43
48
69
43
50
48
43
31
43
50
48
64
43
43
48
45
45
31
62
43
45
48
31
43
62
45
45
31
48
31
45
45
31
45
65
45
48
45
31
45
48
45
62
45
45
31
45
45
45
31
62
31
45
45
47
31
45
45
45
31
62
47
45
40
40
45
62
45
45
47
40
40
45
45
40
65
47
45
40
45
45
45
40
47
67
40
45
45
40
47
53
69
45
45
40
69
53
47
45
45
40
76
53
47
45
40
45
77
67
47
40
45
45
74
67
55
74
40
45
45
77
67
67
55
40
76
45
67
45
55
55
67
71
45
55
45
40
74
60
55
45
45
71
45
60
40
45
55
60
45
45
45
55
40
84
45
55
45
40
45
45
40
81
79
45
45
45
40
40
45
40
79
81
65
40
79
40
47
79
65
40
79
77
40
47
50
65
81
77
65
45
50
47
77
83
65
47
45
50
81
79
65
47
50
79
45
79
47
65
50
45
77
79
47
65
50
45
74
67
65
47
45
50
74
67
47
57
50
45
67
74
57
41
50
45
57
41
74
65
45
50
41
50
77
65
57
45
69
50
45
41
65
57
69
55
45
50
41
57
69
55
57
45
50
41
72
55
57
41
45
50
76
65
57
41
50
45
74
65
57
41
50
45
65
77
57
48
50
45
57
79
71
48
45
50
48
77
71
50
57
45
71
50
45
71
48
57
45
57
71
50
48
57
69
57
57
45
50
48
57
48
57
45
50
57
50
48
45
48
45
50
50
45
45
