2.5 1 0 79 100.85830903790087 1
3.5 0 0 79 100.85830903790087 1
4.0 1 0 69 126.99999999999999 1
5.0 0 0 69 126.99999999999999 1
5.0 1 0 60 102.85481049562681 1
5.5 1 1 67 90.68862973760935 2
6.0 0 0 60 102.85481049562681 1
6.0 1 1 57 106.28629737609329 2
6.5 1 1 45 92.31078717201167 2
7.0 1 0 60 52.692711370262394 1
7.5 0 1 67 90.68862973760935 2
8.0 0 1 57 106.28629737609329 2
8.0 0 0 60 52.692711370262394 1
8.5 0 1 45 92.31078717201167 2
8.5 1 1 57 106.28629737609329 2
8.5 1 1 45 92.31078717201167 2
9.5 1 1 43 62.86239067055393 0.5
10.0 0 1 43 62.86239067055393 0.5
10.0 1 1 43 62.86239067055393 2
10.5 0 1 57 106.28629737609329 2
10.5 0 1 45 92.31078717201167 2
11.0 1 0 67 26.92536443148688 1
11.0 1 1 45 92.31078717201167 2
12.0 0 1 43 62.86239067055393 2
12.0 0 0 67 26.92536443148688 1
12.0 1 1 43 62.86239067055393 2
13.0 0 1 45 92.31078717201167 2
14.0 0 1 43 62.86239067055393 2
14.0 1 1 52 47.45189504373177 0.5
14.5 0 1 52 47.45189504373177 0.5
14.5 1 1 43 62.86239067055393 2
14.5 1 1 52 47.45189504373177 2
16.0 1 0 84 52.94227405247815 1
16.5 0 1 43 62.86239067055393 2
16.5 0 1 52 47.45189504373177 2
16.5 1 1 52 47.45189504373177 2
17.0 0 0 84 52.94227405247815 1
18.0 1 1 67 90.68862973760935 0.5
18.5 0 1 52 47.45189504373177 2
18.5 0 1 67 90.68862973760935 0.5
18.5 1 1 67 90.68862973760935 2
19.0 1 1 52 47.45189504373177 2
20.0 1 1 64 60.7411078717201 2
20.5 0 1 67 90.68862973760935 2
20.5 1 1 67 90.68862973760935 2
21.0 0 1 52 47.45189504373177 2
21.0 1 0 79 20.0 1
21.0 1 1 57 106.28629737609329 0.5
21.5 0 1 57 106.28629737609329 0.5
21.5 1 1 57 106.28629737609329 2
22.0 0 1 64 60.7411078717201 2
22.0 0 0 79 20.0 1
22.5 0 1 67 90.68862973760935 2
23.0 1 1 67 90.68862973760935 2
23.5 0 1 57 106.28629737609329 2
23.5 1 1 57 106.28629737609329 2
23.5 1 1 45 92.31078717201167 0.5
24.0 0 1 45 92.31078717201167 0.5
24.0 1 1 45 92.31078717201167 2
25.0 0 1 67 90.68862973760935 2
25.0 1 1 64 60.7411078717201 2
25.5 0 1 57 106.28629737609329 2
26.0 0 1 45 92.31078717201167 2
26.0 1 1 57 106.28629737609329 2
26.0 1 1 45 92.31078717201167 2
26.0 1 1 76 43.58367346938776 2
27.0 0 1 64 60.7411078717201 2
27.0 1 0 79 46.70320699708455 1
27.0 1 1 43 62.86239067055393 0.5
27.5 0 1 43 62.86239067055393 0.5
27.5 1 1 43 62.86239067055393 2
28.0 0 1 57 106.28629737609329 2
28.0 0 1 45 92.31078717201167 2
28.0 0 1 76 43.58367346938776 2
28.0 0 0 79 46.70320699708455 1
28.5 1 1 45 92.31078717201167 2
29.5 0 1 43 62.86239067055393 2
29.5 1 1 43 62.86239067055393 2
30.5 0 1 45 92.31078717201167 2
31.0 1 1 76 43.58367346938776 2
31.0 1 1 64 60.7411078717201 2
31.5 0 1 43 62.86239067055393 2
31.5 1 1 52 47.45189504373177 0.5
32.0 0 1 52 47.45189504373177 0.5
32.0 1 1 43 62.86239067055393 2
32.0 1 1 52 47.45189504373177 2
33.0 0 1 76 43.58367346938776 2
33.0 0 1 64 60.7411078717201 2
34.0 0 1 43 62.86239067055393 2
34.0 0 1 52 47.45189504373177 2
34.0 1 1 52 47.45189504373177 2
35.5 1 1 67 90.68862973760935 0.5
36.0 0 1 52 47.45189504373177 2
36.0 0 1 67 90.68862973760935 0.5
36.0 1 1 67 90.68862973760935 2
36.5 1 1 52 47.45189504373177 2
37.0 1 1 76 43.58367346938776 2
38.0 0 1 67 90.68862973760935 2
38.0 1 1 67 90.68862973760935 2
38.5 0 1 52 47.45189504373177 2
38.5 1 1 57 106.28629737609329 0.5
39.0 0 1 76 43.58367346938776 2
39.0 0 1 57 106.28629737609329 0.5
39.0 1 1 57 106.28629737609329 2
40.0 0 1 67 90.68862973760935 2
40.5 1 1 67 90.68862973760935 2
41.0 0 1 57 106.28629737609329 2
41.0 1 1 57 106.28629737609329 2
41.0 1 1 45 92.31078717201167 0.5
41.5 0 1 45 92.31078717201167 0.5
41.5 1 1 45 92.31078717201167 2
42.5 0 1 67 90.68862973760935 2
43.0 0 1 57 106.28629737609329 2
43.5 0 1 45 92.31078717201167 2
43.5 1 1 57 106.28629737609329 2
43.5 1 1 45 92.31078717201167 2
44.5 1 1 43 62.86239067055393 0.5
45.0 0 1 43 62.86239067055393 0.5
45.0 1 1 43 62.86239067055393 2
45.5 0 1 57 106.28629737609329 2
45.5 0 1 45 92.31078717201167 2
47.0 0 1 43 62.86239067055393 2
49.0 1 1 52 47.45189504373177 0.5
49.5 0 1 52 47.45189504373177 0.5
49.5 1 1 52 47.45189504373177 2
51.5 0 1 52 47.45189504373177 2
53.5 1 1 67 90.68862973760935 2
55.5 0 1 67 90.68862973760935 2
72.5 1 0 72 111.36732120338677 1
73.5 0 0 72 111.36732120338677 1
75.0 1 0 74 105.62313096739325 1
75.0 1 1 62 111.17456314177625 2
76.0 0 0 74 105.62313096739325 1
77.0 0 1 62 111.17456314177625 2
77.5 1 0 74 117.63195820572871 1
77.5 1 1 62 111.17456314177625 2
78.5 0 0 74 117.63195820572871 1
78.5 1 2 50 109.02723833543504 2.5
79.5 0 1 62 111.17456314177625 2
80.0 1 1 62 111.17456314177625 2
81.0 0 2 50 109.02723833543504 2.5
81.0 1 0 69 103.86903260673752 1
81.0 1 2 50 109.02723833543504 2.5
82.0 0 1 62 111.17456314177625 2
82.0 0 0 69 103.86903260673752 1
83.5 0 2 50 109.02723833543504 2.5
83.5 1 2 50 109.02723833543504 4
84.0 1 3 43 96.77168077823814 2
84.5 1 0 67 108.9000180147721 1
84.5 1 1 57 109.49756800576472 2
85.5 0 0 67 108.9000180147721 1
86.0 0 3 43 96.77168077823814 2
86.5 0 1 57 109.49756800576472 2
86.5 1 3 43 96.77168077823814 1.5
87.5 0 2 50 109.02723833543504 4
88.0 0 3 43 96.77168077823814 1.5
88.0 1 0 69 115.95496306971715 1
88.0 1 1 57 109.49756800576472 2
88.0 1 2 50 109.02723833543504 3.5
88.0 1 4 43 82.61360115294542 1.0
89.0 0 0 69 115.95496306971715 1
89.0 0 4 43 82.61360115294542 1.0
89.0 1 3 43 96.77168077823814 1.5
90.0 0 1 57 109.49756800576472 2
90.5 0 3 43 96.77168077823814 1.5
90.5 1 0 67 127.0 1
90.5 1 4 43 82.61360115294542 2.5
91.5 0 2 50 109.02723833543504 3.5
91.5 0 0 67 127.0 1
91.5 1 1 57 109.49756800576472 2
91.5 1 2 50 109.02723833543504 1.5
93.0 0 4 43 82.61360115294542 2.5
93.0 0 2 50 109.02723833543504 1.5
93.0 1 0 64 120.58115654836966 1
93.0 1 1 50 120.94546928481354 2
93.0 1 4 43 82.61360115294542 0.5
93.5 0 1 57 109.49756800576472 2
93.5 0 4 43 82.61360115294542 0.5
93.5 1 3 43 96.77168077823814 2
94.0 0 0 64 120.58115654836966 1
95.0 0 1 50 120.94546928481354 2
95.0 1 0 67 121.31363718248963 1
95.0 1 2 50 109.02723833543504 0.5
95.5 0 3 43 96.77168077823814 2
95.5 0 2 50 109.02723833543504 0.5
95.5 1 1 50 120.94546928481354 1.0
96.0 0 0 67 121.31363718248963 1
96.5 0 1 50 120.94546928481354 1.0
96.5 1 2 50 109.02723833543504 1.0
97.0 1 3 43 96.77168077823814 0.5
97.5 0 2 50 109.02723833543504 1.0
97.5 0 3 43 96.77168077823814 0.5
97.5 1 0 62 79.60079264997296 1
97.5 1 1 50 120.94546928481354 1.5
97.5 1 4 43 82.61360115294542 3.0
98.5 0 0 62 79.60079264997296 1
99.0 0 1 50 120.94546928481354 1.5
99.0 1 2 50 109.02723833543504 2.0
99.0 1 5 31 81.80787245541345 2.5
99.5 1 0 62 79.27310394523508 1
99.5 1 1 40 83.0511619528013 2
100.5 0 4 43 82.61360115294542 3.0
100.5 0 0 62 79.27310394523508 1
100.5 1 3 43 96.77168077823814 0.5
101.0 0 2 50 109.02723833543504 2.0
101.0 0 3 43 96.77168077823814 0.5
101.0 1 2 50 109.02723833543504 4
101.0 1 4 43 82.61360115294542 1.0
101.5 0 5 31 81.80787245541345 2.5
101.5 0 1 40 83.0511619528013 2
101.5 1 0 60 83.34029904521708 1
101.5 1 1 40 83.0511619528013 1.5
101.5 1 5 31 81.80787245541345 2.5
102.0 0 4 43 82.61360115294542 1.0
102.0 1 3 43 96.77168077823814 2
102.5 0 0 60 83.34029904521708 1
103.0 0 1 40 83.0511619528013 1.5
103.0 1 0 60 103.13655197261754 1
103.0 1 2 40 96.61747432894974 0.5
103.5 0 2 40 96.61747432894974 0.5
103.5 1 1 40 83.0511619528013 1.0
104.0 0 5 31 81.80787245541345 2.5
104.0 0 3 43 96.77168077823814 2
104.0 0 0 60 103.13655197261754 1
104.0 1 5 31 81.80787245541345 4.5
104.5 0 1 40 83.0511619528013 1.0
104.5 1 0 62 100.36083588542604 1
104.5 1 1 40 103.56061970816069 0.5
104.5 1 4 43 82.61360115294542 1.5
105.0 0 2 50 109.02723833543504 4
105.0 0 1 40 103.56061970816069 0.5
105.0 1 2 40 96.61747432894974 1.0
105.5 0 0 62 100.36083588542604 1
106.0 0 4 43 82.61360115294542 1.5
106.0 0 2 40 96.61747432894974 1.0
106.0 1 0 62 110.69266798774994 1
106.0 1 1 40 103.56061970816069 1.0
106.0 1 4 43 82.61360115294542 0.5
106.5 0 4 43 82.61360115294542 0.5
106.5 1 3 43 96.77168077823814 2
107.0 0 0 62 110.69266798774994 1
107.0 0 1 40 103.56061970816069 1.0
107.0 1 2 40 96.61747432894974 0.5
107.5 0 2 40 96.61747432894974 0.5
107.5 1 1 40 103.56061970816069 0.5
108.0 0 1 40 103.56061970816069 0.5
108.0 1 2 40 96.61747432894974 1.5
108.5 0 5 31 81.80787245541345 4.5
108.5 0 3 43 96.77168077823814 2
108.5 1 4 43 82.61360115294542 2.0
108.5 1 5 31 81.80787245541345 3.5
109.0 1 0 62 109.65177445505313 1
109.5 0 2 40 96.61747432894974 1.5
109.5 1 2 40 96.61747432894974 1.5
110.0 0 0 62 109.65177445505313 1
110.5 0 4 43 82.61360115294542 2.0
110.5 1 4 43 82.61360115294542 2.0
111.0 0 2 40 96.61747432894974 1.5
111.0 1 2 40 96.61747432894974 1.0
112.0 0 5 31 81.80787245541345 3.5
112.0 0 2 40 96.61747432894974 1.0
112.0 1 0 64 98.72239236173661 1
112.0 1 1 40 102.71248423707439 2
112.0 1 5 31 81.80787245541345 3.5
112.5 0 4 43 82.61360115294542 2.0
112.5 1 4 43 82.61360115294542 1.0
113.0 0 0 64 98.72239236173661 1
113.5 0 4 43 82.61360115294542 1.0
113.5 1 3 43 96.77168077823814 1.0
114.0 0 1 40 102.71248423707439 2
114.5 0 3 43 96.77168077823814 1.0
114.5 1 4 43 82.61360115294542 0.5
115.0 0 4 43 82.61360115294542 0.5
115.0 1 0 60 102.90524229868491 1
115.0 1 3 43 96.77168077823814 1.5
115.0 1 1 40 102.71248423707439 0.5
115.5 0 5 31 81.80787245541345 3.5
115.5 0 1 40 102.71248423707439 0.5
115.5 1 2 40 96.61747432894974 2.5
115.5 1 5 31 81.80787245541345 1.5
116.0 0 0 60 102.90524229868491 1
116.0 1 0 64 86.34732480634119 1
116.5 0 3 43 96.77168077823814 1.5
116.5 1 4 43 82.61360115294542 1.0
117.0 0 5 31 81.80787245541345 1.5
117.0 0 0 64 86.34732480634119 1
117.0 1 1 48 83.76436678076021 1.5
117.0 1 5 31 81.80787245541345 2.5
117.5 0 4 43 82.61360115294542 1.0
117.5 1 0 64 77.73103945235093 1
117.5 1 4 43 82.61360115294542 1.5
118.0 0 2 40 96.61747432894974 2.5
118.0 1 1 40 102.71248423707439 0.5
118.5 0 1 48 83.76436678076021 1.5
118.5 0 0 64 77.73103945235093 1
118.5 0 1 40 102.71248423707439 0.5
118.5 1 0 67 81.93316519546026 1
118.5 1 1 48 83.76436678076021 1.0
118.5 1 2 40 96.61747432894974 3.0
119.0 0 4 43 82.61360115294542 1.5
119.0 1 4 43 82.61360115294542 1.5
119.5 0 5 31 81.80787245541345 2.5
119.5 0 0 67 81.93316519546026 1
119.5 0 1 48 83.76436678076021 1.0
119.5 1 2 48 93.94392001441182 1.5
119.5 1 5 31 81.80787245541345 2.0
120.5 0 4 43 82.61360115294542 1.5
120.5 1 0 72 82.58854260493604 1
120.5 1 4 43 82.61360115294542 0.5
121.0 0 2 48 93.94392001441182 1.5
121.0 0 4 43 82.61360115294542 0.5
121.0 1 3 43 96.77168077823814 2
121.0 1 2 48 93.94392001441182 1.0
121.5 0 2 40 96.61747432894974 3.0
121.5 0 5 31 81.80787245541345 2.0
121.5 0 0 72 82.58854260493604 1
121.5 1 2 40 96.61747432894974 4
121.5 1 5 31 81.80787245541345 2.0
122.0 0 2 48 93.94392001441182 1.0
122.0 1 1 60 89.00738605656638 2
122.0 1 2 48 93.94392001441182 2.5
122.5 1 0 74 94.01909565843991 1
123.0 0 3 43 96.77168077823814 2
123.5 0 5 31 81.80787245541345 2.0
123.5 0 0 74 94.01909565843991 1
123.5 1 5 31 81.80787245541345 2.0
124.0 0 1 60 89.00738605656638 2
124.0 1 0 72 87.88938929922536 1
124.0 1 3 43 96.77168077823814 1.0
124.0 1 1 60 89.00738605656638 1.5
124.5 0 2 48 93.94392001441182 2.5
124.5 1 2 48 93.94392001441182 2.0
125.0 0 0 72 87.88938929922536 1
125.0 0 3 43 96.77168077823814 1.0
125.0 1 0 69 103.86903260673752 1
125.0 1 4 43 82.61360115294542 1.5
125.5 0 2 40 96.61747432894974 4
125.5 0 5 31 81.80787245541345 2.0
125.5 0 1 60 89.00738605656638 1.5
125.5 1 1 60 89.00738605656638 2
125.5 1 5 31 81.80787245541345 2.0
126.0 0 0 69 103.86903260673752 1
126.0 1 1 52 105.6424067735543 1.5
126.5 0 2 48 93.94392001441182 2.0
126.5 0 4 43 82.61360115294542 1.5
126.5 1 0 69 111.09745991713204 1
126.5 1 3 43 96.77168077823814 0.5
126.5 1 2 48 93.94392001441182 1.5
127.0 0 3 43 96.77168077823814 0.5
127.0 1 3 43 96.77168077823814 0.5
127.5 0 1 60 89.00738605656638 2
127.5 0 5 31 81.80787245541345 2.0
127.5 0 1 52 105.6424067735543 1.5
127.5 0 0 69 111.09745991713204 1
127.5 0 3 43 96.77168077823814 0.5
127.5 1 0 64 107.9362277067195 1
127.5 1 3 43 96.77168077823814 0.5
127.5 1 1 52 105.6424067735543 1.0
127.5 1 5 31 81.80787245541345 1.0
128.0 0 2 48 93.94392001441182 1.5
128.0 0 3 43 96.77168077823814 0.5
128.0 1 2 48 93.94392001441182 0.5
128.0 1 4 43 82.61360115294542 1.0
128.5 0 0 64 107.9362277067195 1
128.5 0 1 52 105.6424067735543 1.0
128.5 0 5 31 81.80787245541345 1.0
128.5 0 2 48 93.94392001441182 0.5
128.5 1 1 52 105.6424067735543 2
128.5 1 2 48 93.94392001441182 1.5
128.5 1 5 31 81.80787245541345 1.5
129.0 0 4 43 82.61360115294542 1.0
129.0 1 0 69 64.68131868131869 1
129.0 1 4 43 82.61360115294542 1.0
130.0 0 2 48 93.94392001441182 1.5
130.0 0 5 31 81.80787245541345 1.5
130.0 0 0 69 64.68131868131869 1
130.0 0 4 43 82.61360115294542 1.0
130.0 1 0 69 60.2093316519546 1
130.0 1 3 43 96.77168077823814 0.5
130.0 1 2 48 93.94392001441182 1.0
130.0 1 5 31 81.80787245541345 1.5
130.5 0 1 52 105.6424067735543 2
130.5 0 3 43 96.77168077823814 0.5
130.5 1 1 55 58.51306070978202 1.0
130.5 1 4 43 82.61360115294542 0.5
131.0 0 0 69 60.2093316519546 1
131.0 0 2 48 93.94392001441182 1.0
131.0 0 4 43 82.61360115294542 0.5
131.0 1 2 48 93.94392001441182 2.5
131.0 1 4 43 82.61360115294542 0.5
131.5 0 5 31 81.80787245541345 1.5
131.5 0 1 55 58.51306070978202 1.0
131.5 0 4 43 82.61360115294542 0.5
131.5 1 0 72 55.56386236714105 1
131.5 1 1 55 58.51306070978202 1.5
131.5 1 4 43 82.61360115294542 0.5
131.5 1 5 31 81.80787245541345 4.5
132.0 0 4 43 82.61360115294542 0.5
132.0 1 3 43 96.77168077823814 1.5
132.5 0 0 72 55.56386236714105 1
132.5 1 0 67 38.81318681318681 1
133.0 0 1 55 58.51306070978202 1.5
133.0 1 1 55 58.51306070978202 2
133.5 0 2 48 93.94392001441182 2.5
133.5 0 3 43 96.77168077823814 1.5
133.5 0 0 67 38.81318681318681 1
133.5 1 3 43 96.77168077823814 0.5
133.5 1 2 48 49.00816069176725 1.0
134.0 0 3 43 96.77168077823814 0.5
134.0 1 0 64 32.240136912268056 1
134.0 1 1 50 36.96270942172581 1.5
134.0 1 4 43 82.61360115294542 1.5
134.5 0 2 48 49.00816069176725 1.0
134.5 1 2 48 49.00816069176725 1.5
135.0 0 1 55 58.51306070978202 2
135.0 0 0 64 32.240136912268056 1
135.5 0 1 50 36.96270942172581 1.5
135.5 0 4 43 82.61360115294542 1.5
135.5 1 0 69 33.74364979283012 1
135.5 1 3 43 96.77168077823814 0.5
135.5 1 1 50 36.96270942172581 1.5
136.0 0 5 31 81.80787245541345 4.5
136.0 0 2 48 49.00816069176725 1.5
136.0 0 3 43 96.77168077823814 0.5
136.0 1 2 48 49.00816069176725 1.0
136.0 1 4 43 82.61360115294542 0.5
136.0 1 5 31 81.80787245541345 3.0
136.5 0 0 69 33.74364979283012 1
136.5 0 4 43 82.61360115294542 0.5
136.5 1 3 43 96.77168077823814 1.0
137.0 0 1 50 36.96270942172581 1.5
137.0 0 2 48 49.00816069176725 1.0
137.0 1 1 50 36.96270942172581 2
137.0 1 2 48 49.00816069176725 1.5
137.5 0 3 43 96.77168077823814 1.0
137.5 1 0 64 61.115294541524044 1
137.5 1 4 43 82.61360115294542 0.5
138.0 0 4 43 82.61360115294542 0.5
138.0 1 4 43 82.61360115294542 1.5
138.5 0 2 48 49.00816069176725 1.5
138.5 0 0 64 61.115294541524044 1
138.5 1 2 48 49.00816069176725 1.5
139.0 0 5 31 81.80787245541345 3.0
139.0 0 1 50 36.96270942172581 2
139.0 1 1 45 54.40731399747793 1.0
139.0 1 5 31 81.80787245541345 1.0
139.5 0 4 43 82.61360115294542 1.5
139.5 1 0 62 49.85822374346964 1
139.5 1 4 43 82.61360115294542 1.0
140.0 0 2 48 49.00816069176725 1.5
140.0 0 1 45 54.40731399747793 1.0
140.0 0 5 31 81.80787245541345 1.0
140.0 1 3 45 46.19774815348586 1.0
140.0 1 2 48 49.00816069176725 2.0
140.0 1 5 31 81.80787245541345 1.5
140.5 0 0 62 49.85822374346964 1
140.5 0 4 43 82.61360115294542 1.0
140.5 1 4 43 82.61360115294542 8
141.0 0 3 45 46.19774815348586 1.0
141.0 1 0 62 55.04341560079265 1
141.0 1 1 45 54.40731399747793 0.5
141.5 0 5 31 81.80787245541345 1.5
141.5 0 1 45 54.40731399747793 0.5
141.5 1 3 45 46.19774815348586 1.0
141.5 1 5 31 81.80787245541345 0.5
142.0 0 2 48 49.00816069176725 2.0
142.0 0 0 62 55.04341560079265 1
142.0 0 5 31 81.80787245541345 0.5
142.0 1 2 48 49.00816069176725 2.0
142.0 1 5 31 81.80787245541345 0.5
142.5 0 3 45 46.19774815348586 1.0
142.5 0 5 31 81.80787245541345 0.5
142.5 1 1 45 54.40731399747793 0.5
142.5 1 5 31 81.80787245541345 2.5
143.0 0 1 45 54.40731399747793 0.5
143.0 1 4 45 61.49695550351288 1.0
143.5 1 0 64 24.87677895874617 1
144.0 0 2 48 49.00816069176725 2.0
144.0 0 4 45 61.49695550351288 1.0
144.0 1 2 48 49.00816069176725 1.5
144.0 1 4 45 61.49695550351288 1.5
144.5 0 0 64 24.87677895874617 1
145.0 0 5 31 81.80787245541345 2.5
145.0 1 5 31 81.80787245541345 2.0
145.5 0 2 48 49.00816069176725 1.5
145.5 0 4 45 61.49695550351288 1.5
145.5 1 2 48 49.00816069176725 4
145.5 1 4 45 61.49695550351288 0.5
146.0 0 4 45 61.49695550351288 0.5
146.0 1 0 62 33.358133669609074 1
146.0 1 1 45 30.640245000900734 0.5
146.5 0 1 45 30.640245000900734 0.5
146.5 1 4 45 61.49695550351288 1.0
147.0 0 5 31 81.80787245541345 2.0
147.0 0 0 62 33.358133669609074 1
147.0 1 5 31 81.80787245541345 1.5
147.5 0 4 45 61.49695550351288 1.0
147.5 1 3 45 46.19774815348586 0.5
148.0 0 3 45 46.19774815348586 0.5
148.0 1 4 45 61.49695550351288 0.5
148.5 0 4 43 82.61360115294542 8
148.5 0 5 31 81.80787245541345 1.5
148.5 0 4 45 61.49695550351288 0.5
148.5 1 1 45 30.640245000900734 1.0
148.5 1 5 31 81.80787245541345 0.5
149.0 0 5 31 81.80787245541345 0.5
149.0 1 0 62 28.365699873896595 1
149.0 1 5 31 81.80787245541345 1.5
149.5 0 2 48 49.00816069176725 4
149.5 0 1 45 30.640245000900734 1.0
149.5 1 4 45 61.49695550351288 0.5
150.0 0 0 62 28.365699873896595 1
150.0 0 4 45 61.49695550351288 0.5
150.0 1 2 45 41.027976941091694 1.0
150.5 0 5 31 81.80787245541345 1.5
150.5 1 5 31 81.80787245541345 1.0
151.0 0 2 45 41.027976941091694 1.0
151.0 1 3 45 46.19774815348586 0.5
151.5 0 5 31 81.80787245541345 1.0
151.5 0 3 45 46.19774815348586 0.5
151.5 1 4 45 61.49695550351288 1.0
151.5 1 5 31 81.80787245541345 16
152.5 0 4 45 61.49695550351288 1.0
152.5 1 0 62 49.04863988470545 1
152.5 1 2 45 41.027976941091694 1.0
153.5 0 0 62 49.04863988470545 1
153.5 0 2 45 41.027976941091694 1.0
153.5 1 4 45 61.49695550351288 1.5
153.5 1 5 40 85.19655917852639 1.0
154.5 0 5 40 85.19655917852639 1.0
154.5 1 5 40 85.19655917852639 1.5
155.0 0 4 45 61.49695550351288 1.5
155.0 1 4 45 61.49695550351288 0.5
155.5 0 4 45 61.49695550351288 0.5
155.5 1 0 62 54.54224464060529 1
155.5 1 2 45 41.027976941091694 2.5
156.0 0 5 40 85.19655917852639 1.5
156.0 1 5 40 85.19655917852639 1.0
156.5 0 0 62 54.54224464060529 1
157.0 0 5 40 85.19655917852639 1.0
157.0 1 5 40 85.19655917852639 1.5
158.0 0 2 45 41.027976941091694 2.5
158.0 1 3 45 46.19774815348586 0.5
158.5 0 5 40 85.19655917852639 1.5
158.5 0 3 45 46.19774815348586 0.5
158.5 1 1 45 51.7665285534138 1.0
158.5 1 5 40 85.19655917852639 1.5
159.0 1 0 64 57.183030084669426 1
159.5 0 1 45 51.7665285534138 1.0
159.5 1 4 45 61.49695550351288 1.5
160.0 0 5 40 85.19655917852639 1.5
160.0 0 0 64 57.183030084669426 1
160.0 1 5 40 85.19655917852639 2.0
161.0 0 4 45 61.49695550351288 1.5
161.0 1 3 45 46.19774815348586 1.0
162.0 0 5 40 85.19655917852639 2.0
162.0 0 3 45 46.19774815348586 1.0
162.0 1 4 45 61.49695550351288 0.5
162.0 1 5 40 85.19655917852639 2.0
162.5 0 4 45 61.49695550351288 0.5
162.5 1 2 45 41.027976941091694 2.5
163.0 1 0 67 33.24247883264276 1
164.0 0 5 40 85.19655917852639 2.0
164.0 0 0 67 33.24247883264276 1
164.0 1 5 40 85.19655917852639 1.5
165.0 0 2 45 41.027976941091694 2.5
165.0 1 4 45 61.49695550351288 1.0
165.5 0 5 40 85.19655917852639 1.5
165.5 1 5 40 85.19655917852639 4.5
166.0 0 4 45 61.49695550351288 1.0
166.0 1 2 45 41.027976941091694 2.0
166.5 1 1 52 35.76760943974058 2
167.0 1 0 69 41.16483516483517 1
167.5 0 5 31 81.80787245541345 16
168.0 0 2 45 41.027976941091694 2.0
168.0 0 0 69 41.16483516483517 1
168.0 1 3 45 46.19774815348586 1.0
168.5 0 1 52 35.76760943974058 2
169.0 0 3 45 46.19774815348586 1.0
169.0 1 4 45 61.49695550351288 1.5
170.0 0 5 40 85.19655917852639 4.5
170.0 1 5 40 85.19655917852639 2.5
170.5 0 4 45 61.49695550351288 1.5
170.5 1 0 69 30.19690145919654 1
170.5 1 1 52 35.76760943974058 2
170.5 1 2 45 41.027976941091694 1.0
171.5 0 0 69 30.19690145919654 1
171.5 0 2 45 41.027976941091694 1.0
171.5 1 3 45 46.19774815348586 0.5
172.0 0 3 45 46.19774815348586 0.5
172.0 1 4 45 61.49695550351288 2.5
172.5 0 5 40 85.19655917852639 2.5
172.5 0 1 52 35.76760943974058 2
172.5 1 5 40 85.19655917852639 3.0
174.0 1 0 76 47.371644748693924 1
174.0 1 1 52 35.76760943974058 2
174.5 0 4 45 61.49695550351288 2.5
174.5 1 2 45 41.027976941091694 1.0
175.0 0 0 76 47.371644748693924 1
175.5 0 5 40 85.19655917852639 3.0
175.5 0 2 45 41.027976941091694 1.0
175.5 1 4 45 61.49695550351288 0.5
175.5 1 5 40 85.19655917852639 4.0
176.0 0 1 52 35.76760943974058 2
176.0 0 4 45 61.49695550351288 0.5
176.0 1 3 45 46.19774815348586 2
177.5 1 0 76 35.63267879661322 1
177.5 1 1 67 40.37452711223203 2
178.0 0 3 45 46.19774815348586 2
178.0 1 2 45 41.027976941091694 2.0
178.5 0 0 76 35.63267879661322 1
179.5 0 5 40 85.19655917852639 4.0
179.5 0 1 67 40.37452711223203 2
179.5 1 5 40 85.19655917852639 3.0
180.0 0 2 45 41.027976941091694 2.0
180.0 1 4 45 61.49695550351288 3.5
181.0 1 0 74 39.27580616105206 1
181.0 1 1 67 40.37452711223203 2
181.0 1 2 55 38.19828859664925 3.5
182.0 0 0 74 39.27580616105206 1
182.5 0 5 40 85.19655917852639 3.0
182.5 1 0 74 39.41073680417942 1
182.5 1 5 40 85.19655917852639 3.5
183.0 0 1 67 40.37452711223203 2
183.5 0 4 45 61.49695550351288 3.5
183.5 0 0 74 39.41073680417942 1
183.5 1 3 45 46.19774815348586 0.5
184.0 0 3 45 46.19774815348586 0.5
184.0 1 4 45 61.49695550351288 2.5
184.5 0 2 55 38.19828859664925 3.5
184.5 1 0 76 36.8856061970816 1
184.5 1 1 67 41.02990452170779 2
184.5 1 2 55 38.19828859664925 3.5
185.5 0 0 76 36.8856061970816 1
186.0 0 5 40 85.19655917852639 3.5
186.0 1 5 40 85.19655917852639 4.5
186.5 0 4 45 61.49695550351288 2.5
186.5 0 1 67 41.02990452170779 2
186.5 1 0 76 48.23905602594127 1
186.5 1 3 45 46.19774815348586 1.0
186.5 1 1 67 41.02990452170779 2
187.5 0 0 76 48.23905602594127 1
187.5 0 3 45 46.19774815348586 1.0
187.5 1 4 45 61.49695550351288 2.5
188.0 0 2 55 38.19828859664925 3.5
188.0 1 2 55 38.19828859664925 2.0
188.5 0 1 67 41.02990452170779 2
188.5 1 1 67 41.02990452170779 2
189.5 1 0 69 22.216717708520985 1
190.0 0 4 45 61.49695550351288 2.5
190.0 0 2 55 38.19828859664925 2.0
190.0 1 3 45 46.19774815348586 0.5
190.0 1 2 55 38.19828859664925 2.0
190.5 0 5 40 85.19655917852639 4.5
190.5 0 1 67 41.02990452170779 2
190.5 0 0 69 22.216717708520985 1
190.5 0 3 45 46.19774815348586 0.5
190.5 1 4 45 61.49695550351288 3.0
190.5 1 5 40 85.19655917852639 4.0
192.0 0 2 55 38.19828859664925 2.0
192.0 1 0 74 20.0 1
192.0 1 1 60 23.893712844532516 2
192.0 1 2 55 38.19828859664925 3.5
193.0 0 0 74 20.0 1
193.5 0 4 45 61.49695550351288 3.0
193.5 1 3 45 46.19774815348586 0.5
194.0 0 1 60 23.893712844532516 2
194.0 0 3 45 46.19774815348586 0.5
194.0 1 0 69 22.216717708520985 1
194.0 1 4 45 61.49695550351288 1.5
194.5 0 5 40 85.19655917852639 4.0
194.5 1 1 60 23.893712844532516 2
194.5 1 5 40 85.19655917852639 3.5
195.0 0 0 69 22.216717708520985 1
195.5 0 2 55 38.19828859664925 3.5
195.5 0 4 45 61.49695550351288 1.5
195.5 1 3 45 46.19774815348586 2
195.5 1 2 55 38.19828859664925 2.5
196.5 0 1 60 23.893712844532516 2
196.5 1 1 60 23.893712844532516 2
197.5 0 3 45 46.19774815348586 2
197.5 1 4 45 61.49695550351288 2.0
198.0 0 5 40 85.19655917852639 3.5
198.0 0 2 55 38.19828859664925 2.5
198.0 1 2 55 38.19828859664925 2.0
198.0 1 5 40 85.19655917852639 3.0
198.5 0 1 60 23.893712844532516 2
199.5 0 4 45 61.49695550351288 2.0
199.5 1 0 84 62.50315258511979 1
199.5 1 4 45 61.49695550351288 1.5
200.0 0 2 55 38.19828859664925 2.0
200.0 1 2 55 38.19828859664925 4
200.5 0 0 84 62.50315258511979 1
201.0 0 5 40 85.19655917852639 3.0
201.0 0 4 45 61.49695550351288 1.5
201.0 1 3 45 46.19774815348586 0.5
201.0 1 5 40 85.19655917852639 3.5
201.5 0 3 45 46.19774815348586 0.5
201.5 1 4 45 61.49695550351288 2.0
203.5 0 4 45 61.49695550351288 2.0
203.5 1 3 45 46.19774815348586 1.5
204.0 0 2 55 38.19828859664925 4
204.5 0 5 40 85.19655917852639 3.5
204.5 1 5 40 85.19655917852639 3.5
205.0 0 3 45 46.19774815348586 1.5
205.0 1 0 81 55.12051882543685 1
205.0 1 1 79 62.21401549270401 2
205.0 1 4 45 61.49695550351288 0.5
205.5 0 4 45 61.49695550351288 0.5
205.5 1 3 45 46.19774815348586 2
206.0 0 0 81 55.12051882543685 1
207.0 0 1 79 62.21401549270401 2
207.5 0 3 45 46.19774815348586 2
207.5 1 4 45 61.49695550351288 2.0
208.0 0 5 40 85.19655917852639 3.5
208.0 1 5 40 85.19655917852639 2.0
209.5 0 4 45 61.49695550351288 2.0
209.5 1 4 45 61.49695550351288 6.5
210.0 0 5 40 85.19655917852639 2.0
210.0 1 5 40 85.19655917852639 2.0
210.5 1 1 79 62.21401549270401 2
211.0 1 0 81 65.85714285714286 1
211.0 1 2 64 68.46323185011708 4
212.0 0 5 40 85.19655917852639 2.0
212.0 0 0 81 65.85714285714286 1
212.0 1 5 40 85.19655917852639 3.5
212.5 0 1 79 62.21401549270401 2
215.0 0 2 64 68.46323185011708 4
215.0 1 0 79 64.31507836425868 1
215.5 0 5 40 85.19655917852639 3.5
215.5 1 5 40 85.19655917852639 2.5
216.0 0 4 45 61.49695550351288 6.5
216.0 0 0 79 64.31507836425868 1
216.0 1 3 45 46.00306251125923 2
216.5 1 1 79 62.21401549270401 2
216.5 1 2 64 68.46323185011708 4
218.0 0 5 40 85.19655917852639 2.5
218.0 0 3 45 46.00306251125923 2
218.0 1 5 40 85.19655917852639 2.0
218.5 0 1 79 62.21401549270401 2
219.5 1 0 79 54.098901098901095 1
219.5 1 1 76 60.594847775175644 2
220.0 0 5 40 85.19655917852639 2.0
220.0 1 5 40 85.19655917852639 16
220.5 0 2 64 68.46323185011708 4
220.5 0 0 79 54.098901098901095 1
221.5 0 1 76 60.594847775175644 2
221.5 1 3 45 46.00306251125923 2
222.0 1 3 50 69.55231489821654 2
222.5 1 2 64 68.46323185011708 3.0
223.5 0 3 45 46.00306251125923 2
224.0 0 3 50 69.55231489821654 2
224.0 1 0 81 59.34192037470726 1
224.0 1 1 76 60.594847775175644 2
225.0 0 0 81 59.34192037470726 1
225.5 0 2 64 68.46323185011708 3.0
225.5 1 2 64 68.46323185011708 4
226.0 0 1 76 60.594847775175644 2
227.0 1 4 45 69.16294361376328 0.5
227.5 0 4 45 69.16294361376328 0.5
227.5 1 3 50 69.55231489821654 2
227.5 1 3 45 46.00306251125923 2
228.5 1 1 76 60.594847775175644 2
229.0 1 0 81 80.15979102864348 1
229.5 0 2 64 68.46323185011708 4
229.5 0 3 50 69.55231489821654 2
229.5 0 3 45 46.00306251125923 2
230.0 0 0 81 80.15979102864348 1
230.0 1 2 64 68.46323185011708 4
230.5 0 1 76 60.594847775175644 2
230.5 1 3 45 46.00306251125923 2
232.5 0 3 45 46.00306251125923 2
232.5 1 4 45 69.16294361376328 2.5
233.5 1 3 50 69.55231489821654 2
234.0 0 2 64 68.46323185011708 4
234.0 1 0 81 85.36425869212755 1
234.0 1 1 79 81.29706359214556 2
234.5 1 2 64 68.46323185011708 4
235.0 0 4 45 69.16294361376328 2.5
235.0 0 0 81 85.36425869212755 1
235.0 1 3 45 46.00306251125923 2
235.5 0 3 50 69.55231489821654 2
236.0 0 5 40 85.19655917852639 16
236.0 0 1 79 81.29706359214556 2
236.5 1 3 50 69.55231489821654 2
237.0 0 3 45 46.00306251125923 2
238.5 0 2 64 68.46323185011708 4
238.5 0 3 50 69.55231489821654 2
238.5 1 0 79 84.90163934426229 0.5
238.5 1 4 45 69.16294361376328 1.0
239.0 0 0 79 84.90163934426229 0.5
239.0 1 1 79 81.29706359214556 2
239.5 0 4 45 69.16294361376328 1.0
239.5 1 3 45 46.00306251125923 2
240.0 1 2 64 68.46323185011708 4
241.0 0 1 79 81.29706359214556 2
241.0 1 3 50 69.55231489821654 2
241.5 0 3 45 46.00306251125923 2
241.5 1 4 45 69.16294361376328 3.5
243.0 0 3 50 69.55231489821654 2
243.5 1 0 76 44.73085930462979 1
243.5 1 1 79 81.29706359214556 2
244.0 0 2 64 68.46323185011708 4
244.5 0 0 76 44.73085930462979 1
245.0 0 4 45 69.16294361376328 3.5
245.0 1 3 45 46.00306251125923 1.0
245.0 1 2 64 68.46323185011708 4
245.5 0 1 79 81.29706359214556 2
245.5 1 3 50 69.55231489821654 2
246.0 0 3 45 46.00306251125923 1.0
246.0 1 4 45 69.16294361376328 4.0
247.5 0 3 50 69.55231489821654 2
248.0 1 0 74 45.23203026481715 1
248.5 1 1 67 45.193478652495045 2
249.0 0 2 64 68.46323185011708 4
249.0 0 0 74 45.23203026481715 1
249.5 1 2 64 68.46323185011708 4
250.0 0 4 45 69.16294361376328 4.0
250.0 1 3 45 46.00306251125923 0.5
250.5 0 1 67 45.193478652495045 2
250.5 0 3 45 46.00306251125923 0.5
250.5 1 4 45 69.16294361376328 4.0
251.0 1 3 50 69.55231489821654 2
253.0 0 3 50 69.55231489821654 2
253.0 1 0 74 39.33363357953522 1
253.0 1 1 67 45.193478652495045 2
253.5 0 2 64 68.46323185011708 4
254.0 0 0 74 39.33363357953522 1
254.5 0 4 45 69.16294361376328 4.0
254.5 1 3 45 46.00306251125923 1.5
254.5 1 2 57 57.45867411277247 4
255.0 0 1 67 45.193478652495045 2
256.0 0 3 45 46.00306251125923 1.5
256.0 1 3 50 69.55231489821654 2
256.0 1 4 45 69.16294361376328 5.0
258.0 0 3 50 69.55231489821654 2
258.0 1 1 67 45.193478652495045 2
258.5 0 2 57 57.45867411277247 4
259.0 1 0 74 50.62925598991173 1
259.0 1 2 57 57.45867411277247 4
260.0 0 1 67 45.193478652495045 2
260.0 0 0 74 50.62925598991173 1
260.0 1 3 40 45.32840929562241 2
260.5 1 3 50 69.55231489821654 2
261.0 0 4 45 69.16294361376328 5.0
261.0 1 4 45 69.16294361376328 4.5
262.0 0 3 40 45.32840929562241 2
262.5 0 3 50 69.55231489821654 2
263.0 0 2 57 57.45867411277247 4
264.0 1 2 57 57.45867411277247 4
264.5 1 3 40 45.32840929562241 2
265.0 1 0 74 62.69591064673031 1
265.0 1 1 64 56.48910106287155 2
265.5 0 4 45 69.16294361376328 4.5
265.5 1 4 45 69.16294361376328 5.5
266.0 0 0 74 62.69591064673031 1
266.0 1 3 50 69.55231489821654 2
266.5 0 3 40 45.32840929562241 2
267.0 0 1 64 56.48910106287155 2
268.0 0 2 57 57.45867411277247 4
268.0 0 3 50 69.55231489821654 2
269.5 1 3 40 45.32840929562241 2
270.5 1 3 50 69.55231489821654 2
271.0 0 4 45 69.16294361376328 5.5
271.0 1 0 76 55.60241397946315 1
271.0 1 1 64 56.48910106287155 2
271.0 1 2 57 57.45867411277247 4
271.0 1 4 45 69.16294361376328 4.5
271.5 0 3 40 45.32840929562241 2
272.0 0 0 76 55.60241397946315 1
272.5 0 3 50 69.55231489821654 2
273.0 0 1 64 56.48910106287155 2
275.0 0 2 57 57.45867411277247 4
275.5 0 4 45 69.16294361376328 4.5
275.5 1 0 69 57.375788146279945 1
275.5 1 3 50 69.55231489821654 2
275.5 1 4 45 69.16294361376328 5.0
276.5 0 0 69 57.375788146279945 1
276.5 1 3 40 45.32840929562241 2
277.0 1 1 64 56.48910106287155 2
277.0 1 2 57 57.45867411277247 4
277.5 0 3 50 69.55231489821654 2
278.5 0 3 40 45.32840929562241 2
279.0 0 1 64 56.48910106287155 2
280.5 0 4 45 69.16294361376328 5.0
280.5 1 0 69 62.21401549270401 1
280.5 1 1 55 56.720410736804176 2
280.5 1 4 45 69.16294361376328 7.0
281.0 0 2 57 57.45867411277247 4
281.5 0 0 69 62.21401549270401 1
282.5 0 1 55 56.720410736804176 2
282.5 1 3 50 69.55231489821654 2
282.5 1 3 40 45.32840929562241 2
283.0 1 2 57 57.45867411277247 3.5
284.5 0 3 50 69.55231489821654 2
284.5 0 3 40 45.32840929562241 2
285.5 1 0 69 50.14736083588542 1
285.5 1 1 55 56.720410736804176 2
286.5 0 2 57 57.45867411277247 3.5
286.5 0 0 69 50.14736083588542 1
286.5 1 2 57 57.45867411277247 4
287.5 0 4 45 69.16294361376328 7.0
287.5 0 1 55 56.720410736804176 2
287.5 1 4 45 69.16294361376328 6.0
288.5 1 3 50 69.55231489821654 2
288.5 1 3 40 45.32840929562241 2
290.0 1 0 72 94.21185372005043 1
290.5 0 2 57 57.45867411277247 4
290.5 0 3 50 69.55231489821654 2
290.5 0 3 40 45.32840929562241 2
290.5 1 1 55 56.720410736804176 2
291.0 0 0 72 94.21185372005043 1
291.5 1 2 57 57.45867411277247 4
292.0 1 3 40 45.32840929562241 2
292.5 0 1 55 56.720410736804176 2
293.5 0 4 45 69.16294361376328 6.0
293.5 1 4 45 69.16294361376328 6.0
294.0 0 3 40 45.32840929562241 2
294.5 1 3 50 69.55231489821654 2
295.0 1 0 76 94.19257791388937 1
295.0 1 1 64 93.9805440461178 2
295.5 0 2 57 57.45867411277247 4
296.0 0 0 76 94.19257791388937 1
296.5 0 3 50 69.55231489821654 2
296.5 1 2 57 57.45867411277247 4
297.0 0 1 64 93.9805440461178 2
297.0 1 3 40 45.32840929562241 2
298.0 1 3 50 69.55231489821654 2
299.0 0 3 40 45.32840929562241 2
299.5 0 4 45 69.16294361376328 6.0
299.5 1 4 45 69.16294361376328 3.5
300.0 0 3 50 69.55231489821654 2
300.0 1 0 74 99.82111331291658 1
300.0 1 1 64 93.9805440461178 2
300.5 0 2 57 57.45867411277247 4
301.0 0 0 74 99.82111331291658 1
301.5 1 2 57 81.70378310214375 4
302.0 0 1 64 93.9805440461178 2
302.0 1 3 40 45.32840929562241 2
303.0 0 4 45 69.16294361376328 3.5
303.0 1 3 50 69.55231489821654 2
303.0 1 4 45 69.16294361376328 5.0
304.0 0 3 40 45.32840929562241 2
305.0 0 3 50 69.55231489821654 2
305.0 1 1 64 93.9805440461178 2
305.5 0 2 57 81.70378310214375 4
306.0 1 0 76 89.89407313997476 1
306.5 1 2 57 81.70378310214375 4
307.0 0 1 64 93.9805440461178 2
307.0 0 0 76 89.89407313997476 1
307.5 1 3 48 35.883264276706896 2
308.0 0 4 45 69.16294361376328 5.0
308.0 1 3 50 69.55231489821654 2
308.0 1 4 45 69.16294361376328 5.0
309.5 0 3 48 35.883264276706896 2
310.0 0 3 50 69.55231489821654 2
310.5 0 2 57 81.70378310214375 4
311.5 1 2 57 81.70378310214375 4
312.0 1 0 79 83.91857323004864 1
312.0 1 1 69 83.57160871914968 2
312.5 1 3 48 35.883264276706896 2
313.0 0 4 45 69.16294361376328 5.0
313.0 0 0 79 83.91857323004864 1
313.0 1 4 45 69.16294361376328 5.5
313.5 1 3 50 69.55231489821654 2
314.0 0 1 69 83.57160871914968 2
314.5 0 3 48 35.883264276706896 2
315.5 0 2 57 81.70378310214375 4
315.5 0 3 50 69.55231489821654 2
317.5 1 3 48 35.883264276706896 2
318.0 1 0 76 77.84669428931723 1
318.0 1 1 69 83.57160871914968 2
318.5 0 4 45 69.16294361376328 5.5
318.5 1 3 50 69.55231489821654 2
318.5 1 2 57 81.70378310214375 4
318.5 1 4 45 69.16294361376328 5.0
319.0 0 0 76 77.84669428931723 1
319.5 0 3 48 35.883264276706896 2
320.0 0 1 69 83.57160871914968 2
320.5 0 3 50 69.55231489821654 2
322.5 0 2 57 81.70378310214375 4
323.5 0 4 45 69.16294361376328 5.0
323.5 1 0 69 88.08214736083588 0.5
323.5 1 3 50 69.55231489821654 2
323.5 1 4 45 69.16294361376328 5.0
324.0 0 0 69 88.08214736083588 0.5
324.0 1 1 69 83.57160871914968 2
324.5 1 3 48 35.883264276706896 2
324.5 1 2 57 81.70378310214375 4
325.5 0 3 50 69.55231489821654 2
326.0 0 1 69 83.57160871914968 2
326.5 0 3 48 35.883264276706896 2
328.5 0 4 45 69.16294361376328 5.0
328.5 0 2 57 81.70378310214375 4
328.5 1 4 45 69.16294361376328 7.0
329.0 1 1 57 81.56692487840029 1.5
329.5 1 0 69 76.0540443163394 1
330.5 0 1 57 81.56692487840029 1.5
330.5 0 0 69 76.0540443163394 1
330.5 1 3 50 69.55231489821654 2
330.5 1 3 48 35.883264276706896 2
330.5 1 2 57 81.70378310214375 4
332.5 0 3 50 69.55231489821654 2
332.5 0 3 48 35.883264276706896 2
334.5 0 2 57 81.70378310214375 4
334.5 1 0 69 80.50675553954241 1
335.0 1 1 57 81.56692487840029 0.5
335.5 0 4 45 69.16294361376328 7.0
335.5 0 0 69 80.50675553954241 1
335.5 0 1 57 81.56692487840029 0.5
335.5 1 2 57 81.70378310214375 4
335.5 1 4 45 69.16294361376328 6.0
336.5 1 3 50 69.55231489821654 2
336.5 1 3 48 35.883264276706896 2
338.5 0 3 50 69.55231489821654 2
338.5 0 3 48 35.883264276706896 2
339.5 0 2 57 81.70378310214375 4
340.0 1 1 57 81.56692487840029 1.5
341.5 0 4 45 69.16294361376328 6.0
341.5 0 1 57 81.56692487840029 1.5
341.5 1 3 48 35.883264276706896 2
341.5 1 2 57 81.70378310214375 4
341.5 1 4 45 69.16294361376328 6.0
342.5 1 3 50 69.55231489821654 2
343.5 0 3 48 35.883264276706896 2
344.5 0 3 50 69.55231489821654 2
345.5 0 2 57 81.70378310214375 4
346.5 1 2 57 81.70378310214375 4
347.5 0 4 45 69.16294361376328 6.0
347.5 1 3 50 69.55231489821654 2
347.5 1 3 48 35.883264276706896 2
347.5 1 4 45 69.16294361376328 5.0
349.5 0 3 50 69.55231489821654 2
349.5 0 3 48 35.883264276706896 2
350.5 0 2 57 81.70378310214375 4
352.5 0 4 45 69.16294361376328 5.0
352.5 1 3 48 35.883264276706896 2
352.5 1 4 45 69.16294361376328 6.0
353.5 1 3 50 69.55231489821654 2
354.5 0 3 48 35.883264276706896 2
355.5 0 3 50 69.55231489821654 2
358.5 0 4 45 69.16294361376328 6.0
358.5 1 3 50 69.55231489821654 2
358.5 1 4 45 69.16294361376328 5.0
360.5 0 3 50 69.55231489821654 2
363.5 0 4 45 69.16294361376328 5.0
363.5 1 4 45 69.16294361376328 8
371.5 0 4 45 69.16294361376328 8
