2.5
4.0
5.0
7.0
11.0
16.0
21.0
27.0
72.5
75.0
77.5
81.0
84.5
88.0
90.5
93.0
95.0
97.5
99.5
101.5
103.0
104.5
106.0
109.0
112.0
115.0
116.0
117.5
118.5
120.5
122.5
124.0
125.0
126.5
127.5
129.0
130.0
131.5
132.5
134.0
135.5
137.5
139.5
141.0
143.5
146.0
149.0
152.5
155.5
159.0
163.0
167.0
170.5
174.0
177.5
181.0
182.5
184.5
186.5
189.5
192.0
194.0
199.5
205.0
211.0
215.0
219.5
224.0
229.0
234.0
238.5
243.5
248.0
253.0
259.0
265.0
271.0
275.5
280.5
285.5
290.0
295.0
300.0
306.0
312.0
318.0
323.5
329.5
334.5
