84.0
86.5
89.0
93.5
97.0
100.5
102.0
104.5
106.5
108.5
110.5
112.5
113.5
115.0
116.5
121.0
124.0
125.0
126.5
127.0
127.5
130.0
132.0
133.5
134.0
135.5
136.5
139.0
140.0
141.5
142.5
144.0
145.5
147.5
149.5
151.0
155.5
158.0
161.0
165.0
168.0
171.5
176.0
180.0
183.5
186.5
190.0
193.5
193.5
195.5
197.5
201.0
203.5
205.5
216.0
221.5
222.0
227.5
227.5
230.5
233.5
235.0
236.5
239.5
241.0
245.0
245.5
250.0
251.0
254.5
256.0
260.0
260.5
264.5
266.0
269.5
270.5
275.5
276.5
282.5
282.5
288.5
288.5
292.0
294.5
297.0
298.0
302.0
303.0
307.5
308.0
312.5
313.5
317.5
318.5
323.5
324.5
330.5
330.5
336.5
336.5
341.5
342.5
347.5
347.5
352.5
353.5
358.5
