90.68862973760935
106.28629737609329
92.31078717201167
106.28629737609329
92.31078717201167
62.86239067055393
62.86239067055393
92.31078717201167
62.86239067055393
47.45189504373177
62.86239067055393
47.45189504373177
47.45189504373177
47.45189504373177
90.68862973760935
90.68862973760935
90.68862973760935
47.45189504373177
60.7411078717201
90.68862973760935
106.28629737609329
106.28629737609329
106.28629737609329
90.68862973760935
106.28629737609329
92.31078717201167
92.31078717201167
92.31078717201167
60.7411078717201
43.58367346938776
62.86239067055393
62.86239067055393
43.58367346938776
60.7411078717201
47.45189504373177
43.58367346938776
111.17456314177625
111.17456314177625
111.17456314177625
109.49756800576472
109.49756800576472
109.49756800576472
120.94546928481354
120.94546928481354
120.94546928481354
83.0511619528013
83.0511619528013
83.0511619528013
103.56061970816069
103.56061970816069
103.56061970816069
102.71248423707439
102.71248423707439
83.76436678076021
102.71248423707439
83.76436678076021
83.76436678076021
89.00738605656638
89.00738605656638
89.00738605656638
105.6424067735543
105.6424067735543
105.6424067735543
58.51306070978202
58.51306070978202
58.51306070978202
36.96270942172581
36.96270942172581
36.96270942172581
54.40731399747793
54.40731399747793
54.40731399747793
30.640245000900734
30.640245000900734
30.640245000900734
51.7665285534138
51.7665285534138
51.7665285534138
35.76760943974058
35.76760943974058
35.76760943974058
40.37452711223203
40.37452711223203
40.37452711223203
41.02990452170779
41.02990452170779
41.02990452170779
23.893712844532516
23.893712844532516
23.893712844532516
62.21401549270401
62.21401549270401
62.21401549270401
60.594847775175644
60.594847775175644
60.594847775175644
81.29706359214556
81.29706359214556
81.29706359214556
45.193478652495045
45.193478652495045
45.193478652495045
56.48910106287155
56.48910106287155
56.48910106287155
56.720410736804176
56.720410736804176
56.720410736804176
93.9805440461178
93.9805440461178
93.9805440461178
83.57160871914968
83.57160871914968
83.57160871914968
81.56692487840029
81.56692487840029
81.56692487840029
