2.5
4.0
5.0
5.5
6.0
6.5
7.0
8.5
8.5
9.5
10.0
11.0
11.0
12.0
14.0
14.5
14.5
14.5
16.0
16.5
19.0
20.0
20.0
20.5
20.5
21.0
22.5
24.0
24.5
24.5
25.0
25.0
26.0
26.5
27.0
27.0
27.5
27.5
29.0
29.5
29.5
30.0
30.0
31.0
31.0
32.0
32.0
33.0
33.5
33.5
34.5
35.5
37.0
37.5
38.0
38.0
38.0
40.0
42.5
43.5
44.0
44.0
46.0
47.5
48.0
48.0
48.5
50.0
50.5
51.0
51.0
53.0
53.5
57.0
76.0
78.5
78.5
81.0
81.0
82.0
83.5
84.5
84.5
87.0
87.5
88.0
88.0
90.0
91.5
91.5
91.5
91.5
92.5
94.0
94.0
95.0
95.0
96.5
96.5
96.5
97.0
98.5
98.5
99.0
100.0
100.5
101.0
101.0
101.0
102.5
102.5
103.0
103.0
104.0
104.5
104.5
105.0
105.0
105.0
105.5
106.5
106.5
107.0
107.5
108.0
108.0
108.0
108.0
108.5
109.5
109.5
109.5
110.0
110.5
111.0
111.5
112.0
112.0
112.0
112.5
113.0
114.0
114.0
114.5
115.5
115.5
115.5
116.0
116.0
117.0
118.0
118.5
118.5
118.5
119.0
119.0
119.5
120.0
120.0
120.5
120.5
121.0
121.0
121.5
122.0
122.0
122.0
122.5
123.0
123.0
123.0
124.0
124.0
124.5
124.5
125.0
125.0
125.5
125.5
126.0
127.0
127.5
127.5
127.5
128.0
128.5
128.5
128.5
129.0
129.0
129.5
130.0
130.0
130.0
130.5
131.0
131.0
131.0
131.0
131.5
131.5
132.0
132.0
132.0
132.5
132.5
133.5
133.5
133.5
133.5
134.0
134.0
134.5
134.5
135.0
135.0
135.0
135.0
135.5
136.0
136.5
137.0
137.0
137.5
137.5
137.5
137.5
138.0
139.0
139.0
139.0
139.5
139.5
139.5
140.0
140.5
140.5
141.0
141.0
141.5
142.0
142.5
142.5
142.5
143.0
143.0
143.5
143.5
143.5
144.0
144.5
144.5
145.0
145.0
145.5
145.5
146.0
146.0
146.0
146.5
147.0
147.5
147.5
147.5
148.5
149.0
149.0
149.0
149.5
149.5
150.0
150.5
151.0
151.5
152.0
152.0
152.5
152.5
153.0
153.0
153.5
154.0
154.5
155.0
155.0
155.0
156.0
156.0
157.0
157.0
158.0
158.5
159.0
159.0
159.0
159.0
159.5
160.5
161.5
162.0
162.0
162.5
163.0
163.0
163.5
164.5
165.5
165.5
165.5
166.0
166.5
167.5
168.5
168.5
169.0
169.5
170.0
170.5
171.5
172.5
173.5
174.0
174.0
174.0
175.0
175.5
176.0
177.5
177.5
178.0
179.0
179.0
179.5
181.0
181.0
181.5
183.0
183.5
183.5
184.5
184.5
184.5
186.0
186.0
187.0
187.5
188.0
188.0
188.0
188.0
189.5
190.0
190.0
190.0
191.0
191.5
191.5
192.0
193.0
193.5
193.5
194.0
194.0
195.5
195.5
195.5
197.0
197.0
197.5
197.5
198.0
198.0
199.0
199.0
200.0
201.0
201.0
201.0
201.5
201.5
203.0
203.0
203.5
204.5
204.5
205.0
207.0
208.0
208.5
208.5
208.5
209.0
211.0
211.5
211.5
213.0
213.5
214.0
214.5
214.5
215.5
218.5
219.0
219.5
220.0
220.0
221.5
223.0
223.0
223.5
225.0
225.5
226.0
227.5
227.5
229.0
230.5
231.0
231.0
232.0
232.5
233.5
234.0
236.0
237.0
237.5
237.5
238.0
238.5
240.0
242.0
242.0
242.5
243.0
243.5
244.5
245.0
247.0
247.0
248.5
248.5
249.0
249.5
251.5
252.0
253.0
253.5
254.0
254.5
256.5
256.5
258.0
258.0
259.5
259.5
261.5
262.5
262.5
263.5
264.0
264.5
267.5
268.0
268.5
268.5
269.0
269.5
273.0
274.0
274.5
274.5
274.5
274.5
279.0
279.0
279.0
280.0
280.5
280.5
284.0
284.0
284.0
286.0
286.0
286.5
289.0
289.0
290.0
291.0
292.0
292.0
293.5
294.0
295.0
295.5
297.0
298.0
298.5
298.5
300.0
300.5
301.5
303.0
303.5
303.5
305.0
305.5
306.5
306.5
308.5
309.5
310.0
311.0
311.5
311.5
315.0
315.5
315.5
316.0
316.5
317.0
321.0
321.5
321.5
322.0
322.0
322.0
327.0
327.0
327.0
327.5
328.0
328.0
332.0
332.5
333.0
334.0
334.0
334.0
338.0
338.5
339.0
339.0
340.0
340.0
343.5
345.0
345.0
345.0
346.0
350.0
351.0
351.0
351.0
356.0
356.0
357.0
362.0
362.0
367.0
