1.0 1 0 72 111.36732120338677 1
2.0 0 0 72 111.36732120338677 1
3.5 1 0 74 105.62313096739325 1
3.5 1 1 62 111.17456314177625 2
4.5 0 0 74 105.62313096739325 1
5.5 0 1 62 111.17456314177625 2
6.0 1 0 74 117.63195820572871 1
6.0 1 1 62 111.17456314177625 2
7.0 0 0 74 117.63195820572871 1
7.0 1 2 50 109.02723833543504 2.5
8.0 0 1 62 111.17456314177625 2
8.5 1 1 62 111.17456314177625 2
9.5 0 2 50 109.02723833543504 2.5
9.5 1 0 69 103.86903260673752 1
9.5 1 2 50 109.02723833543504 2.5
10.5 0 1 62 111.17456314177625 2
10.5 0 0 69 103.86903260673752 1
12.0 0 2 50 109.02723833543504 2.5
12.0 1 2 50 109.02723833543504 4
12.5 1 3 43 96.77168077823814 2
13.0 1 0 67 108.9000180147721 1
13.0 1 1 57 109.49756800576472 2
14.0 0 0 67 108.9000180147721 1
14.5 0 3 43 96.77168077823814 2
15.0 0 1 57 109.49756800576472 2
15.0 1 3 43 96.77168077823814 1.5
16.0 0 2 50 109.02723833543504 4
16.5 0 3 43 96.77168077823814 1.5
16.5 1 0 69 115.95496306971715 1
16.5 1 1 57 109.49756800576472 2
16.5 1 2 50 109.02723833543504 3.5
16.5 1 4 43 82.61360115294542 1.0
17.5 0 0 69 115.95496306971715 1
17.5 0 4 43 82.61360115294542 1.0
17.5 1 3 43 96.77168077823814 1.5
18.5 0 1 57 109.49756800576472 2
19.0 0 3 43 96.77168077823814 1.5
19.0 1 0 67 127.0 1
19.0 1 4 43 82.61360115294542 2.5
20.0 0 2 50 109.02723833543504 3.5
20.0 0 0 67 127.0 1
20.0 1 1 57 109.49756800576472 2
20.0 1 2 50 109.02723833543504 1.5
21.5 0 4 43 82.61360115294542 2.5
21.5 0 2 50 109.02723833543504 1.5
21.5 1 0 64 120.58115654836966 1
21.5 1 1 50 120.94546928481354 2
21.5 1 4 43 82.61360115294542 0.5
22.0 0 1 57 109.49756800576472 2
22.0 0 4 43 82.61360115294542 0.5
22.0 1 3 43 96.77168077823814 2
22.5 0 0 64 120.58115654836966 1
23.5 0 1 50 120.94546928481354 2
23.5 1 0 67 121.31363718248963 1
23.5 1 2 50 109.02723833543504 0.5
24.0 0 3 43 96.77168077823814 2
24.0 0 2 50 109.02723833543504 0.5
24.0 1 1 50 120.94546928481354 1.0
24.5 0 0 67 121.31363718248963 1
25.0 0 1 50 120.94546928481354 1.0
25.0 1 2 50 109.02723833543504 1.0
25.5 1 3 43 96.77168077823814 0.5
26.0 0 2 50 109.02723833543504 1.0
26.0 0 3 43 96.77168077823814 0.5
26.0 1 0 62 79.60079264997296 1
26.0 1 1 50 120.94546928481354 1.5
26.0 1 4 43 82.61360115294542 3.0
27.0 0 0 62 79.60079264997296 1
27.5 0 1 50 120.94546928481354 1.5
27.5 1 2 50 109.02723833543504 2.0
27.5 1 5 31 81.80787245541345 2.5
28.0 1 0 62 79.27310394523508 1
28.0 1 1 40 83.0511619528013 2
29.0 0 4 43 82.61360115294542 3.0
29.0 0 0 62 79.27310394523508 1
29.0 1 3 43 96.77168077823814 0.5
29.5 0 2 50 109.02723833543504 2.0
29.5 0 3 43 96.77168077823814 0.5
29.5 1 2 50 109.02723833543504 4
29.5 1 4 43 82.61360115294542 1.0
30.0 0 5 31 81.80787245541345 2.5
30.0 0 1 40 83.0511619528013 2
30.0 1 0 60 83.34029904521708 1
30.0 1 1 40 83.0511619528013 1.5
30.0 1 5 31 81.80787245541345 2.5
30.5 0 4 43 82.61360115294542 1.0
30.5 1 3 43 96.77168077823814 2
31.0 0 0 60 83.34029904521708 1
31.5 0 1 40 83.0511619528013 1.5
31.5 1 0 60 103.13655197261754 1
31.5 1 2 40 96.61747432894974 0.5
32.0 0 2 40 96.61747432894974 0.5
32.0 1 1 40 83.0511619528013 1.0
32.5 0 5 31 81.80787245541345 2.5
32.5 0 3 43 96.77168077823814 2
32.5 0 0 60 103.13655197261754 1
32.5 1 5 31 81.80787245541345 4.5
33.0 0 1 40 83.0511619528013 1.0
33.0 1 0 62 100.36083588542604 1
33.0 1 1 40 103.56061970816069 0.5
33.0 1 4 43 82.61360115294542 1.5
33.5 0 2 50 109.02723833543504 4
33.5 0 1 40 103.56061970816069 0.5
33.5 1 2 40 96.61747432894974 1.0
34.0 0 0 62 100.36083588542604 1
34.5 0 4 43 82.61360115294542 1.5
34.5 0 2 40 96.61747432894974 1.0
34.5 1 0 62 110.69266798774994 1
34.5 1 1 40 103.56061970816069 1.0
34.5 1 4 43 82.61360115294542 0.5
35.0 0 4 43 82.61360115294542 0.5
35.0 1 3 43 96.77168077823814 2
35.5 0 0 62 110.69266798774994 1
35.5 0 1 40 103.56061970816069 1.0
35.5 1 2 40 96.61747432894974 0.5
36.0 0 2 40 96.61747432894974 0.5
36.0 1 1 40 103.56061970816069 0.5
36.5 0 1 40 103.56061970816069 0.5
36.5 1 2 40 96.61747432894974 1.5
37.0 0 5 31 81.80787245541345 4.5
37.0 0 3 43 96.77168077823814 2
37.0 1 4 43 82.61360115294542 2.0
37.0 1 5 31 81.80787245541345 3.5
37.5 1 0 62 109.65177445505313 1
38.0 0 2 40 96.61747432894974 1.5
38.0 1 2 40 96.61747432894974 1.5
38.5 0 0 62 109.65177445505313 1
39.0 0 4 43 82.61360115294542 2.0
39.0 1 4 43 82.61360115294542 2.0
39.5 0 2 40 96.61747432894974 1.5
39.5 1 2 40 96.61747432894974 1.0
40.5 0 5 31 81.80787245541345 3.5
40.5 0 2 40 96.61747432894974 1.0
40.5 1 0 64 98.72239236173661 1
40.5 1 1 40 102.71248423707439 2
40.5 1 5 31 81.80787245541345 3.5
41.0 0 4 43 82.61360115294542 2.0
41.0 1 4 43 82.61360115294542 1.0
41.5 0 0 64 98.72239236173661 1
42.0 0 4 43 82.61360115294542 1.0
42.0 1 3 43 96.77168077823814 1.0
42.5 0 1 40 102.71248423707439 2
43.0 0 3 43 96.77168077823814 1.0
43.0 1 4 43 82.61360115294542 0.5
43.5 0 4 43 82.61360115294542 0.5
43.5 1 0 60 102.90524229868491 1
43.5 1 3 43 96.77168077823814 1.5
43.5 1 1 40 102.71248423707439 0.5
44.0 0 5 31 81.80787245541345 3.5
44.0 0 1 40 102.71248423707439 0.5
44.0 1 2 40 96.61747432894974 2.5
44.0 1 5 31 81.80787245541345 1.5
44.5 0 0 60 102.90524229868491 1
44.5 1 0 64 86.34732480634119 1
45.0 0 3 43 96.77168077823814 1.5
45.0 1 4 43 82.61360115294542 1.0
45.5 0 5 31 81.80787245541345 1.5
45.5 0 0 64 86.34732480634119 1
45.5 1 1 48 83.76436678076021 1.5
45.5 1 5 31 81.80787245541345 2.5
46.0 0 4 43 82.61360115294542 1.0
46.0 1 0 64 77.73103945235093 1
46.0 1 4 43 82.61360115294542 1.5
46.5 0 2 40 96.61747432894974 2.5
46.5 1 1 40 102.71248423707439 0.5
47.0 0 1 48 83.76436678076021 1.5
47.0 0 0 64 77.73103945235093 1
47.0 0 1 40 102.71248423707439 0.5
47.0 1 0 67 81.93316519546026 1
47.0 1 1 48 83.76436678076021 1.0
47.0 1 2 40 96.61747432894974 3.0
47.5 0 4 43 82.61360115294542 1.5
47.5 1 4 43 82.61360115294542 1.5
48.0 0 5 31 81.80787245541345 2.5
48.0 0 0 67 81.93316519546026 1
48.0 0 1 48 83.76436678076021 1.0
48.0 1 2 48 93.94392001441182 1.5
48.0 1 5 31 81.80787245541345 2.0
49.0 0 4 43 82.61360115294542 1.5
49.0 1 0 72 82.58854260493604 1
49.0 1 4 43 82.61360115294542 0.5
49.5 0 2 48 93.94392001441182 1.5
49.5 0 4 43 82.61360115294542 0.5
49.5 1 3 43 96.77168077823814 2
49.5 1 2 48 93.94392001441182 1.0
50.0 0 2 40 96.61747432894974 3.0
50.0 0 5 31 81.80787245541345 2.0
50.0 0 0 72 82.58854260493604 1
50.0 1 2 40 96.61747432894974 4
50.0 1 5 31 81.80787245541345 2.0
50.5 0 2 48 93.94392001441182 1.0
50.5 1 1 60 89.00738605656638 2
50.5 1 2 48 93.94392001441182 2.5
51.0 1 0 74 94.01909565843991 1
51.5 0 3 43 96.77168077823814 2
52.0 0 5 31 81.80787245541345 2.0
52.0 0 0 74 94.01909565843991 1
52.0 1 5 31 81.80787245541345 2.0
52.5 0 1 60 89.00738605656638 2
52.5 1 0 72 87.88938929922536 1
52.5 1 3 43 96.77168077823814 1.0
52.5 1 1 60 89.00738605656638 1.5
53.0 0 2 48 93.94392001441182 2.5
53.0 1 2 48 93.94392001441182 2.0
53.5 0 0 72 87.88938929922536 1
53.5 0 3 43 96.77168077823814 1.0
53.5 1 0 69 103.86903260673752 1
53.5 1 4 43 82.61360115294542 1.5
54.0 0 2 40 96.61747432894974 4
54.0 0 5 31 81.80787245541345 2.0
54.0 0 1 60 89.00738605656638 1.5
54.0 1 1 60 89.00738605656638 2
54.0 1 5 31 81.80787245541345 2.0
54.5 0 0 69 103.86903260673752 1
54.5 1 1 52 105.6424067735543 1.5
55.0 0 2 48 93.94392001441182 2.0
55.0 0 4 43 82.61360115294542 1.5
55.0 1 0 69 111.09745991713204 1
55.0 1 3 43 96.77168077823814 0.5
55.0 1 2 48 93.94392001441182 1.5
55.5 0 3 43 96.77168077823814 0.5
55.5 1 3 43 96.77168077823814 0.5
56.0 0 1 60 89.00738605656638 2
56.0 0 5 31 81.80787245541345 2.0
56.0 0 1 52 105.6424067735543 1.5
56.0 0 0 69 111.09745991713204 1
56.0 0 3 43 96.77168077823814 0.5
56.0 1 0 64 107.9362277067195 1
56.0 1 3 43 96.77168077823814 0.5
56.0 1 1 52 105.6424067735543 1.0
56.0 1 5 31 81.80787245541345 1.0
56.5 0 2 48 93.94392001441182 1.5
56.5 0 3 43 96.77168077823814 0.5
56.5 1 2 48 93.94392001441182 0.5
56.5 1 4 43 82.61360115294542 1.0
57.0 0 0 64 107.9362277067195 1
57.0 0 1 52 105.6424067735543 1.0
57.0 0 5 31 81.80787245541345 1.0
57.0 0 2 48 93.94392001441182 0.5
57.0 1 1 52 105.6424067735543 2
57.0 1 2 48 93.94392001441182 1.5
57.0 1 5 31 81.80787245541345 1.5
57.5 0 4 43 82.61360115294542 1.0
57.5 1 0 69 64.68131868131869 1
57.5 1 4 43 82.61360115294542 1.0
58.5 0 2 48 93.94392001441182 1.5
58.5 0 5 31 81.80787245541345 1.5
58.5 0 0 69 64.68131868131869 1
58.5 0 4 43 82.61360115294542 1.0
58.5 1 0 69 60.2093316519546 1
58.5 1 3 43 96.77168077823814 0.5
58.5 1 2 48 93.94392001441182 1.0
58.5 1 5 31 81.80787245541345 1.5
59.0 0 1 52 105.6424067735543 2
59.0 0 3 43 96.77168077823814 0.5
59.0 1 1 55 58.51306070978202 1.0
59.0 1 4 43 82.61360115294542 0.5
59.5 0 0 69 60.2093316519546 1
59.5 0 2 48 93.94392001441182 1.0
59.5 0 4 43 82.61360115294542 0.5
59.5 1 2 48 93.94392001441182 2.5
59.5 1 4 43 82.61360115294542 0.5
60.0 0 5 31 81.80787245541345 1.5
60.0 0 1 55 58.51306070978202 1.0
60.0 0 4 43 82.61360115294542 0.5
60.0 1 0 72 55.56386236714105 1
60.0 1 1 55 58.51306070978202 1.5
60.0 1 4 43 82.61360115294542 0.5
60.0 1 5 31 81.80787245541345 4.5
60.5 0 4 43 82.61360115294542 0.5
60.5 1 3 43 96.77168077823814 1.5
61.0 0 0 72 55.56386236714105 1
61.0 1 0 67 38.81318681318681 1
61.5 0 1 55 58.51306070978202 1.5
61.5 1 1 55 58.51306070978202 2
62.0 0 2 48 93.94392001441182 2.5
62.0 0 3 43 96.77168077823814 1.5
62.0 0 0 67 38.81318681318681 1
62.0 1 3 43 96.77168077823814 0.5
62.0 1 2 48 49.00816069176725 1.0
62.5 0 3 43 96.77168077823814 0.5
62.5 1 0 64 32.240136912268056 1
62.5 1 1 50 36.96270942172581 1.5
62.5 1 4 43 82.61360115294542 1.5
63.0 0 2 48 49.00816069176725 1.0
63.0 1 2 48 49.00816069176725 1.5
63.5 0 1 55 58.51306070978202 2
63.5 0 0 64 32.240136912268056 1
64.0 0 1 50 36.96270942172581 1.5
64.0 0 4 43 82.61360115294542 1.5
64.0 1 0 69 33.74364979283012 1
64.0 1 3 43 96.77168077823814 0.5
64.0 1 1 50 36.96270942172581 1.5
64.5 0 5 31 81.80787245541345 4.5
64.5 0 2 48 49.00816069176725 1.5
64.5 0 3 43 96.77168077823814 0.5
64.5 1 2 48 49.00816069176725 1.0
64.5 1 4 43 82.61360115294542 0.5
64.5 1 5 31 81.80787245541345 3.0
65.0 0 0 69 33.74364979283012 1
65.0 0 4 43 82.61360115294542 0.5
65.0 1 3 43 96.77168077823814 1.0
65.5 0 1 50 36.96270942172581 1.5
65.5 0 2 48 49.00816069176725 1.0
65.5 1 1 50 36.96270942172581 2
65.5 1 2 48 49.00816069176725 1.5
66.0 0 3 43 96.77168077823814 1.0
66.0 1 0 64 61.115294541524044 1
66.0 1 4 43 82.61360115294542 0.5
66.5 0 4 43 82.61360115294542 0.5
66.5 1 4 43 82.61360115294542 1.5
67.0 0 2 48 49.00816069176725 1.5
67.0 0 0 64 61.115294541524044 1
67.0 1 2 48 49.00816069176725 1.5
67.5 0 5 31 81.80787245541345 3.0
67.5 0 1 50 36.96270942172581 2
67.5 1 1 45 54.40731399747793 1.0
67.5 1 5 31 81.80787245541345 1.0
68.0 0 4 43 82.61360115294542 1.5
68.0 1 0 62 49.85822374346964 1
68.0 1 4 43 82.61360115294542 1.0
68.5 0 2 48 49.00816069176725 1.5
68.5 0 1 45 54.40731399747793 1.0
68.5 0 5 31 81.80787245541345 1.0
68.5 1 3 45 46.19774815348586 1.0
68.5 1 2 48 49.00816069176725 2.0
68.5 1 5 31 81.80787245541345 1.5
69.0 0 0 62 49.85822374346964 1
69.0 0 4 43 82.61360115294542 1.0
69.0 1 4 43 82.61360115294542 8
69.5 0 3 45 46.19774815348586 1.0
69.5 1 0 62 55.04341560079265 1
69.5 1 1 45 54.40731399747793 0.5
70.0 0 5 31 81.80787245541345 1.5
70.0 0 1 45 54.40731399747793 0.5
70.0 1 3 45 46.19774815348586 1.0
70.0 1 5 31 81.80787245541345 0.5
70.5 0 2 48 49.00816069176725 2.0
70.5 0 0 62 55.04341560079265 1
70.5 0 5 31 81.80787245541345 0.5
70.5 1 2 48 49.00816069176725 2.0
70.5 1 5 31 81.80787245541345 0.5
71.0 0 3 45 46.19774815348586 1.0
71.0 0 5 31 81.80787245541345 0.5
71.0 1 1 45 54.40731399747793 0.5
71.0 1 5 31 81.80787245541345 2.5
71.5 0 1 45 54.40731399747793 0.5
71.5 1 4 45 61.49695550351288 1.0
72.0 1 0 64 24.87677895874617 1
72.5 0 2 48 49.00816069176725 2.0
72.5 0 4 45 61.49695550351288 1.0
72.5 1 2 48 49.00816069176725 1.5
72.5 1 4 45 61.49695550351288 1.5
73.0 0 0 64 24.87677895874617 1
73.5 0 5 31 81.80787245541345 2.5
73.5 1 5 31 81.80787245541345 2.0
74.0 0 2 48 49.00816069176725 1.5
74.0 0 4 45 61.49695550351288 1.5
74.0 1 2 48 49.00816069176725 4
74.0 1 4 45 61.49695550351288 0.5
74.5 0 4 45 61.49695550351288 0.5
74.5 1 0 62 33.358133669609074 1
74.5 1 1 45 30.640245000900734 0.5
75.0 0 1 45 30.640245000900734 0.5
75.0 1 4 45 61.49695550351288 1.0
75.5 0 5 31 81.80787245541345 2.0
75.5 0 0 62 33.358133669609074 1
75.5 1 5 31 81.80787245541345 1.5
76.0 0 4 45 61.49695550351288 1.0
76.0 1 3 45 46.19774815348586 0.5
76.5 0 3 45 46.19774815348586 0.5
76.5 1 4 45 61.49695550351288 0.5
77.0 0 4 43 82.61360115294542 8
77.0 0 5 31 81.80787245541345 1.5
77.0 0 4 45 61.49695550351288 0.5
77.0 1 1 45 30.640245000900734 1.0
77.0 1 5 31 81.80787245541345 0.5
77.5 0 5 31 81.80787245541345 0.5
77.5 1 0 62 28.365699873896595 1
77.5 1 5 31 81.80787245541345 1.5
78.0 0 2 48 49.00816069176725 4
78.0 0 1 45 30.640245000900734 1.0
78.0 1 4 45 61.49695550351288 0.5
78.5 0 0 62 28.365699873896595 1
78.5 0 4 45 61.49695550351288 0.5
78.5 1 2 45 41.027976941091694 1.0
79.0 0 5 31 81.80787245541345 1.5
79.0 1 5 31 81.80787245541345 1.0
79.5 0 2 45 41.027976941091694 1.0
79.5 1 3 45 46.19774815348586 0.5
80.0 0 5 31 81.80787245541345 1.0
80.0 0 3 45 46.19774815348586 0.5
80.0 1 4 45 61.49695550351288 1.0
80.0 1 5 31 81.80787245541345 16
81.0 0 4 45 61.49695550351288 1.0
81.0 1 0 62 49.04863988470545 1
81.0 1 2 45 41.027976941091694 1.0
82.0 0 0 62 49.04863988470545 1
82.0 0 2 45 41.027976941091694 1.0
82.0 1 4 45 61.49695550351288 1.5
82.0 1 5 40 85.19655917852639 1.0
83.0 0 5 40 85.19655917852639 1.0
83.0 1 5 40 85.19655917852639 1.5
83.5 0 4 45 61.49695550351288 1.5
83.5 1 4 45 61.49695550351288 0.5
84.0 0 4 45 61.49695550351288 0.5
84.0 1 0 62 54.54224464060529 1
84.0 1 2 45 41.027976941091694 2.5
84.5 0 5 40 85.19655917852639 1.5
84.5 1 5 40 85.19655917852639 1.0
85.0 0 0 62 54.54224464060529 1
85.5 0 5 40 85.19655917852639 1.0
85.5 1 5 40 85.19655917852639 1.5
86.5 0 2 45 41.027976941091694 2.5
86.5 1 3 45 46.19774815348586 0.5
87.0 0 5 40 85.19655917852639 1.5
87.0 0 3 45 46.19774815348586 0.5
87.0 1 1 45 51.7665285534138 1.0
87.0 1 5 40 85.19655917852639 1.5
87.5 1 0 64 57.183030084669426 1
88.0 0 1 45 51.7665285534138 1.0
88.0 1 4 45 61.49695550351288 1.5
88.5 0 5 40 85.19655917852639 1.5
88.5 0 0 64 57.183030084669426 1
88.5 1 5 40 85.19655917852639 2.0
89.5 0 4 45 61.49695550351288 1.5
89.5 1 3 45 46.19774815348586 1.0
90.5 0 5 40 85.19655917852639 2.0
90.5 0 3 45 46.19774815348586 1.0
90.5 1 4 45 61.49695550351288 0.5
90.5 1 5 40 85.19655917852639 2.0
91.0 0 4 45 61.49695550351288 0.5
91.0 1 2 45 41.027976941091694 2.5
91.5 1 0 67 33.24247883264276 1
92.5 0 5 40 85.19655917852639 2.0
92.5 0 0 67 33.24247883264276 1
92.5 1 5 40 85.19655917852639 1.5
93.5 0 2 45 41.027976941091694 2.5
93.5 1 4 45 61.49695550351288 1.0
94.0 0 5 40 85.19655917852639 1.5
94.0 1 5 40 85.19655917852639 4.5
94.5 0 4 45 61.49695550351288 1.0
94.5 1 2 45 41.027976941091694 2.0
95.0 1 1 52 35.76760943974058 2
95.5 1 0 69 41.16483516483517 1
96.0 0 5 31 81.80787245541345 16
96.5 0 2 45 41.027976941091694 2.0
96.5 0 0 69 41.16483516483517 1
96.5 1 3 45 46.19774815348586 1.0
97.0 0 1 52 35.76760943974058 2
97.5 0 3 45 46.19774815348586 1.0
97.5 1 4 45 61.49695550351288 1.5
98.5 0 5 40 85.19655917852639 4.5
98.5 1 5 40 85.19655917852639 2.5
99.0 0 4 45 61.49695550351288 1.5
99.0 1 0 69 30.19690145919654 1
99.0 1 1 52 35.76760943974058 2
99.0 1 2 45 41.027976941091694 1.0
100.0 0 0 69 30.19690145919654 1
100.0 0 2 45 41.027976941091694 1.0
100.0 1 3 45 46.19774815348586 0.5
100.5 0 3 45 46.19774815348586 0.5
100.5 1 4 45 61.49695550351288 2.5
101.0 0 5 40 85.19655917852639 2.5
101.0 0 1 52 35.76760943974058 2
101.0 1 5 40 85.19655917852639 3.0
102.5 1 0 76 47.371644748693924 1
102.5 1 1 52 35.76760943974058 2
103.0 0 4 45 61.49695550351288 2.5
103.0 1 2 45 41.027976941091694 1.0
103.5 0 0 76 47.371644748693924 1
104.0 0 5 40 85.19655917852639 3.0
104.0 0 2 45 41.027976941091694 1.0
104.0 1 4 45 61.49695550351288 0.5
104.0 1 5 40 85.19655917852639 4.0
104.5 0 1 52 35.76760943974058 2
104.5 0 4 45 61.49695550351288 0.5
104.5 1 3 45 46.19774815348586 2
106.0 1 0 76 35.63267879661322 1
106.0 1 1 67 40.37452711223203 2
106.5 0 3 45 46.19774815348586 2
106.5 1 2 45 41.027976941091694 2.0
107.0 0 0 76 35.63267879661322 1
108.0 0 5 40 85.19655917852639 4.0
108.0 0 1 67 40.37452711223203 2
108.0 1 5 40 85.19655917852639 3.0
108.5 0 2 45 41.027976941091694 2.0
108.5 1 4 45 61.49695550351288 3.5
109.5 1 0 74 39.27580616105206 1
109.5 1 1 67 40.37452711223203 2
109.5 1 2 55 38.19828859664925 3.5
110.5 0 0 74 39.27580616105206 1
111.0 0 5 40 85.19655917852639 3.0
111.0 1 0 74 39.41073680417942 1
111.0 1 5 40 85.19655917852639 3.5
111.5 0 1 67 40.37452711223203 2
112.0 0 4 45 61.49695550351288 3.5
112.0 0 0 74 39.41073680417942 1
112.0 1 3 45 46.19774815348586 0.5
112.5 0 3 45 46.19774815348586 0.5
112.5 1 4 45 61.49695550351288 2.5
113.0 0 2 55 38.19828859664925 3.5
113.0 1 0 76 36.8856061970816 1
113.0 1 1 67 41.02990452170779 2
113.0 1 2 55 38.19828859664925 3.5
114.0 0 0 76 36.8856061970816 1
114.5 0 5 40 85.19655917852639 3.5
114.5 1 5 40 85.19655917852639 4.5
115.0 0 4 45 61.49695550351288 2.5
115.0 0 1 67 41.02990452170779 2
115.0 1 0 76 48.23905602594127 1
115.0 1 3 45 46.19774815348586 1.0
115.0 1 1 67 41.02990452170779 2
116.0 0 0 76 48.23905602594127 1
116.0 0 3 45 46.19774815348586 1.0
116.0 1 4 45 61.49695550351288 2.5
116.5 0 2 55 38.19828859664925 3.5
116.5 1 2 55 38.19828859664925 2.0
117.0 0 1 67 41.02990452170779 2
117.0 1 1 67 41.02990452170779 2
118.0 1 0 69 22.216717708520985 1
118.5 0 4 45 61.49695550351288 2.5
118.5 0 2 55 38.19828859664925 2.0
118.5 1 3 45 46.19774815348586 0.5
118.5 1 2 55 38.19828859664925 2.0
119.0 0 5 40 85.19655917852639 4.5
119.0 0 1 67 41.02990452170779 2
119.0 0 0 69 22.216717708520985 1
119.0 0 3 45 46.19774815348586 0.5
119.0 1 4 45 61.49695550351288 3.0
119.0 1 5 40 85.19655917852639 4.0
120.5 0 2 55 38.19828859664925 2.0
120.5 1 0 74 20.0 1
120.5 1 1 60 23.893712844532516 2
120.5 1 2 55 38.19828859664925 3.5
121.5 0 0 74 20.0 1
122.0 0 4 45 61.49695550351288 3.0
122.0 1 3 45 46.19774815348586 0.5
122.5 0 1 60 23.893712844532516 2
122.5 0 3 45 46.19774815348586 0.5
122.5 1 0 69 22.216717708520985 1
122.5 1 4 45 61.49695550351288 1.5
123.0 0 5 40 85.19655917852639 4.0
123.0 1 1 60 23.893712844532516 2
123.0 1 5 40 85.19655917852639 3.5
123.5 0 0 69 22.216717708520985 1
124.0 0 2 55 38.19828859664925 3.5
124.0 0 4 45 61.49695550351288 1.5
124.0 1 3 45 46.19774815348586 2
124.0 1 2 55 38.19828859664925 2.5
125.0 0 1 60 23.893712844532516 2
125.0 1 1 60 23.893712844532516 2
126.0 0 3 45 46.19774815348586 2
126.0 1 4 45 61.49695550351288 2.0
126.5 0 5 40 85.19655917852639 3.5
126.5 0 2 55 38.19828859664925 2.5
126.5 1 2 55 38.19828859664925 2.0
126.5 1 5 40 85.19655917852639 3.0
127.0 0 1 60 23.893712844532516 2
128.0 0 4 45 61.49695550351288 2.0
128.0 1 0 84 62.50315258511979 1
128.0 1 4 45 61.49695550351288 1.5
128.5 0 2 55 38.19828859664925 2.0
128.5 1 2 55 38.19828859664925 4
129.0 0 0 84 62.50315258511979 1
129.5 0 5 40 85.19655917852639 3.0
129.5 0 4 45 61.49695550351288 1.5
129.5 1 3 45 46.19774815348586 0.5
129.5 1 5 40 85.19655917852639 3.5
130.0 0 3 45 46.19774815348586 0.5
130.0 1 4 45 61.49695550351288 2.0
132.0 0 4 45 61.49695550351288 2.0
132.0 1 3 45 46.19774815348586 1.5
132.5 0 2 55 38.19828859664925 4
133.0 0 5 40 85.19655917852639 3.5
133.0 1 5 40 85.19655917852639 3.5
133.5 0 3 45 46.19774815348586 1.5
133.5 1 0 81 55.12051882543685 1
133.5 1 1 79 62.21401549270401 2
133.5 1 4 45 61.49695550351288 0.5
134.0 0 4 45 61.49695550351288 0.5
134.0 1 3 45 46.19774815348586 2
134.5 0 0 81 55.12051882543685 1
135.5 0 1 79 62.21401549270401 2
136.0 0 3 45 46.19774815348586 2
136.0 1 4 45 61.49695550351288 2.0
136.5 0 5 40 85.19655917852639 3.5
136.5 1 5 40 85.19655917852639 2.0
138.0 0 4 45 61.49695550351288 2.0
138.0 1 4 45 61.49695550351288 6.5
138.5 0 5 40 85.19655917852639 2.0
138.5 1 5 40 85.19655917852639 2.0
139.0 1 1 79 62.21401549270401 2
139.5 1 0 81 65.85714285714286 1
139.5 1 2 64 68.46323185011708 4
140.5 0 5 40 85.19655917852639 2.0
140.5 0 0 81 65.85714285714286 1
140.5 1 5 40 85.19655917852639 3.5
141.0 0 1 79 62.21401549270401 2
143.5 0 2 64 68.46323185011708 4
143.5 1 0 79 64.31507836425868 1
144.0 0 5 40 85.19655917852639 3.5
144.0 1 5 40 85.19655917852639 2.5
144.5 0 4 45 61.49695550351288 6.5
144.5 0 0 79 64.31507836425868 1
144.5 1 3 45 46.00306251125923 2
145.0 1 1 79 62.21401549270401 2
145.0 1 2 64 68.46323185011708 4
146.5 0 5 40 85.19655917852639 2.5
146.5 0 3 45 46.00306251125923 2
146.5 1 5 40 85.19655917852639 2.0
147.0 0 1 79 62.21401549270401 2
148.0 1 0 79 54.098901098901095 1
148.0 1 1 76 60.594847775175644 2
148.5 0 5 40 85.19655917852639 2.0
148.5 1 5 40 85.19655917852639 16
149.0 0 2 64 68.46323185011708 4
149.0 0 0 79 54.098901098901095 1
150.0 0 1 76 60.594847775175644 2
150.0 1 3 45 46.00306251125923 2
150.5 1 3 50 69.55231489821654 2
151.0 1 2 64 68.46323185011708 3.0
152.0 0 3 45 46.00306251125923 2
152.5 0 3 50 69.55231489821654 2
152.5 1 0 81 59.34192037470726 1
152.5 1 1 76 60.594847775175644 2
153.5 0 0 81 59.34192037470726 1
154.0 0 2 64 68.46323185011708 3.0
154.0 1 2 64 68.46323185011708 4
154.5 0 1 76 60.594847775175644 2
155.5 1 4 45 69.16294361376328 0.5
156.0 0 4 45 69.16294361376328 0.5
156.0 1 3 50 69.55231489821654 2
156.0 1 3 45 46.00306251125923 2
157.0 1 1 76 60.594847775175644 2
157.5 1 0 81 80.15979102864348 1
158.0 0 2 64 68.46323185011708 4
158.0 0 3 50 69.55231489821654 2
158.0 0 3 45 46.00306251125923 2
158.5 0 0 81 80.15979102864348 1
158.5 1 2 64 68.46323185011708 4
159.0 0 1 76 60.594847775175644 2
159.0 1 3 45 46.00306251125923 2
161.0 0 3 45 46.00306251125923 2
161.0 1 4 45 69.16294361376328 2.5
162.0 1 3 50 69.55231489821654 2
162.5 0 2 64 68.46323185011708 4
162.5 1 0 81 85.36425869212755 1
162.5 1 1 79 81.29706359214556 2
163.0 1 2 64 68.46323185011708 4
163.5 0 4 45 69.16294361376328 2.5
163.5 0 0 81 85.36425869212755 1
163.5 1 3 45 46.00306251125923 2
164.0 0 3 50 69.55231489821654 2
164.5 0 5 40 85.19655917852639 16
164.5 0 1 79 81.29706359214556 2
165.0 1 3 50 69.55231489821654 2
165.5 0 3 45 46.00306251125923 2
167.0 0 2 64 68.46323185011708 4
167.0 0 3 50 69.55231489821654 2
167.0 1 0 79 84.90163934426229 0.5
167.0 1 4 45 69.16294361376328 1.0
167.5 0 0 79 84.90163934426229 0.5
167.5 1 1 79 81.29706359214556 2
168.0 0 4 45 69.16294361376328 1.0
168.0 1 3 45 46.00306251125923 2
168.5 1 2 64 68.46323185011708 4
169.5 0 1 79 81.29706359214556 2
169.5 1 3 50 69.55231489821654 2
170.0 0 3 45 46.00306251125923 2
170.0 1 4 45 69.16294361376328 3.5
171.5 0 3 50 69.55231489821654 2
172.0 1 0 76 44.73085930462979 1
172.0 1 1 79 81.29706359214556 2
172.5 0 2 64 68.46323185011708 4
173.0 0 0 76 44.73085930462979 1
173.5 0 4 45 69.16294361376328 3.5
173.5 1 3 45 46.00306251125923 1.0
173.5 1 2 64 68.46323185011708 4
174.0 0 1 79 81.29706359214556 2
174.0 1 3 50 69.55231489821654 2
174.5 0 3 45 46.00306251125923 1.0
174.5 1 4 45 69.16294361376328 4.0
176.0 0 3 50 69.55231489821654 2
176.5 1 0 74 45.23203026481715 1
177.0 1 1 67 45.193478652495045 2
177.5 0 2 64 68.46323185011708 4
177.5 0 0 74 45.23203026481715 1
178.0 1 2 64 68.46323185011708 4
178.5 0 4 45 69.16294361376328 4.0
178.5 1 3 45 46.00306251125923 0.5
179.0 0 1 67 45.193478652495045 2
179.0 0 3 45 46.00306251125923 0.5
179.0 1 4 45 69.16294361376328 4.0
179.5 1 3 50 69.55231489821654 2
181.5 0 3 50 69.55231489821654 2
181.5 1 0 74 39.33363357953522 1
181.5 1 1 67 45.193478652495045 2
182.0 0 2 64 68.46323185011708 4
182.5 0 0 74 39.33363357953522 1
183.0 0 4 45 69.16294361376328 4.0
183.0 1 3 45 46.00306251125923 1.5
183.0 1 2 57 57.45867411277247 4
183.5 0 1 67 45.193478652495045 2
184.5 0 3 45 46.00306251125923 1.5
184.5 1 3 50 69.55231489821654 2
184.5 1 4 45 69.16294361376328 5.0
186.5 0 3 50 69.55231489821654 2
186.5 1 1 67 45.193478652495045 2
187.0 0 2 57 57.45867411277247 4
187.5 1 0 74 50.62925598991173 1
187.5 1 2 57 57.45867411277247 4
188.5 0 1 67 45.193478652495045 2
188.5 0 0 74 50.62925598991173 1
188.5 1 3 40 45.32840929562241 2
189.0 1 3 50 69.55231489821654 2
189.5 0 4 45 69.16294361376328 5.0
189.5 1 4 45 69.16294361376328 4.5
190.5 0 3 40 45.32840929562241 2
191.0 0 3 50 69.55231489821654 2
191.5 0 2 57 57.45867411277247 4
192.5 1 2 57 57.45867411277247 4
193.0 1 3 40 45.32840929562241 2
193.5 1 0 74 62.69591064673031 1
193.5 1 1 64 56.48910106287155 2
194.0 0 4 45 69.16294361376328 4.5
194.0 1 4 45 69.16294361376328 5.5
194.5 0 0 74 62.69591064673031 1
194.5 1 3 50 69.55231489821654 2
195.0 0 3 40 45.32840929562241 2
195.5 0 1 64 56.48910106287155 2
196.5 0 2 57 57.45867411277247 4
196.5 0 3 50 69.55231489821654 2
198.0 1 3 40 45.32840929562241 2
199.0 1 3 50 69.55231489821654 2
199.5 0 4 45 69.16294361376328 5.5
199.5 1 0 76 55.60241397946315 1
199.5 1 1 64 56.48910106287155 2
199.5 1 2 57 57.45867411277247 4
199.5 1 4 45 69.16294361376328 4.5
200.0 0 3 40 45.32840929562241 2
200.5 0 0 76 55.60241397946315 1
201.0 0 3 50 69.55231489821654 2
201.5 0 1 64 56.48910106287155 2
203.5 0 2 57 57.45867411277247 4
204.0 0 4 45 69.16294361376328 4.5
204.0 1 0 69 57.375788146279945 1
204.0 1 3 50 69.55231489821654 2
204.0 1 4 45 69.16294361376328 5.0
205.0 0 0 69 57.375788146279945 1
205.0 1 3 40 45.32840929562241 2
205.5 1 1 64 56.48910106287155 2
205.5 1 2 57 57.45867411277247 4
206.0 0 3 50 69.55231489821654 2
207.0 0 3 40 45.32840929562241 2
207.5 0 1 64 56.48910106287155 2
209.0 0 4 45 69.16294361376328 5.0
209.0 1 0 69 62.21401549270401 1
209.0 1 1 55 56.720410736804176 2
209.0 1 4 45 69.16294361376328 7.0
209.5 0 2 57 57.45867411277247 4
210.0 0 0 69 62.21401549270401 1
211.0 0 1 55 56.720410736804176 2
211.0 1 3 50 69.55231489821654 2
211.0 1 3 40 45.32840929562241 2
211.5 1 2 57 57.45867411277247 3.5
213.0 0 3 50 69.55231489821654 2
213.0 0 3 40 45.32840929562241 2
214.0 1 0 69 50.14736083588542 1
214.0 1 1 55 56.720410736804176 2
215.0 0 2 57 57.45867411277247 3.5
215.0 0 0 69 50.14736083588542 1
215.0 1 2 57 57.45867411277247 4
216.0 0 4 45 69.16294361376328 7.0
216.0 0 1 55 56.720410736804176 2
216.0 1 4 45 69.16294361376328 6.0
217.0 1 3 50 69.55231489821654 2
217.0 1 3 40 45.32840929562241 2
218.5 1 0 72 94.21185372005043 1
219.0 0 2 57 57.45867411277247 4
219.0 0 3 50 69.55231489821654 2
219.0 0 3 40 45.32840929562241 2
219.0 1 1 55 56.720410736804176 2
219.5 0 0 72 94.21185372005043 1
220.0 1 2 57 57.45867411277247 4
220.5 1 3 40 45.32840929562241 2
221.0 0 1 55 56.720410736804176 2
222.0 0 4 45 69.16294361376328 6.0
222.0 1 4 45 69.16294361376328 6.0
222.5 0 3 40 45.32840929562241 2
223.0 1 3 50 69.55231489821654 2
223.5 1 0 76 94.19257791388937 1
223.5 1 1 64 93.9805440461178 2
224.0 0 2 57 57.45867411277247 4
224.5 0 0 76 94.19257791388937 1
225.0 0 3 50 69.55231489821654 2
225.0 1 2 57 57.45867411277247 4
225.5 0 1 64 93.9805440461178 2
225.5 1 3 40 45.32840929562241 2
226.5 1 3 50 69.55231489821654 2
227.5 0 3 40 45.32840929562241 2
228.0 0 4 45 69.16294361376328 6.0
228.0 1 4 45 69.16294361376328 3.5
228.5 0 3 50 69.55231489821654 2
228.5 1 0 74 99.82111331291658 1
228.5 1 1 64 93.9805440461178 2
229.0 0 2 57 57.45867411277247 4
229.5 0 0 74 99.82111331291658 1
230.0 1 2 57 81.70378310214375 4
230.5 0 1 64 93.9805440461178 2
230.5 1 3 40 45.32840929562241 2
231.5 0 4 45 69.16294361376328 3.5
231.5 1 3 50 69.55231489821654 2
231.5 1 4 45 69.16294361376328 5.0
232.5 0 3 40 45.32840929562241 2
233.5 0 3 50 69.55231489821654 2
233.5 1 1 64 93.9805440461178 2
234.0 0 2 57 81.70378310214375 4
234.5 1 0 76 89.89407313997476 1
235.0 1 2 57 81.70378310214375 4
235.5 0 1 64 93.9805440461178 2
235.5 0 0 76 89.89407313997476 1
236.0 1 3 48 35.883264276706896 2
236.5 0 4 45 69.16294361376328 5.0
236.5 1 3 50 69.55231489821654 2
236.5 1 4 45 69.16294361376328 5.0
238.0 0 3 48 35.883264276706896 2
238.5 0 3 50 69.55231489821654 2
239.0 0 2 57 81.70378310214375 4
240.0 1 2 57 81.70378310214375 4
240.5 1 0 79 83.91857323004864 1
240.5 1 1 69 83.57160871914968 2
241.0 1 3 48 35.883264276706896 2
241.5 0 4 45 69.16294361376328 5.0
241.5 0 0 79 83.91857323004864 1
241.5 1 4 45 69.16294361376328 5.5
242.0 1 3 50 69.55231489821654 2
242.5 0 1 69 83.57160871914968 2
243.0 0 3 48 35.883264276706896 2
244.0 0 2 57 81.70378310214375 4
244.0 0 3 50 69.55231489821654 2
246.0 1 3 48 35.883264276706896 2
246.5 1 0 76 77.84669428931723 1
246.5 1 1 69 83.57160871914968 2
247.0 0 4 45 69.16294361376328 5.5
247.0 1 3 50 69.55231489821654 2
247.0 1 2 57 81.70378310214375 4
247.0 1 4 45 69.16294361376328 5.0
247.5 0 0 76 77.84669428931723 1
248.0 0 3 48 35.883264276706896 2
248.5 0 1 69 83.57160871914968 2
249.0 0 3 50 69.55231489821654 2
251.0 0 2 57 81.70378310214375 4
252.0 0 4 45 69.16294361376328 5.0
252.0 1 0 69 88.08214736083588 0.5
252.0 1 3 50 69.55231489821654 2
252.0 1 4 45 69.16294361376328 5.0
252.5 0 0 69 88.08214736083588 0.5
252.5 1 1 69 83.57160871914968 2
253.0 1 3 48 35.883264276706896 2
253.0 1 2 57 81.70378310214375 4
254.0 0 3 50 69.55231489821654 2
254.5 0 1 69 83.57160871914968 2
255.0 0 3 48 35.883264276706896 2
257.0 0 4 45 69.16294361376328 5.0
257.0 0 2 57 81.70378310214375 4
257.0 1 4 45 69.16294361376328 7.0
257.5 1 1 57 81.56692487840029 1.5
258.0 1 0 69 76.0540443163394 1
259.0 0 1 57 81.56692487840029 1.5
259.0 0 0 69 76.0540443163394 1
259.0 1 3 50 69.55231489821654 2
259.0 1 3 48 35.883264276706896 2
259.0 1 2 57 81.70378310214375 4
261.0 0 3 50 69.55231489821654 2
261.0 0 3 48 35.883264276706896 2
263.0 0 2 57 81.70378310214375 4
263.0 1 0 69 80.50675553954241 1
263.5 1 1 57 81.56692487840029 0.5
264.0 0 4 45 69.16294361376328 7.0
264.0 0 0 69 80.50675553954241 1
264.0 0 1 57 81.56692487840029 0.5
264.0 1 2 57 81.70378310214375 4
264.0 1 4 45 69.16294361376328 6.0
265.0 1 3 50 69.55231489821654 2
265.0 1 3 48 35.883264276706896 2
267.0 0 3 50 69.55231489821654 2
267.0 0 3 48 35.883264276706896 2
268.0 0 2 57 81.70378310214375 4
268.5 1 1 57 81.56692487840029 1.5
270.0 0 4 45 69.16294361376328 6.0
270.0 0 1 57 81.56692487840029 1.5
270.0 1 3 48 35.883264276706896 2
270.0 1 2 57 81.70378310214375 4
270.0 1 4 45 69.16294361376328 6.0
271.0 1 3 50 69.55231489821654 2
272.0 0 3 48 35.883264276706896 2
273.0 0 3 50 69.55231489821654 2
274.0 0 2 57 81.70378310214375 4
275.0 1 2 57 81.70378310214375 4
276.0 0 4 45 69.16294361376328 6.0
276.0 1 3 50 69.55231489821654 2
276.0 1 3 48 35.883264276706896 2
276.0 1 4 45 69.16294361376328 5.0
278.0 0 3 50 69.55231489821654 2
278.0 0 3 48 35.883264276706896 2
279.0 0 2 57 81.70378310214375 4
281.0 0 4 45 69.16294361376328 5.0
281.0 1 3 48 35.883264276706896 2
281.0 1 4 45 69.16294361376328 6.0
282.0 1 3 50 69.55231489821654 2
283.0 0 3 48 35.883264276706896 2
284.0 0 3 50 69.55231489821654 2
287.0 0 4 45 69.16294361376328 6.0
287.0 1 3 50 69.55231489821654 2
287.0 1 4 45 69.16294361376328 5.0
289.0 0 3 50 69.55231489821654 2
292.0 0 4 45 69.16294361376328 5.0
292.0 1 4 45 69.16294361376328 8
300.0 0 4 45 69.16294361376328 8
302.5 1 0 79 100.85830903790087 1
303.5 0 0 79 100.85830903790087 1
304.0 1 0 69 126.99999999999999 1
305.0 0 0 69 126.99999999999999 1
305.0 1 0 60 102.85481049562681 1
305.5 1 1 67 90.68862973760935 2
306.0 0 0 60 102.85481049562681 1
306.0 1 1 57 106.28629737609329 2
306.5 1 1 45 92.31078717201167 2
307.0 1 0 60 52.692711370262394 1
307.5 0 1 67 90.68862973760935 2
308.0 0 1 57 106.28629737609329 2
308.0 0 0 60 52.692711370262394 1
308.5 0 1 45 92.31078717201167 2
308.5 1 1 57 106.28629737609329 2
308.5 1 1 45 92.31078717201167 2
309.5 1 1 43 62.86239067055393 0.5
310.0 0 1 43 62.86239067055393 0.5
310.0 1 1 43 62.86239067055393 2
310.5 0 1 57 106.28629737609329 2
310.5 0 1 45 92.31078717201167 2
311.0 1 0 67 26.92536443148688 1
312.0 0 1 43 62.86239067055393 2
312.0 0 0 67 26.92536443148688 1
314.0 1 1 52 47.45189504373177 0.5
314.5 0 1 52 47.45189504373177 0.5
314.5 1 1 52 47.45189504373177 2
316.0 1 0 84 52.94227405247815 1
316.5 0 1 52 47.45189504373177 2
317.0 0 0 84 52.94227405247815 1
318.5 1 1 67 90.68862973760935 2
320.0 1 1 64 60.7411078717201 2
320.5 0 1 67 90.68862973760935 2
321.0 1 0 79 20.0 1
322.0 0 1 64 60.7411078717201 2
322.0 0 0 79 20.0 1
324.5 1 1 52 47.45189504373177 2
325.0 1 1 64 60.7411078717201 2
326.5 0 1 52 47.45189504373177 2
327.0 0 1 64 60.7411078717201 2
327.0 1 0 79 46.70320699708455 1
328.0 0 0 79 46.70320699708455 1
329.5 1 1 52 47.45189504373177 2
331.0 1 1 64 60.7411078717201 2
331.5 0 1 52 47.45189504373177 2
333.0 0 1 64 60.7411078717201 2
335.5 1 1 52 47.45189504373177 2
337.5 0 1 52 47.45189504373177 2
