1.0
3.5
3.5
6.0
6.0
7.0
8.5
9.5
9.5
12.0
12.5
13.0
13.0
15.0
16.5
16.5
16.5
16.5
17.5
19.0
19.0
20.0
20.0
21.5
21.5
21.5
22.0
23.5
23.5
24.0
25.0
25.5
26.0
26.0
26.0
27.5
27.5
28.0
28.0
29.0
29.5
29.5
30.0
30.0
30.0
30.5
31.5
31.5
32.0
32.5
33.0
33.0
33.0
33.0
33.5
34.5
34.5
34.5
35.0
35.5
36.0
36.5
37.0
37.0
37.0
37.5
38.0
39.0
39.0
39.5
40.5
40.5
40.5
41.0
41.0
42.0
43.0
43.5
43.5
43.5
44.0
44.0
44.5
45.0
45.0
45.5
45.5
46.0
46.0
46.5
47.0
47.0
47.0
47.5
48.0
48.0
48.0
49.0
49.0
49.5
49.5
50.0
50.0
50.5
50.5
51.0
52.0
52.5
52.5
52.5
53.0
53.5
53.5
53.5
54.0
54.0
54.5
55.0
55.0
55.0
55.5
56.0
56.0
56.0
56.0
56.5
56.5
57.0
57.0
57.0
57.5
57.5
58.5
58.5
58.5
58.5
59.0
59.0
59.5
59.5
60.0
60.0
60.0
60.0
60.5
61.0
61.5
62.0
62.0
62.5
62.5
62.5
62.5
63.0
64.0
64.0
64.0
64.5
64.5
64.5
65.0
65.5
65.5
66.0
66.0
66.5
67.0
67.5
67.5
67.5
68.0
68.0
68.5
68.5
68.5
69.0
69.5
69.5
70.0
70.0
70.5
70.5
71.0
71.0
71.0
71.5
72.0
72.5
72.5
72.5
73.5
74.0
74.0
74.0
74.5
74.5
75.0
75.5
76.0
76.5
77.0
77.0
77.5
77.5
78.0
78.0
78.5
79.0
79.5
80.0
80.0
80.0
81.0
81.0
82.0
82.0
83.0
83.5
84.0
84.0
84.0
84.0
84.5
85.5
86.5
87.0
87.0
87.5
88.0
88.0
88.5
89.5
90.5
90.5
90.5
91.0
91.5
92.5
93.5
93.5
94.0
94.5
95.0
95.5
96.5
97.5
98.5
99.0
99.0
99.0
100.0
100.5
101.0
102.5
102.5
103.0
104.0
104.0
104.5
106.0
106.0
106.5
108.0
108.5
108.5
109.5
109.5
109.5
111.0
111.0
112.0
112.5
113.0
113.0
113.0
113.0
114.5
115.0
115.0
115.0
116.0
116.5
116.5
117.0
118.0
118.5
118.5
119.0
119.0
120.5
120.5
120.5
122.0
122.0
122.5
122.5
123.0
123.0
124.0
124.0
125.0
126.0
126.0
126.0
126.5
126.5
128.0
128.0
128.5
129.5
129.5
130.0
132.0
133.0
133.5
133.5
133.5
134.0
136.0
136.5
136.5
138.0
138.5
139.0
139.5
139.5
140.5
143.5
144.0
144.5
145.0
145.0
146.5
148.0
148.0
148.5
150.0
150.5
151.0
152.5
152.5
154.0
155.5
156.0
156.0
157.0
157.5
158.5
159.0
161.0
162.0
162.5
162.5
163.0
163.5
165.0
167.0
167.0
167.5
168.0
168.5
169.5
170.0
172.0
172.0
173.5
173.5
174.0
174.5
176.5
177.0
178.0
178.5
179.0
179.5
181.5
181.5
183.0
183.0
184.5
184.5
186.5
187.5
187.5
188.5
189.0
189.5
192.5
193.0
193.5
193.5
194.0
194.5
198.0
199.0
199.5
199.5
199.5
199.5
204.0
204.0
204.0
205.0
205.5
205.5
209.0
209.0
209.0
211.0
211.0
211.5
214.0
214.0
215.0
216.0
217.0
217.0
218.5
219.0
220.0
220.5
222.0
223.0
223.5
223.5
225.0
225.5
226.5
228.0
228.5
228.5
230.0
230.5
231.5
231.5
233.5
234.5
235.0
236.0
236.5
236.5
240.0
240.5
240.5
241.0
241.5
242.0
246.0
246.5
246.5
247.0
247.0
247.0
252.0
252.0
252.0
252.5
253.0
253.0
257.0
257.5
258.0
259.0
259.0
259.0
263.0
263.5
264.0
264.0
265.0
265.0
268.5
270.0
270.0
270.0
271.0
275.0
276.0
276.0
276.0
281.0
281.0
282.0
287.0
287.0
292.0
302.5
304.0
305.0
305.5
306.0
306.5
307.0
308.5
308.5
309.5
310.0
311.0
314.0
314.5
316.0
318.5
320.0
321.0
324.5
325.0
327.0
329.5
331.0
335.5
