12.5
15.0
17.5
22.0
25.5
29.0
30.5
33.0
35.0
37.0
39.0
41.0
42.0
43.5
45.0
49.5
52.5
53.5
55.0
55.5
56.0
58.5
60.5
62.0
62.5
64.0
65.0
67.5
68.5
70.0
71.0
72.5
74.0
76.0
78.0
79.5
84.0
86.5
89.5
93.5
96.5
100.0
104.5
108.5
112.0
115.0
118.5
122.0
122.0
124.0
126.0
129.5
132.0
134.0
144.5
150.0
150.5
156.0
156.0
159.0
162.0
163.5
165.0
168.0
169.5
173.5
174.0
178.5
179.5
183.0
184.5
188.5
189.0
193.0
194.5
198.0
199.0
204.0
205.0
211.0
211.0
217.0
217.0
220.5
223.0
225.5
226.5
230.5
231.5
236.0
236.5
241.0
242.0
246.0
247.0
252.0
253.0
259.0
259.0
265.0
265.0
270.0
271.0
276.0
276.0
281.0
282.0
287.0
