3.5
6.0
8.5
13.0
16.5
20.0
21.5
24.0
26.0
28.0
30.0
32.0
33.0
34.5
36.0
40.5
43.5
45.5
46.5
47.0
48.0
50.5
52.5
54.0
54.5
56.0
57.0
59.0
60.0
61.5
62.5
64.0
65.5
67.5
69.5
71.0
74.5
77.0
80.0
84.0
87.0
90.5
95.0
99.0
102.5
106.0
109.5
113.0
113.0
115.0
117.0
120.5
123.0
125.0
133.5
139.0
145.0
148.0
152.5
157.0
162.5
167.5
172.0
177.0
181.5
186.5
193.5
199.5
205.5
209.0
214.0
219.0
223.5
228.5
233.5
240.5
246.5
252.5
257.5
263.5
268.5
305.5
306.0
306.5
308.5
308.5
309.5
310.0
314.0
314.5
318.5
320.0
324.5
325.0
329.5
331.0
335.5
