111.36732120338677
105.62313096739325
111.17456314177625
117.63195820572871
111.17456314177625
109.02723833543504
111.17456314177625
103.86903260673752
109.02723833543504
109.02723833543504
96.77168077823814
108.9000180147721
109.49756800576472
96.77168077823814
115.95496306971715
109.49756800576472
109.02723833543504
82.61360115294542
96.77168077823814
127.0
82.61360115294542
109.49756800576472
109.02723833543504
120.58115654836966
120.94546928481354
82.61360115294542
96.77168077823814
121.31363718248963
109.02723833543504
120.94546928481354
109.02723833543504
96.77168077823814
79.60079264997296
120.94546928481354
82.61360115294542
109.02723833543504
81.80787245541345
79.27310394523508
83.0511619528013
96.77168077823814
109.02723833543504
82.61360115294542
83.34029904521708
83.0511619528013
81.80787245541345
96.77168077823814
103.13655197261754
96.61747432894974
83.0511619528013
81.80787245541345
100.36083588542604
96.77168077823814
103.56061970816069
82.61360115294542
96.61747432894974
110.69266798774994
103.56061970816069
82.61360115294542
96.77168077823814
96.61747432894974
103.56061970816069
96.61747432894974
96.77168077823814
82.61360115294542
81.80787245541345
109.65177445505313
96.61747432894974
96.77168077823814
82.61360115294542
96.61747432894974
98.72239236173661
102.71248423707439
81.80787245541345
96.77168077823814
82.61360115294542
96.77168077823814
82.61360115294542
102.90524229868491
96.77168077823814
102.71248423707439
96.61747432894974
81.80787245541345
86.34732480634119
96.77168077823814
82.61360115294542
83.76436678076021
81.80787245541345
77.73103945235093
82.61360115294542
102.71248423707439
81.93316519546026
83.76436678076021
96.61747432894974
82.61360115294542
83.76436678076021
93.94392001441182
81.80787245541345
82.58854260493604
82.61360115294542
96.77168077823814
93.94392001441182
96.61747432894974
81.80787245541345
89.00738605656638
93.94392001441182
94.01909565843991
81.80787245541345
87.88938929922536
96.77168077823814
89.00738605656638
93.94392001441182
103.86903260673752
96.77168077823814
82.61360115294542
89.00738605656638
81.80787245541345
105.6424067735543
111.09745991713204
96.77168077823814
93.94392001441182
96.77168077823814
107.9362277067195
96.77168077823814
105.6424067735543
81.80787245541345
93.94392001441182
82.61360115294542
105.6424067735543
93.94392001441182
81.80787245541345
64.68131868131869
82.61360115294542
60.2093316519546
96.77168077823814
93.94392001441182
81.80787245541345
58.51306070978202
82.61360115294542
93.94392001441182
82.61360115294542
55.56386236714105
58.51306070978202
82.61360115294542
81.80787245541345
96.77168077823814
38.81318681318681
58.51306070978202
96.77168077823814
49.00816069176725
32.240136912268056
96.77168077823814
36.96270942172581
82.61360115294542
49.00816069176725
33.74364979283012
96.77168077823814
36.96270942172581
49.00816069176725
82.61360115294542
81.80787245541345
96.77168077823814
36.96270942172581
49.00816069176725
61.115294541524044
82.61360115294542
82.61360115294542
49.00816069176725
46.19774815348586
54.40731399747793
81.80787245541345
49.85822374346964
82.61360115294542
46.19774815348586
49.00816069176725
81.80787245541345
82.61360115294542
55.04341560079265
54.40731399747793
46.19774815348586
81.80787245541345
49.00816069176725
81.80787245541345
46.19774815348586
54.40731399747793
81.80787245541345
61.49695550351288
24.87677895874617
46.19774815348586
49.00816069176725
61.49695550351288
81.80787245541345
46.19774815348586
49.00816069176725
61.49695550351288
33.358133669609074
30.640245000900734
61.49695550351288
81.80787245541345
46.19774815348586
61.49695550351288
30.640245000900734
81.80787245541345
28.365699873896595
81.80787245541345
46.19774815348586
61.49695550351288
41.027976941091694
81.80787245541345
46.19774815348586
30.640245000900734
61.49695550351288
81.80787245541345
49.04863988470545
41.027976941091694
61.49695550351288
85.19655917852639
85.19655917852639
61.49695550351288
54.54224464060529
46.19774815348586
51.7665285534138
41.027976941091694
85.19655917852639
85.19655917852639
46.19774815348586
51.7665285534138
85.19655917852639
57.183030084669426
41.027976941091694
61.49695550351288
85.19655917852639
46.19774815348586
51.7665285534138
61.49695550351288
85.19655917852639
41.027976941091694
33.24247883264276
85.19655917852639
46.19774815348586
61.49695550351288
85.19655917852639
41.027976941091694
35.76760943974058
41.16483516483517
46.19774815348586
61.49695550351288
85.19655917852639
30.19690145919654
35.76760943974058
41.027976941091694
46.19774815348586
61.49695550351288
85.19655917852639
47.371644748693924
35.76760943974058
41.027976941091694
61.49695550351288
85.19655917852639
46.19774815348586
35.63267879661322
40.37452711223203
41.027976941091694
85.19655917852639
46.19774815348586
61.49695550351288
39.27580616105206
40.37452711223203
38.19828859664925
39.41073680417942
85.19655917852639
46.19774815348586
61.49695550351288
36.8856061970816
40.37452711223203
41.02990452170779
38.19828859664925
85.19655917852639
48.23905602594127
46.19774815348586
41.02990452170779
61.49695550351288
38.19828859664925
38.19828859664925
41.02990452170779
22.216717708520985
46.19774815348586
38.19828859664925
61.49695550351288
85.19655917852639
20.0
23.893712844532516
38.19828859664925
46.19774815348586
46.19774815348586
22.216717708520985
61.49695550351288
23.893712844532516
85.19655917852639
46.19774815348586
38.19828859664925
23.893712844532516
46.19774815348586
61.49695550351288
61.49695550351288
38.19828859664925
85.19655917852639
62.50315258511979
61.49695550351288
38.19828859664925
46.19774815348586
85.19655917852639
61.49695550351288
46.19774815348586
85.19655917852639
55.12051882543685
62.21401549270401
61.49695550351288
46.19774815348586
61.49695550351288
85.19655917852639
85.19655917852639
61.49695550351288
85.19655917852639
62.21401549270401
65.85714285714286
68.46323185011708
85.19655917852639
64.31507836425868
85.19655917852639
46.00306251125923
62.21401549270401
68.46323185011708
85.19655917852639
54.098901098901095
60.594847775175644
85.19655917852639
46.00306251125923
69.55231489821654
68.46323185011708
59.34192037470726
60.594847775175644
68.46323185011708
69.16294361376328
69.55231489821654
46.00306251125923
60.594847775175644
80.15979102864348
68.46323185011708
46.00306251125923
69.16294361376328
69.55231489821654
85.36425869212755
81.29706359214556
68.46323185011708
46.00306251125923
69.55231489821654
84.90163934426229
69.16294361376328
81.29706359214556
46.00306251125923
68.46323185011708
69.55231489821654
69.16294361376328
44.73085930462979
81.29706359214556
46.00306251125923
68.46323185011708
69.55231489821654
69.16294361376328
45.23203026481715
45.193478652495045
68.46323185011708
46.00306251125923
69.16294361376328
69.55231489821654
39.33363357953522
45.193478652495045
46.00306251125923
57.45867411277247
69.55231489821654
69.16294361376328
45.193478652495045
50.62925598991173
57.45867411277247
45.32840929562241
69.55231489821654
69.16294361376328
57.45867411277247
45.32840929562241
62.69591064673031
56.48910106287155
69.16294361376328
69.55231489821654
45.32840929562241
69.55231489821654
55.60241397946315
56.48910106287155
57.45867411277247
69.16294361376328
57.375788146279945
69.55231489821654
69.16294361376328
45.32840929562241
56.48910106287155
57.45867411277247
62.21401549270401
56.720410736804176
69.16294361376328
69.55231489821654
45.32840929562241
57.45867411277247
50.14736083588542
56.720410736804176
57.45867411277247
69.16294361376328
69.55231489821654
45.32840929562241
94.21185372005043
56.720410736804176
57.45867411277247
45.32840929562241
69.16294361376328
69.55231489821654
94.19257791388937
93.9805440461178
57.45867411277247
45.32840929562241
69.55231489821654
69.16294361376328
99.82111331291658
93.9805440461178
81.70378310214375
45.32840929562241
69.55231489821654
69.16294361376328
93.9805440461178
89.89407313997476
81.70378310214375
35.883264276706896
69.55231489821654
69.16294361376328
81.70378310214375
83.91857323004864
83.57160871914968
35.883264276706896
69.16294361376328
69.55231489821654
35.883264276706896
77.84669428931723
83.57160871914968
69.55231489821654
81.70378310214375
69.16294361376328
88.08214736083588
69.55231489821654
69.16294361376328
83.57160871914968
35.883264276706896
81.70378310214375
69.16294361376328
81.56692487840029
76.0540443163394
69.55231489821654
35.883264276706896
81.70378310214375
80.50675553954241
81.56692487840029
81.70378310214375
69.16294361376328
69.55231489821654
35.883264276706896
81.56692487840029
35.883264276706896
81.70378310214375
69.16294361376328
69.55231489821654
81.70378310214375
69.55231489821654
35.883264276706896
69.16294361376328
35.883264276706896
69.16294361376328
69.55231489821654
69.55231489821654
69.16294361376328
69.16294361376328
100.85830903790087
126.99999999999999
102.85481049562681
90.68862973760935
106.28629737609329
92.31078717201167
52.692711370262394
106.28629737609329
92.31078717201167
62.86239067055393
62.86239067055393
26.92536443148688
47.45189504373177
47.45189504373177
52.94227405247815
90.68862973760935
60.7411078717201
20.0
47.45189504373177
60.7411078717201
46.70320699708455
47.45189504373177
60.7411078717201
47.45189504373177
