2.5 1 0 79 100 1
3.5 0 0 79 100 1
4.0 1 0 69 126 1
5.0 0 0 69 126 1
5.0 1 0 60 102 1
5.5 1 1 67 90 2
6.0 0 0 60 102 1
6.0 1 1 57 106 2
6.5 1 1 45 92 2
7.0 1 0 60 52 1
7.5 0 1 67 90 2
8.0 0 1 57 106 2
8.0 0 0 60 52 1
8.5 0 1 45 92 2
8.5 1 1 57 106 2
8.5 1 1 45 92 2
9.5 1 1 43 62 0.5
10.0 0 1 43 62 0.5
10.0 1 1 43 62 2
10.5 0 1 57 106 2
10.5 0 1 45 92 2
11.0 1 0 67 26 1
11.0 1 1 45 92 2
12.0 0 1 43 62 2
12.0 0 0 67 26 1
12.0 1 1 43 62 2
13.0 0 1 45 92 2
14.0 0 1 43 62 2
14.0 1 1 52 47 0.5
14.5 0 1 52 47 0.5
14.5 1 1 43 62 2
14.5 1 1 52 47 2
16.0 1 0 84 52 1
16.5 0 1 43 62 2
16.5 0 1 52 47 2
16.5 1 1 52 47 2
17.0 0 0 84 52 1
18.5 0 1 52 47 2
19.0 1 1 52 47 2
20.0 1 1 76 43 0.5
20.0 1 1 64 60 2
20.5 0 1 76 43 0.5
20.5 1 1 76 43 2
21.0 0 1 52 47 2
21.0 1 0 79 20 1
22.0 0 1 64 60 2
22.0 0 0 79 20 1
22.5 0 1 76 43 2
22.5 1 1 76 43 2
24.0 1 1 67 90 0.5
24.5 0 1 76 43 2
24.5 0 1 67 90 0.5
24.5 1 1 67 90 2
25.0 1 1 76 43 1.0
25.0 1 1 64 60 2
26.0 0 1 76 43 1.0
26.0 1 1 76 43 2
26.5 0 1 67 90 2
26.5 1 1 67 90 2
27.0 0 1 64 60 2
27.0 1 0 79 46 1
27.0 1 1 57 106 0.5
27.5 0 1 57 106 0.5
27.5 1 1 57 106 2
28.0 0 1 76 43 2
28.0 0 0 79 46 1
28.5 0 1 67 90 2
29.0 1 1 67 90 2
29.5 0 1 57 106 2
29.5 1 1 57 106 2
29.5 1 1 45 92 0.5
30.0 0 1 45 92 0.5
30.0 1 1 45 92 2
31.0 0 1 67 90 2
31.0 1 1 76 43 2
31.0 1 1 64 60 2
31.5 0 1 57 106 2
32.0 0 1 45 92 2
32.0 1 1 57 106 2
32.0 1 1 45 92 2
33.0 0 1 76 43 2
33.0 0 1 64 60 2
33.0 1 1 43 62 0.5
33.5 0 1 43 62 0.5
33.5 1 1 43 62 2
34.0 0 1 57 106 2
34.0 0 1 45 92 2
34.5 1 1 45 92 2
35.5 0 1 43 62 2
35.5 1 1 43 62 2
36.5 0 1 45 92 2
37.0 1 1 76 43 2
37.5 0 1 43 62 2
37.5 1 1 52 47 0.5
38.0 0 1 52 47 0.5
38.0 1 1 43 62 2
38.0 1 1 52 47 2
39.0 0 1 76 43 2
40.0 0 1 43 62 2
40.0 0 1 52 47 2
40.0 1 1 52 47 2
42.0 0 1 52 47 2
42.5 1 1 52 47 2
43.5 1 1 76 43 0.5
44.0 0 1 76 43 0.5
44.0 1 1 76 43 2
44.5 0 1 52 47 2
46.0 0 1 76 43 2
46.0 1 1 76 43 2
47.5 1 1 67 90 0.5
48.0 0 1 76 43 2
48.0 0 1 67 90 0.5
48.0 1 1 67 90 2
48.5 1 1 76 43 2
50.0 0 1 67 90 2
50.0 1 1 67 90 2
50.5 0 1 76 43 2
50.5 1 1 57 106 0.5
51.0 0 1 57 106 0.5
51.0 1 1 57 106 2
52.0 0 1 67 90 2
53.0 0 1 57 106 2
53.0 1 1 45 92 0.5
53.5 0 1 45 92 0.5
53.5 1 1 45 92 2
55.5 0 1 45 92 2
57.0 1 1 43 62 2
59.0 0 1 43 62 2
76.0 1 0 72 111 1
77.0 0 0 72 111 1
78.5 1 0 74 105 1
78.5 1 1 63 111 2
79.5 0 0 74 105 1
80.5 0 1 63 111 2
81.0 1 0 74 117 1
81.0 1 1 63 111 2
82.0 0 0 74 117 1
82.0 1 2 51 109 2.5
83.0 0 1 63 111 2
83.5 1 1 63 111 2
84.5 0 2 51 109 2.5
84.5 1 0 69 103 1
84.5 1 2 51 109 2.5
85.5 0 1 63 111 2
85.5 0 0 69 103 1
87.0 0 2 51 109 2.5
87.0 1 2 51 109 4
87.5 1 3 43 96 2
88.0 1 0 67 108 1
88.0 1 1 57 109 2
89.0 0 0 67 108 1
89.5 0 3 43 96 2
90.0 0 1 57 109 2
90.0 1 3 43 96 1.5
91.0 0 2 51 109 4
91.5 0 3 43 96 1.5
91.5 1 0 69 115 1
91.5 1 1 57 109 2
91.5 1 2 51 109 3.5
91.5 1 4 43 82 1.0
92.5 0 0 69 115 1
92.5 0 4 43 82 1.0
92.5 1 3 43 96 1.5
93.5 0 1 57 109 2
94.0 0 3 43 96 1.5
94.0 1 0 67 127 1
94.0 1 4 43 82 2.5
95.0 0 2 51 109 3.5
95.0 0 0 67 127 1
95.0 1 1 57 109 2
95.0 1 2 51 109 1.5
96.5 0 4 43 82 2.5
96.5 0 2 51 109 1.5
96.5 1 0 64 120 1
96.5 1 1 51 120 2
96.5 1 4 43 82 0.5
97.0 0 1 57 109 2
97.0 0 4 43 82 0.5
97.0 1 3 43 96 2
97.5 0 0 64 120 1
98.5 0 1 51 120 2
98.5 1 0 67 121 1
98.5 1 2 51 109 0.5
99.0 0 3 43 96 2
99.0 0 2 51 109 0.5
99.0 1 1 51 120 1.0
99.5 0 0 67 121 1
100.0 0 1 51 120 1.0
100.0 1 2 51 109 1.0
100.5 1 3 43 96 0.5
101.0 0 2 51 109 1.0
101.0 0 3 43 96 0.5
101.0 1 0 63 79 1
101.0 1 1 51 120 1.5
101.0 1 4 43 82 3.0
102.0 0 0 63 79 1
102.5 0 1 51 120 1.5
102.5 1 2 51 109 2.0
102.5 1 5 31 81 2.5
103.0 1 0 63 79 1
103.0 1 1 40 83 2
104.0 0 4 43 82 3.0
104.0 0 0 63 79 1
104.0 1 3 43 96 0.5
104.5 0 2 51 109 2.0
104.5 0 3 43 96 0.5
104.5 1 2 51 109 4
104.5 1 4 43 82 1.0
105.0 0 5 31 81 2.5
105.0 0 1 40 83 2
105.0 1 0 60 83 1
105.0 1 1 40 83 1.5
105.0 1 5 31 81 2.5
105.5 0 4 43 82 1.0
105.5 1 3 43 96 2
106.0 0 0 60 83 1
106.5 0 1 40 83 1.5
106.5 1 0 60 103 1
106.5 1 2 40 96 0.5
107.0 0 2 40 96 0.5
107.0 1 1 40 83 1.0
107.5 0 5 31 81 2.5
107.5 0 3 43 96 2
107.5 0 0 60 103 1
107.5 1 5 31 81 4.5
108.0 0 1 40 83 1.0
108.0 1 0 62 100 1
108.0 1 1 40 103 0.5
108.0 1 4 43 82 1.5
108.5 0 2 51 109 4
108.5 0 1 40 103 0.5
108.5 1 2 40 96 1.0
109.0 0 0 62 100 1
109.5 0 4 43 82 1.5
109.5 0 2 40 96 1.0
109.5 1 0 62 110 1
109.5 1 1 40 103 1.0
109.5 1 4 43 82 0.5
110.0 0 4 43 82 0.5
110.0 1 3 43 96 2
110.5 0 0 62 110 1
110.5 0 1 40 103 1.0
110.5 1 2 40 96 0.5
111.0 0 2 40 96 0.5
111.0 1 1 40 103 0.5
111.5 0 1 40 103 0.5
111.5 1 2 40 96 1.5
112.0 0 5 31 81 4.5
112.0 0 3 43 96 2
112.0 1 4 43 82 2.0
112.0 1 5 31 81 3.5
112.5 1 0 63 109 1
113.0 0 2 40 96 1.5
113.0 1 2 40 96 1.5
113.5 0 0 63 109 1
114.0 0 4 43 82 2.0
114.0 1 4 43 82 2.0
114.5 0 2 40 96 1.5
114.5 1 2 40 96 1.0
115.5 0 5 31 81 3.5
115.5 0 2 40 96 1.0
115.5 1 0 64 98 1
115.5 1 1 40 102 2
115.5 1 5 31 81 3.5
116.0 0 4 43 82 2.0
116.0 1 4 43 82 1.0
116.5 0 0 64 98 1
117.0 0 4 43 82 1.0
117.0 1 3 43 96 1.0
117.5 0 1 40 102 2
118.0 0 3 43 96 1.0
118.0 1 4 43 82 0.5
118.5 0 4 43 82 0.5
118.5 1 0 60 102 1
118.5 1 3 43 96 1.5
118.5 1 1 40 102 0.5
119.0 0 5 31 81 3.5
119.0 0 1 40 102 0.5
119.0 1 2 40 96 2.5
119.0 1 5 31 81 1.5
119.5 0 0 60 102 1
119.5 1 0 64 86 1
120.0 0 3 43 96 1.5
120.0 1 4 43 82 1.0
120.5 0 5 31 81 1.5
120.5 0 0 64 86 1
120.5 1 1 48 83 1.5
120.5 1 5 31 81 2.5
121.0 0 4 43 82 1.0
121.0 1 0 64 77 1
121.0 1 4 43 82 1.5
121.5 0 2 40 96 2.5
121.5 1 1 40 102 0.5
122.0 0 1 48 83 1.5
122.0 0 0 64 77 1
122.0 0 1 40 102 0.5
122.0 1 0 67 81 1
122.0 1 1 48 83 1.0
122.0 1 2 40 96 3.0
122.5 0 4 43 82 1.5
122.5 1 4 43 82 1.5
123.0 0 5 31 81 2.5
123.0 0 0 67 81 1
123.0 0 1 48 83 1.0
123.0 1 2 48 93 1.5
123.0 1 5 31 81 2.0
124.0 0 4 43 82 1.5
124.0 1 0 72 82 1
124.0 1 4 43 82 0.5
124.5 0 2 48 93 1.5
124.5 0 4 43 82 0.5
124.5 1 3 43 96 2
124.5 1 2 48 93 1.0
125.0 0 2 40 96 3.0
125.0 0 5 31 81 2.0
125.0 0 0 72 82 1
125.0 1 2 40 96 4
125.0 1 5 31 81 2.0
125.5 0 2 48 93 1.0
125.5 1 1 60 89 2
125.5 1 2 48 93 2.5
126.0 1 0 74 94 1
126.5 0 3 43 96 2
127.0 0 5 31 81 2.0
127.0 0 0 74 94 1
127.0 1 5 31 81 2.0
127.5 0 1 60 89 2
127.5 1 0 72 87 1
127.5 1 3 43 96 1.0
127.5 1 1 60 89 1.5
128.0 0 2 48 93 2.5
128.0 1 2 48 93 2.0
128.5 0 0 72 87 1
128.5 0 3 43 96 1.0
128.5 1 0 69 103 1
128.5 1 4 43 82 1.5
129.0 0 2 40 96 4
129.0 0 5 31 81 2.0
129.0 0 1 60 89 1.5
129.0 1 1 60 89 2
129.0 1 5 31 81 2.0
129.5 0 0 69 103 1
129.5 1 1 52 105 1.5
130.0 0 2 48 93 2.0
130.0 0 4 43 82 1.5
130.0 1 0 69 111 1
130.0 1 3 43 96 0.5
130.0 1 2 48 93 1.5
130.5 0 3 43 96 0.5
130.5 1 3 43 96 0.5
131.0 0 1 60 89 2
131.0 0 5 31 81 2.0
131.0 0 1 52 105 1.5
131.0 0 0 69 111 1
131.0 0 3 43 96 0.5
131.0 1 0 64 107 1
131.0 1 3 43 96 0.5
131.0 1 1 52 105 1.0
131.0 1 5 31 81 1.0
131.5 0 2 48 93 1.5
131.5 0 3 43 96 0.5
131.5 1 2 48 93 0.5
131.5 1 4 43 82 1.0
132.0 0 0 64 107 1
132.0 0 1 52 105 1.0
132.0 0 5 31 81 1.0
132.0 0 2 48 93 0.5
132.0 1 1 52 105 2
132.0 1 2 48 93 1.5
132.0 1 5 31 81 1.5
132.5 0 4 43 82 1.0
132.5 1 0 69 64 1
132.5 1 4 43 82 1.0
133.5 0 2 48 93 1.5
133.5 0 5 31 81 1.5
133.5 0 0 69 64 1
133.5 0 4 43 82 1.0
133.5 1 0 69 60 1
133.5 1 3 43 96 0.5
133.5 1 2 48 93 1.0
133.5 1 5 31 81 1.5
134.0 0 1 52 105 2
134.0 0 3 43 96 0.5
134.0 1 1 55 58 1.0
134.0 1 4 43 82 0.5
134.5 0 0 69 60 1
134.5 0 2 48 93 1.0
134.5 0 4 43 82 0.5
134.5 1 2 48 93 2.5
134.5 1 4 43 82 0.5
135.0 0 5 31 81 1.5
135.0 0 1 55 58 1.0
135.0 0 4 43 82 0.5
135.0 1 0 72 55 1
135.0 1 1 55 58 1.5
135.0 1 4 43 82 0.5
135.0 1 5 31 81 4.5
135.5 0 4 43 82 0.5
135.5 1 3 43 96 1.5
136.0 0 0 72 55 1
136.0 1 0 67 38 1
136.5 0 1 55 58 1.5
136.5 1 1 55 58 2
137.0 0 2 48 93 2.5
137.0 0 3 43 96 1.5
137.0 0 0 67 38 1
137.0 1 3 43 96 0.5
137.0 1 2 48 49 1.0
137.5 0 3 43 96 0.5
137.5 1 0 64 32 1
137.5 1 1 51 36 1.5
137.5 1 4 43 82 1.5
138.0 0 2 48 49 1.0
138.0 1 2 48 49 1.5
138.5 0 1 55 58 2
138.5 0 0 64 32 1
139.0 0 1 51 36 1.5
139.0 0 4 43 82 1.5
139.0 1 0 69 33 1
139.0 1 3 43 96 0.5
139.0 1 1 51 36 1.5
139.5 0 5 31 81 4.5
139.5 0 2 48 49 1.5
139.5 0 3 43 96 0.5
139.5 1 2 48 49 1.0
139.5 1 4 43 82 0.5
139.5 1 5 31 81 3.0
140.0 0 0 69 33 1
140.0 0 4 43 82 0.5
140.0 1 3 43 96 1.0
140.5 0 1 51 36 1.5
140.5 0 2 48 49 1.0
140.5 1 1 51 36 2
140.5 1 2 48 49 1.5
141.0 0 3 43 96 1.0
141.0 1 0 64 61 1
141.0 1 4 43 82 0.5
141.5 0 4 43 82 0.5
141.5 1 4 43 82 1.5
142.0 0 2 48 49 1.5
142.0 0 0 64 61 1
142.0 1 2 48 49 1.5
142.5 0 5 31 81 3.0
142.5 0 1 51 36 2
142.5 1 1 45 54 1.0
142.5 1 5 31 81 1.0
143.0 0 4 43 82 1.5
143.0 1 0 63 49 1
143.0 1 4 43 82 1.0
143.5 0 2 48 49 1.5
143.5 0 1 45 54 1.0
143.5 0 5 31 81 1.0
143.5 1 3 45 46 1.0
143.5 1 2 48 49 2.0
143.5 1 5 31 81 1.5
144.0 0 0 63 49 1
144.0 0 4 43 82 1.0
144.0 1 4 43 82 8
144.5 0 3 45 46 1.0
144.5 1 0 63 55 1
144.5 1 1 45 54 0.5
145.0 0 5 31 81 1.5
145.0 0 1 45 54 0.5
145.0 1 3 45 46 1.0
145.0 1 5 31 81 0.5
145.5 0 2 48 49 2.0
145.5 0 0 63 55 1
145.5 0 5 31 81 0.5
145.5 1 2 48 49 2.0
145.5 1 5 31 81 0.5
146.0 0 3 45 46 1.0
146.0 0 5 31 81 0.5
146.0 1 1 45 54 0.5
146.0 1 5 31 81 2.5
146.5 0 1 45 54 0.5
146.5 1 4 45 61 1.0
147.0 1 0 64 24 1
147.5 0 2 48 49 2.0
147.5 0 4 45 61 1.0
147.5 1 2 48 49 1.5
147.5 1 4 45 61 1.5
148.0 0 0 64 24 1
148.5 0 5 31 81 2.5
148.5 1 5 31 81 2.0
149.0 0 2 48 49 1.5
149.0 0 4 45 61 1.5
149.0 1 2 48 49 4
149.0 1 4 45 61 0.5
149.5 0 4 45 61 0.5
149.5 1 0 63 33 1
149.5 1 1 45 30 0.5
150.0 0 1 45 30 0.5
150.0 1 4 45 61 1.0
150.5 0 5 31 81 2.0
150.5 0 0 63 33 1
150.5 1 5 31 81 1.5
151.0 0 4 45 61 1.0
151.0 1 3 45 46 0.5
151.5 0 3 45 46 0.5
151.5 1 4 45 61 0.5
152.0 0 4 43 82 8
152.0 0 5 31 81 1.5
152.0 0 4 45 61 0.5
152.0 1 1 45 30 1.0
152.0 1 5 31 81 0.5
152.5 0 5 31 81 0.5
152.5 1 0 63 28 1
152.5 1 5 31 81 1.5
153.0 0 2 48 49 4
153.0 0 1 45 30 1.0
153.0 1 4 45 61 0.5
153.5 0 0 63 28 1
153.5 0 4 45 61 0.5
153.5 1 2 45 41 1.0
154.0 0 5 31 81 1.5
154.0 1 5 31 81 1.0
154.5 0 2 45 41 1.0
154.5 1 3 45 46 0.5
155.0 0 5 31 81 1.0
155.0 0 3 45 46 0.5
155.0 1 4 45 61 1.0
155.0 1 5 31 81 16
156.0 0 4 45 61 1.0
156.0 1 0 63 49 1
156.0 1 2 45 41 1.0
157.0 0 0 63 49 1
157.0 0 2 45 41 1.0
157.0 1 4 45 61 1.5
157.0 1 5 40 85 1.0
158.0 0 5 40 85 1.0
158.0 1 5 40 85 1.5
158.5 0 4 45 61 1.5
158.5 1 4 45 61 0.5
159.0 0 4 45 61 0.5
159.0 1 0 63 54 1
159.0 1 2 45 41 2.5
159.5 0 5 40 85 1.5
159.5 1 5 40 85 1.0
160.0 0 0 63 54 1
160.5 0 5 40 85 1.0
160.5 1 5 40 85 1.5
161.5 0 2 45 41 2.5
161.5 1 3 45 46 0.5
162.0 0 5 40 85 1.5
162.0 0 3 45 46 0.5
162.0 1 1 45 51 1.0
162.0 1 5 40 85 1.5
162.5 1 0 64 57 1
163.0 0 1 45 51 1.0
163.0 1 4 45 61 1.5
163.5 0 5 40 85 1.5
163.5 0 0 64 57 1
163.5 1 5 40 85 2.0
164.5 0 4 45 61 1.5
164.5 1 3 45 46 1.0
165.5 0 5 40 85 2.0
165.5 0 3 45 46 1.0
165.5 1 4 45 61 0.5
165.5 1 5 40 85 2.0
166.0 0 4 45 61 0.5
166.0 1 2 45 41 2.5
166.5 1 0 67 33 1
167.5 0 5 40 85 2.0
167.5 0 0 67 33 1
167.5 1 5 40 85 1.5
168.5 0 2 45 41 2.5
168.5 1 4 45 61 1.0
169.0 0 5 40 85 1.5
169.0 1 5 40 85 4.5
169.5 0 4 45 61 1.0
169.5 1 2 45 41 2.0
170.0 1 1 52 35 2
170.5 1 0 69 41 1
171.0 0 5 31 81 16
171.5 0 2 45 41 2.0
171.5 0 0 69 41 1
171.5 1 3 45 46 1.0
172.0 0 1 52 35 2
172.5 0 3 45 46 1.0
172.5 1 4 45 61 1.5
173.5 0 5 40 85 4.5
173.5 1 5 40 85 2.5
174.0 0 4 45 61 1.5
174.0 1 0 69 30 1
174.0 1 1 52 35 2
174.0 1 2 45 41 1.0
175.0 0 0 69 30 1
175.0 0 2 45 41 1.0
175.0 1 3 45 46 0.5
175.5 0 3 45 46 0.5
175.5 1 4 45 61 2.5
176.0 0 5 40 85 2.5
176.0 0 1 52 35 2
176.0 1 5 40 85 3.0
177.5 1 0 76 47 1
177.5 1 1 52 35 2
178.0 0 4 45 61 2.5
178.0 1 2 45 41 1.0
178.5 0 0 76 47 1
179.0 0 5 40 85 3.0
179.0 0 2 45 41 1.0
179.0 1 4 45 61 0.5
179.0 1 5 40 85 4.0
179.5 0 1 52 35 2
179.5 0 4 45 61 0.5
179.5 1 3 45 46 2
181.0 1 0 76 35 1
181.0 1 1 67 40 2
181.5 0 3 45 46 2
181.5 1 2 45 41 2.0
182.0 0 0 76 35 1
183.0 0 5 40 85 4.0
183.0 0 1 67 40 2
183.0 1 5 40 85 3.0
183.5 0 2 45 41 2.0
183.5 1 4 45 61 3.5
184.5 1 0 75 39 1
184.5 1 1 67 40 2
184.5 1 2 55 38 3.5
185.5 0 0 75 39 1
186.0 0 5 40 85 3.0
186.0 1 0 74 39 1
186.0 1 5 40 85 3.5
186.5 0 1 67 40 2
187.0 0 4 45 61 3.5
187.0 0 0 74 39 1
187.0 1 3 45 46 0.5
187.5 0 3 45 46 0.5
187.5 1 4 45 61 2.5
188.0 0 2 55 38 3.5
188.0 1 0 76 36 1
188.0 1 1 67 41 2
188.0 1 2 55 38 3.5
189.0 0 0 76 36 1
189.5 0 5 40 85 3.5
189.5 1 5 40 85 4.5
190.0 0 4 45 61 2.5
190.0 0 1 67 41 2
190.0 1 0 76 48 1
190.0 1 3 45 46 1.0
190.0 1 1 67 41 2
191.0 0 0 76 48 1
191.0 0 3 45 46 1.0
191.0 1 4 45 61 2.5
191.5 0 2 55 38 3.5
191.5 1 2 55 38 2.0
192.0 0 1 67 41 2
192.0 1 1 67 41 2
193.0 1 0 69 22 1
193.5 0 4 45 61 2.5
193.5 0 2 55 38 2.0
193.5 1 3 45 46 0.5
193.5 1 2 55 38 2.0
194.0 0 5 40 85 4.5
194.0 0 1 67 41 2
194.0 0 0 69 22 1
194.0 0 3 45 46 0.5
194.0 1 4 45 61 3.0
194.0 1 5 40 85 4.0
195.5 0 2 55 38 2.0
195.5 1 0 74 20 1
195.5 1 1 60 23 2
195.5 1 2 55 38 3.5
196.5 0 0 74 20 1
197.0 0 4 45 61 3.0
197.0 1 3 45 46 0.5
197.5 0 1 60 23 2
197.5 0 3 45 46 0.5
197.5 1 0 69 22 1
197.5 1 4 45 61 1.5
198.0 0 5 40 85 4.0
198.0 1 1 60 23 2
198.0 1 5 40 85 3.5
198.5 0 0 69 22 1
199.0 0 2 55 38 3.5
199.0 0 4 45 61 1.5
199.0 1 3 45 46 2
199.0 1 2 55 38 2.5
200.0 0 1 60 23 2
200.0 1 1 60 23 2
201.0 0 3 45 46 2
201.0 1 4 45 61 2.0
201.5 0 5 40 85 3.5
201.5 0 2 55 38 2.5
201.5 1 2 55 38 2.0
201.5 1 5 40 85 3.0
202.0 0 1 60 23 2
203.0 0 4 45 61 2.0
203.0 1 0 84 62 1
203.0 1 4 45 61 1.5
203.5 0 2 55 38 2.0
203.5 1 2 55 38 4
204.0 0 0 84 62 1
204.5 0 5 40 85 3.0
204.5 0 4 45 61 1.5
204.5 1 3 45 46 0.5
204.5 1 5 40 85 3.5
205.0 0 3 45 46 0.5
205.0 1 4 45 61 2.0
207.0 0 4 45 61 2.0
207.0 1 3 45 46 1.5
207.5 0 2 55 38 4
208.0 0 5 40 85 3.5
208.0 1 5 40 85 3.5
208.5 0 3 45 46 1.5
208.5 1 0 81 55 1
208.5 1 1 79 62 2
208.5 1 4 45 61 0.5
209.0 0 4 45 61 0.5
209.0 1 3 45 46 2
209.5 0 0 81 55 1
210.5 0 1 79 62 2
211.0 0 3 45 46 2
211.0 1 4 45 61 2.0
211.5 0 5 40 85 3.5
211.5 1 5 40 85 2.0
213.0 0 4 45 61 2.0
213.0 1 4 45 61 6.5
213.5 0 5 40 85 2.0
213.5 1 5 40 85 2.0
214.0 1 1 79 62 2
214.5 1 0 81 65 1
214.5 1 2 64 68 4
215.5 0 5 40 85 2.0
215.5 0 0 81 65 1
215.5 1 5 40 85 3.5
216.0 0 1 79 62 2
218.5 0 2 64 68 4
218.5 1 0 79 64 1
219.0 0 5 40 85 3.5
219.0 1 5 40 85 2.5
219.5 0 4 45 61 6.5
219.5 0 0 79 64 1
219.5 1 3 45 46 2
220.0 1 1 79 62 2
220.0 1 2 64 68 4
221.5 0 5 40 85 2.5
221.5 0 3 45 46 2
221.5 1 5 40 85 2.0
222.0 0 1 79 62 2
223.0 1 0 79 54 1
223.0 1 1 76 60 2
223.5 0 5 40 85 2.0
223.5 1 5 40 85 16
224.0 0 2 64 68 4
224.0 0 0 79 54 1
225.0 0 1 76 60 2
225.0 1 3 45 46 2
225.5 1 3 51 69 2
226.0 1 2 64 68 3.0
227.0 0 3 45 46 2
227.5 0 3 51 69 2
227.5 1 0 81 59 1
227.5 1 1 76 60 2
228.5 0 0 81 59 1
229.0 0 2 64 68 3.0
229.0 1 2 64 68 4
229.5 0 1 76 60 2
230.5 1 4 45 69 0.5
231.0 0 4 45 69 0.5
231.0 1 3 51 69 2
231.0 1 3 45 46 2
232.0 1 1 76 60 2
232.5 1 0 81 80 1
233.0 0 2 64 68 4
233.0 0 3 51 69 2
233.0 0 3 45 46 2
233.5 0 0 81 80 1
233.5 1 2 64 68 4
234.0 0 1 76 60 2
234.0 1 3 45 46 2
236.0 0 3 45 46 2
236.0 1 4 45 69 2.5
237.0 1 3 51 69 2
237.5 0 2 64 68 4
237.5 1 0 81 85 1
237.5 1 1 79 81 2
238.0 1 2 64 68 4
238.5 0 4 45 69 2.5
238.5 0 0 81 85 1
238.5 1 3 45 46 2
239.0 0 3 51 69 2
239.5 0 5 40 85 16
239.5 0 1 79 81 2
240.0 1 3 51 69 2
240.5 0 3 45 46 2
242.0 0 2 64 68 4
242.0 0 3 51 69 2
242.0 1 0 79 84 0.5
242.0 1 4 45 69 1.0
242.5 0 0 79 84 0.5
242.5 1 1 79 81 2
243.0 0 4 45 69 1.0
243.0 1 3 45 46 2
243.5 1 2 64 68 4
244.5 0 1 79 81 2
244.5 1 3 51 69 2
245.0 0 3 45 46 2
245.0 1 4 45 69 3.5
246.5 0 3 51 69 2
247.0 1 0 76 44 1
247.0 1 1 79 81 2
247.5 0 2 64 68 4
248.0 0 0 76 44 1
248.5 0 4 45 69 3.5
248.5 1 3 45 46 1.0
248.5 1 2 64 68 4
249.0 0 1 79 81 2
249.0 1 3 51 69 2
249.5 0 3 45 46 1.0
249.5 1 4 45 69 4.0
251.0 0 3 51 69 2
251.5 1 0 75 45 1
252.0 1 1 67 45 2
252.5 0 2 64 68 4
252.5 0 0 75 45 1
253.0 1 2 64 68 4
253.5 0 4 45 69 4.0
253.5 1 3 45 46 0.5
254.0 0 1 67 45 2
254.0 0 3 45 46 0.5
254.0 1 4 45 69 4.0
254.5 1 3 51 69 2
256.5 0 3 51 69 2
256.5 1 0 74 39 1
256.5 1 1 67 45 2
257.0 0 2 64 68 4
257.5 0 0 74 39 1
258.0 0 4 45 69 4.0
258.0 1 3 45 46 1.5
258.0 1 2 57 57 4
258.5 0 1 67 45 2
259.5 0 3 45 46 1.5
259.5 1 3 51 69 2
259.5 1 4 45 69 5.0
261.5 0 3 51 69 2
261.5 1 1 67 45 2
262.0 0 2 57 57 4
262.5 1 0 74 50 1
262.5 1 2 57 57 4
263.5 0 1 67 45 2
263.5 0 0 74 50 1
263.5 1 3 40 45 2
264.0 1 3 51 69 2
264.5 0 4 45 69 5.0
264.5 1 4 45 69 4.5
265.5 0 3 40 45 2
266.0 0 3 51 69 2
266.5 0 2 57 57 4
267.5 1 2 57 57 4
268.0 1 3 40 45 2
268.5 1 0 74 62 1
268.5 1 1 64 56 2
269.0 0 4 45 69 4.5
269.0 1 4 45 69 5.5
269.5 0 0 74 62 1
269.5 1 3 51 69 2
270.0 0 3 40 45 2
270.5 0 1 64 56 2
271.5 0 2 57 57 4
271.5 0 3 51 69 2
273.0 1 3 40 45 2
274.0 1 3 51 69 2
274.5 0 4 45 69 5.5
274.5 1 0 76 55 1
274.5 1 1 64 56 2
274.5 1 2 57 57 4
274.5 1 4 45 69 4.5
275.0 0 3 40 45 2
275.5 0 0 76 55 1
276.0 0 3 51 69 2
276.5 0 1 64 56 2
278.5 0 2 57 57 4
279.0 0 4 45 69 4.5
279.0 1 0 69 57 1
279.0 1 3 51 69 2
279.0 1 4 45 69 5.0
280.0 0 0 69 57 1
280.0 1 3 40 45 2
280.5 1 1 64 56 2
280.5 1 2 57 57 4
281.0 0 3 51 69 2
282.0 0 3 40 45 2
282.5 0 1 64 56 2
284.0 0 4 45 69 5.0
284.0 1 0 69 62 1
284.0 1 1 55 56 2
284.0 1 4 45 69 7.0
284.5 0 2 57 57 4
285.0 0 0 69 62 1
286.0 0 1 55 56 2
286.0 1 3 51 69 2
286.0 1 3 40 45 2
286.5 1 2 57 57 3.5
288.0 0 3 51 69 2
288.0 0 3 40 45 2
289.0 1 0 69 50 1
289.0 1 1 55 56 2
290.0 0 2 57 57 3.5
290.0 0 0 69 50 1
290.0 1 2 57 57 4
291.0 0 4 45 69 7.0
291.0 0 1 55 56 2
291.0 1 4 45 69 6.0
292.0 1 3 51 69 2
292.0 1 3 40 45 2
293.5 1 0 72 94 1
294.0 0 2 57 57 4
294.0 0 3 51 69 2
294.0 0 3 40 45 2
294.0 1 1 55 56 2
294.5 0 0 72 94 1
295.0 1 2 57 57 4
295.5 1 3 40 45 2
296.0 0 1 55 56 2
297.0 0 4 45 69 6.0
297.0 1 4 45 69 6.0
297.5 0 3 40 45 2
298.0 1 3 51 69 2
298.5 1 0 76 94 1
298.5 1 1 64 93 2
299.0 0 2 57 57 4
299.5 0 0 76 94 1
300.0 0 3 51 69 2
300.0 1 2 57 57 4
300.5 0 1 64 93 2
300.5 1 3 40 45 2
301.5 1 3 51 69 2
302.5 0 3 40 45 2
303.0 0 4 45 69 6.0
303.0 1 4 45 69 3.5
303.5 0 3 51 69 2
303.5 1 0 75 99 1
303.5 1 1 64 93 2
304.0 0 2 57 57 4
304.5 0 0 75 99 1
305.0 1 2 57 81 4
305.5 0 1 64 93 2
305.5 1 3 40 45 2
306.5 0 4 45 69 3.5
306.5 1 3 51 69 2
306.5 1 4 45 69 5.0
307.5 0 3 40 45 2
308.5 0 3 51 69 2
308.5 1 1 64 93 2
309.0 0 2 57 81 4
309.5 1 0 76 89 1
310.0 1 2 57 81 4
310.5 0 1 64 93 2
310.5 0 0 76 89 1
311.0 1 3 48 35 2
311.5 0 4 45 69 5.0
311.5 1 3 51 69 2
311.5 1 4 45 69 5.0
313.0 0 3 48 35 2
313.5 0 3 51 69 2
314.0 0 2 57 81 4
315.0 1 2 57 81 4
315.5 1 0 79 83 1
315.5 1 1 69 83 2
316.0 1 3 48 35 2
316.5 0 4 45 69 5.0
316.5 0 0 79 83 1
316.5 1 4 45 69 5.5
317.0 1 3 51 69 2
317.5 0 1 69 83 2
318.0 0 3 48 35 2
319.0 0 2 57 81 4
319.0 0 3 51 69 2
321.0 1 3 48 35 2
321.5 1 0 76 77 1
321.5 1 1 69 83 2
322.0 0 4 45 69 5.5
322.0 1 3 51 69 2
322.0 1 2 57 81 4
322.0 1 4 45 69 5.0
322.5 0 0 76 77 1
323.0 0 3 48 35 2
323.5 0 1 69 83 2
324.0 0 3 51 69 2
326.0 0 2 57 81 4
327.0 0 4 45 69 5.0
327.0 1 0 69 88 0.5
327.0 1 3 51 69 2
327.0 1 4 45 69 5.0
327.5 0 0 69 88 0.5
327.5 1 1 69 83 2
328.0 1 3 48 35 2
328.0 1 2 57 81 4
329.0 0 3 51 69 2
329.5 0 1 69 83 2
330.0 0 3 48 35 2
332.0 0 4 45 69 5.0
332.0 0 2 57 81 4
332.0 1 4 45 69 7.0
332.5 1 1 57 81 1.5
333.0 1 0 69 76 1
334.0 0 1 57 81 1.5
334.0 0 0 69 76 1
334.0 1 3 51 69 2
334.0 1 3 48 35 2
334.0 1 2 57 81 4
336.0 0 3 51 69 2
336.0 0 3 48 35 2
338.0 0 2 57 81 4
338.0 1 0 69 80 1
338.5 1 1 57 81 0.5
339.0 0 4 45 69 7.0
339.0 0 0 69 80 1
339.0 0 1 57 81 0.5
339.0 1 2 57 81 4
339.0 1 4 45 69 6.0
340.0 1 3 51 69 2
340.0 1 3 48 35 2
342.0 0 3 51 69 2
342.0 0 3 48 35 2
343.0 0 2 57 81 4
343.5 1 1 57 81 1.5
345.0 0 4 45 69 6.0
345.0 0 1 57 81 1.5
345.0 1 3 48 35 2
345.0 1 2 57 81 4
345.0 1 4 45 69 6.0
346.0 1 3 51 69 2
347.0 0 3 48 35 2
348.0 0 3 51 69 2
349.0 0 2 57 81 4
350.0 1 2 57 81 4
351.0 0 4 45 69 6.0
351.0 1 3 51 69 2
351.0 1 3 48 35 2
351.0 1 4 45 69 5.0
353.0 0 3 51 69 2
353.0 0 3 48 35 2
354.0 0 2 57 81 4
356.0 0 4 45 69 5.0
356.0 1 3 48 35 2
356.0 1 4 45 69 6.0
357.0 1 3 51 69 2
358.0 0 3 48 35 2
359.0 0 3 51 69 2
362.0 0 4 45 69 6.0
362.0 1 3 51 69 2
362.0 1 4 45 69 5.0
364.0 0 3 51 69 2
367.0 0 4 45 69 5.0
367.0 1 4 45 69 8
375.0 0 4 45 69 8
