1
2
1
2.9571479059904577
2
3.5793426400424098
1
2
2
2.957147905990457
3.5818165753666715
2
1
2
3.5793426400424107
4
2
1
3.5818165753666715
2
2
4
4.62272486305001
1
2
2
4
4.5540731578017315
1
1.4069623608411383
2
3.453790422336102
1
4.593037639158858
2
3.174677504859517
1
0.8117158508570412
2
3.4537904223361053
0.18324792366141907
3.3738292984626312
2
2
3.357925428520936
3.5570772221240503
1
2
2
2.816752076338581
1
2.8309772044530845
2
2
3.5570772221240503
3.1074394769393905
1
2
2
1
2.4939035165223515
2.8309772044530845
2
2
1
2.1147729280791623
2
3.1074394769393905
2
1
2.500088354833011
2
2.4939035165223515
2
3.9386817458915004
1
2.1147729280791623
2
2
2.500088354833011
4
2
1
3.9386817458915004
2
2
4
1
4.256582435059201
1.8556282028626896
1
0.30464746421630196
1.8556282028626896
1.9282558755963919
1
2.232903339812694
1.9114684573246166
3.8397243329210085
1
2
1.8556282028626896
1.6039052836190137
1
2.7122283088884984
2
1.8556282028626896
2
2.232903339812694
1.6039052836190137
1
2.7029510514225166
2
2
1.6039052836190137
1
2.074571479059898
1.5
1
2.7122283088884984
2
2
1.5
1
2.7029510514225166
2.08817812334334
1.8092419155327804
2
1
2
1.8092419155327804
2.074571479059898
1.5
1
2.5569888672910395
2
1.895211168050892
1.5
1
2.08817812334334
1.8092419155327804
2
1.895211168050892
1
0.730871178653473
1.8092419155327804
2.2786711433115414
1.7443011132708932
1
2.5569888672910395
0.0818165753666733
1.895211168050892
1.7443011132708932
1
0.3294751722919216
1.5239441597455397
1.895211168050892
1.9491959710196198
0.7825587559639473
2.2786711433115414
1.7443011132708932
1.9964658066796233
2
2
1.7443011132708932
0.22097543735642944
2.5617600282735395
2
2.306502915709487
2
0.21726453437003101
2.782735465629969
2
2.2174412440360527
2
1
2.148789538787767
2
2.7790245626435706
2
0.4878070330447031
1
2.782735465629969
2
2
0.18969782647110378
1
2.148789538787767
2
2
3.487807033044703
0.8335394946103492
2
1
2
3.189697826471104
1.4637745184661668
2
1
3.833539494610349
2
2
3.825499204806505
1
4.463774518466167
2
4
2
1
3.825499204806505
2
2
4
4.420480650291552
1
2
2
4
4.997526064675753
1
2
2
2.696942922777879
5.0
1
2
2
4
4.696942922777879
1
2
2
4
1
4.35615833186074
2
2
4
4.372857395299519
1
2
2
1
2.575543382223003
2
4.687665665311897
3.0579607704541445
1
2
2
1
2.9979678388407933
2.575543382223003
2
2
3.0579607704541445
3.8483831065559286
1
2
2
2.9979678388407933
3.640572539317901
2
1
2
3.8483831065559286
4
2
3.640572539317901
2
8
