0
1
2.9571479059904577
3
3.9571479059904577
5.957147905990458
6.5364905460328675
7
7.5364905460328675
9
9.536490546032867
9.957147905990457
10.118307121399539
11.118307121399539
11.957147905990457
13.118307121399539
13.536490546032867
14.741031984449547
15.536490546032867
15.741031984449547
17.11830712139954
17.74103198444955
19.11830712139954
19.29510514225128
20.29510514225128
21.74103198444955
22.29510514225128
23.74103198444955
23.888142781410142
24.888142781410142
26.29510514225128
26.888142781410142
27.341933203746244
28.29510514225128
28.341933203746244
30.341933203746244
30.699858632267183
30.888142781410142
31.699858632267183
32.88814278141014
33.51661070860576
33.69985863226718
34.341933203746244
34.51661070860576
36.341933203746244
36.51661070860576
37.07368793072981
37.69985863226718
38.07368793072981
39.69985863226718
39.904665135182896
40.07368793072981
40.51661070860576
40.904665135182896
42.51661070860576
42.904665135182896
43.012104612122286
44.012104612122286
44.07368793072981
45.50600812864464
46.012104612122286
46.07368793072981
46.50600812864464
46.904665135182896
47.6207810567238
48.50600812864464
48.6207810567238
48.904665135182896
50.012104612122286
50.12086941155681
50.6207810567238
51.12086941155681
52.012104612122286
52.50600812864464
53.12086941155681
54.05955115744831
54.50600812864464
54.6207810567238
55.05955115744831
56.6207810567238
57.05955115744831
57.12086941155681
58.31613359250751
59.12086941155681
59.31613359250751
61.05955115744831
61.31613359250751
62.15585792542852
63.05955115744831
63.15585792542852
64.01148612829121
65.01148612829121
65.15585792542852
65.31613359250751
66.2443894681039
67.01148612829121
67.2443894681039
67.31613359250751
67.84829475172292
68.84829475172292
69.15585792542852
69.2443894681039
70.56052306061142
70.84829475172292
71.01148612829121
71.15585792542852
71.56052306061142
73.01148612829121
73.2443894681039
73.26347411203393
73.56052306061142
74.26347411203393
74.84829475172292
75.2443894681039
75.33804559109383
76.26347411203393
76.33804559109383
76.83804559109383
76.84829475172292
77.56052306061142
77.83804559109383
78.33804559109383
78.92622371443717
79.56052306061142
79.83804559109383
79.92622371443717
80.26347411203393
80.73546562996995
81.73546562996995
81.92622371443717
82.26347411203393
82.33804559109383
83.29245449726099
83.73546562996995
83.83804559109383
84.29245449726099
84.33804559109383
85.18766566531188
85.83804559109383
85.92622371443717
86.18766566531188
86.29245449726099
87.46633680862342
87.73546562996995
87.92622371443717
88.18766566531188
88.46633680862342
89.21063792189432
89.73546562996995
90.21063792189432
90.29245449726099
90.46633680862342
91.5171408376038
92.18766566531188
92.21063792189432
92.29245449726099
92.5171408376038
93.73458208163986
94.18766566531188
94.46633680862342
94.5171408376038
94.73458208163986
96.21063792189432
96.46633680862342
96.51360664428343
96.73458208163986
97.51360664428343
98.21063792189432
98.5171408376038
99.2963421099134
99.51360664428343
100.2963421099134
100.5171408376038
100.73458208163986
101.44513164870116
102.2963421099134
102.44513164870116
102.73458208163986
103.51360664428343
104.44513164870116
104.93293868174587
105.51360664428343
105.93293868174587
106.2963421099134
107.93293868174587
108.12263650821697
108.2963421099134
108.44513164870116
109.12263650821697
110.44513164870116
111.12263650821697
111.93293868174587
111.95617600282732
112.95617600282732
113.93293868174587
114.95617600282732
115.12263650821697
116.41995052129349
117.12263650821697
117.41995052129349
118.95617600282732
119.41995052129349
120.24544972609999
120.95617600282732
121.24544972609999
123.24544972609999
123.41995052129349
124.66593037639156
125.41995052129349
125.66593037639156
127.24544972609999
127.66593037639156
129.2454497261
129.6634564410673
130.6634564410673
131.66593037639154
132.6634564410673
133.66593037639154
134.6634564410673
135.6634564410673
136.6634564410673
137.6634564410673
138.6634564410673
139.36039936384518
140.36039936384518
141.6634564410673
142.36039936384518
143.6634564410673
143.71655769570592
144.71655769570592
146.36039936384518
146.71655769570592
148.08941509100543
148.36039936384518
149.08941509100543
150.71655769570592
151.08941509100543
152.71655769570592
152.77708075631733
153.77708075631733
155.08941509100543
155.35262413854034
155.77708075631733
156.35262413854034
157.08941509100543
158.35262413854034
158.41058490899448
159.41058490899448
159.77708075631733
161.40855274783527
161.41058490899448
161.77708075631733
162.35262413854034
162.40855274783527
164.35262413854034
164.40855274783527
165.2569358543912
165.41058490899448
166.2569358543912
167.41058490899448
168.2569358543912
168.40855274783527
168.8975083937091
169.8975083937091
170.40855274783527
171.8975083937091
172.2569358543912
174.2569358543912
175.8975083937091
177.8975083937091
