76
62
79
64
62
64
79
55
62
45
64
55
75
57
45
64
55
69
45
57
55
64
45
75
57
55
64
45
72
55
55
64
67
45
55
64
69
55
55
45
64
64
55
50
45
62
64
55
50
45
60
62
55
50
45
62
60
50
55
63
62
45
50
55
63
62
50
45
55
64
62
51
45
55
62
64
45
55
51
45
62
55
60
45
51
55
62
64
45
55
69
55
64
55
69
64
55
45
76
60
55
64
79
64
55
45
60
45
55
76
64
60
55
45
72
64
57
72
45
55
57
64
67
45
64
57
55
74
57
64
45
55
72
64
55
57
45
76
45
55
57
64
69
55
45
64
55
67
45
55
55
64
72
55
64
45
55
64
45
55
64
52
55
45
64
64
52
45
55
64
64
52
45
55
67
64
52
45
55
64
64
45
52
55
64
64
45
55
52
45
64
55
64
52
45
64
55
64
45
52
55
64
67
45
52
64
55
69
45
57
55
64
45
74
57
55
64
45
74
57
55
64
45
81
64
55
69
45
84
64
55
69
79
45
64
55
69
45
79
64
55
81
69
64
45
69
81
64
55
75
69
45
55
60
45
69
79
55
60
45
69
55
75
60
45
69
55
45
55
45
