1.0 1 0 72 111.36732120338677 1
2.0 0 0 72 111.36732120338677 1
3.5 1 1 62 111.17456314177625 2
5.5 0 1 62 111.17456314177625 2
7.0 1 2 50 109.02723833543504 4
9.5 1 0 74 105.62313096739325 1
10.5 0 0 74 105.62313096739325 1
11.0 0 2 50 109.02723833543504 4
12.0 1 1 62 111.17456314177625 2
12.5 1 3 43 96.77168077823814 2
14.0 0 1 62 111.17456314177625 2
14.5 0 3 43 96.77168077823814 2
15.5 1 2 50 109.02723833543504 4
16.5 1 4 43 82.61360115294542 4.5
18.5 1 0 74 117.63195820572871 1
19.5 0 2 50 109.02723833543504 4
19.5 0 0 74 117.63195820572871 1
21.0 0 4 43 82.61360115294542 4.5
21.0 1 3 43 96.77168077823814 2
21.0 1 1 62 111.17456314177625 2
23.0 0 3 43 96.77168077823814 2
23.0 0 1 62 111.17456314177625 2
24.5 1 2 50 109.02723833543504 4
25.0 1 4 43 82.61360115294542 5.0
27.5 1 5 31 81.80787245541345 8.5
28.5 0 2 50 109.02723833543504 4
28.5 1 0 69 103.86903260673752 1
29.5 0 0 69 103.86903260673752 1
30.0 0 4 43 82.61360115294542 5.0
30.0 1 3 43 96.77168077823814 2
32.0 0 3 43 96.77168077823814 2
32.0 1 1 57 109.49756800576472 2
34.0 0 1 57 109.49756800576472 2
34.0 1 4 43 82.61360115294542 7.0
35.5 1 2 50 109.02723833543504 4
36.0 0 5 31 81.80787245541345 8.5
36.0 1 5 31 81.80787245541345 9.0
39.5 0 2 50 109.02723833543504 4
39.5 1 0 67 108.9000180147721 1
40.5 0 0 67 108.9000180147721 1
41.0 0 4 43 82.61360115294542 7.0
41.0 1 3 43 96.77168077823814 2
43.0 0 3 43 96.77168077823814 2
43.0 1 1 57 109.49756800576472 2
45.0 0 5 31 81.80787245541345 9.0
45.0 0 1 57 109.49756800576472 2
45.0 1 4 43 82.61360115294542 7.0
45.0 1 5 31 81.80787245541345 11.0
46.5 1 2 50 109.02723833543504 4
50.5 0 2 50 109.02723833543504 4
50.5 1 0 69 115.95496306971715 1
51.5 0 0 69 115.95496306971715 1
52.0 0 4 43 82.61360115294542 7.0
52.0 1 3 43 96.77168077823814 2
54.0 0 3 43 96.77168077823814 2
54.0 1 1 57 109.49756800576472 2
56.0 0 5 31 81.80787245541345 11.0
56.0 0 1 57 109.49756800576472 2
56.0 1 4 43 82.61360115294542 7.0
56.0 1 5 31 81.80787245541345 11.0
57.5 1 2 50 109.02723833543504 4
60.5 1 0 67 127.0 1
61.5 0 2 50 109.02723833543504 4
61.5 0 0 67 127.0 1
63.0 0 4 43 82.61360115294542 7.0
63.0 1 3 43 96.77168077823814 2
63.0 1 1 50 120.94546928481354 2
65.0 0 3 43 96.77168077823814 2
65.0 0 1 50 120.94546928481354 2
66.5 1 2 50 109.02723833543504 4
67.0 0 5 31 81.80787245541345 11.0
67.0 1 4 43 82.61360115294542 5.0
67.0 1 5 31 81.80787245541345 11.0
69.5 1 0 64 120.58115654836966 1
70.5 0 2 50 109.02723833543504 4
70.5 0 0 64 120.58115654836966 1
72.0 0 4 43 82.61360115294542 5.0
72.0 1 3 43 96.77168077823814 2
72.0 1 1 50 120.94546928481354 2
74.0 0 3 43 96.77168077823814 2
74.0 0 1 50 120.94546928481354 2
75.5 1 2 50 109.02723833543504 4
76.0 1 4 43 82.61360115294542 5.0
78.0 0 5 31 81.80787245541345 11.0
78.0 1 0 67 121.31363718248963 1
78.0 1 5 31 81.80787245541345 9.0
79.0 0 0 67 121.31363718248963 1
79.5 0 2 50 109.02723833543504 4
80.5 1 1 50 120.94546928481354 2
81.0 0 4 43 82.61360115294542 5.0
81.0 1 3 43 96.77168077823814 2
82.5 0 1 50 120.94546928481354 2
83.0 0 3 43 96.77168077823814 2
84.0 1 2 50 109.02723833543504 4
85.0 1 4 43 82.61360115294542 4.5
86.5 1 0 62 79.60079264997296 1
87.0 0 5 31 81.80787245541345 9.0
87.0 1 5 31 81.80787245541345 9.0
87.5 0 0 62 79.60079264997296 1
88.0 0 2 50 109.02723833543504 4
88.5 1 1 40 83.0511619528013 2
89.5 0 4 43 82.61360115294542 4.5
89.5 1 3 43 96.77168077823814 2
90.5 0 1 40 83.0511619528013 2
91.5 0 3 43 96.77168077823814 2
92.0 1 2 40 96.61747432894974 4
93.5 1 4 43 82.61360115294542 4.0
95.0 1 0 62 79.27310394523508 1
96.0 0 5 31 81.80787245541345 9.0
96.0 0 2 40 96.61747432894974 4
96.0 0 0 62 79.27310394523508 1
96.0 1 5 31 81.80787245541345 8.5
97.0 1 1 40 83.0511619528013 2
97.5 0 4 43 82.61360115294542 4.0
97.5 1 3 43 96.77168077823814 2
99.0 0 1 40 83.0511619528013 2
99.5 0 3 43 96.77168077823814 2
100.5 1 2 40 96.61747432894974 4
101.5 1 4 43 82.61360115294542 4.5
103.0 1 0 60 83.34029904521708 1
104.0 0 0 60 83.34029904521708 1
104.5 0 5 31 81.80787245541345 8.5
104.5 0 2 40 96.61747432894974 4
104.5 1 5 31 81.80787245541345 8.0
105.0 1 1 40 83.0511619528013 2
106.0 0 4 43 82.61360115294542 4.5
106.0 1 3 43 96.77168077823814 2
107.0 0 1 40 83.0511619528013 2
108.0 0 3 43 96.77168077823814 2
108.5 1 2 40 96.61747432894974 3.5
110.0 1 4 43 82.61360115294542 4.0
110.5 1 0 60 103.13655197261754 1
111.5 0 0 60 103.13655197261754 1
112.0 0 2 40 96.61747432894974 3.5
112.0 1 1 40 103.56061970816069 2
112.5 0 5 31 81.80787245541345 8.0
112.5 1 5 31 81.80787245541345 8.5
114.0 0 4 43 82.61360115294542 4.0
114.0 0 1 40 103.56061970816069 2
114.0 1 3 43 96.77168077823814 2
115.5 1 2 40 96.61747432894974 3.5
116.0 0 3 43 96.77168077823814 2
117.5 1 0 62 100.36083588542604 1
118.0 1 4 43 82.61360115294542 3.0
118.5 0 0 62 100.36083588542604 1
119.0 0 2 40 96.61747432894974 3.5
119.0 1 1 40 103.56061970816069 2
121.0 0 5 31 81.80787245541345 8.5
121.0 0 4 43 82.61360115294542 3.0
121.0 0 1 40 103.56061970816069 2
121.0 1 3 43 96.77168077823814 2
121.0 1 5 31 81.80787245541345 8.0
122.5 1 2 40 96.61747432894974 3.5
123.0 0 3 43 96.77168077823814 2
124.5 1 0 62 110.69266798774994 1
125.0 1 4 43 82.61360115294542 3.0
125.5 0 0 62 110.69266798774994 1
126.0 0 2 40 96.61747432894974 3.5
126.0 1 1 40 103.56061970816069 2
128.0 0 4 43 82.61360115294542 3.0
128.0 0 1 40 103.56061970816069 2
128.0 1 3 43 96.77168077823814 2
129.0 0 5 31 81.80787245541345 8.0
129.0 1 5 31 81.80787245541345 7.0
129.5 1 2 40 96.61747432894974 4
130.0 0 3 43 96.77168077823814 2
132.0 1 4 43 82.61360115294542 3.0
133.0 1 0 62 109.65177445505313 1
133.5 0 2 40 96.61747432894974 4
134.0 0 0 62 109.65177445505313 1
135.0 0 4 43 82.61360115294542 3.0
135.0 1 3 43 96.77168077823814 2
136.0 0 5 31 81.80787245541345 7.0
136.0 1 1 40 102.71248423707439 2
136.0 1 5 31 81.80787245541345 7.0
137.0 0 3 43 96.77168077823814 2
138.0 0 1 40 102.71248423707439 2
139.0 1 4 43 82.61360115294542 6.0
139.5 1 2 40 96.61747432894974 4
143.0 0 5 31 81.80787245541345 7.0
143.0 1 0 64 98.72239236173661 1
143.0 1 5 31 81.80787245541345 7.0
143.5 0 2 40 96.61747432894974 4
144.0 0 0 64 98.72239236173661 1
145.0 0 4 43 82.61360115294542 6.0
145.0 1 3 43 96.77168077823814 2
146.0 1 1 40 102.71248423707439 2
147.0 0 3 43 96.77168077823814 2
148.0 0 1 40 102.71248423707439 2
149.0 1 4 43 82.61360115294542 6.0
149.5 1 2 40 96.61747432894974 4
150.0 0 5 31 81.80787245541345 7.0
150.0 1 5 31 81.80787245541345 10.0
153.0 1 0 60 102.90524229868491 1
153.5 0 2 40 96.61747432894974 4
154.0 0 0 60 102.90524229868491 1
155.0 0 4 43 82.61360115294542 6.0
155.0 1 3 43 96.77168077823814 2
156.0 1 1 40 102.71248423707439 2
157.0 0 3 43 96.77168077823814 2
158.0 0 1 40 102.71248423707439 2
159.0 1 4 43 82.61360115294542 6.0
159.5 1 2 40 96.61747432894974 4
160.0 0 5 31 81.80787245541345 10.0
160.0 1 5 31 81.80787245541345 10.0
161.0 1 0 64 86.34732480634119 1
162.0 0 0 64 86.34732480634119 1
162.0 1 1 48 83.76436678076021 2
163.5 0 2 40 96.61747432894974 4
164.0 0 1 48 83.76436678076021 2
164.5 1 2 48 93.94392001441182 4
165.0 0 4 43 82.61360115294542 6.0
165.0 1 3 43 96.77168077823814 2
167.0 0 3 43 96.77168077823814 2
167.5 1 0 64 77.73103945235093 1
168.5 0 2 48 93.94392001441182 4
168.5 0 0 64 77.73103945235093 1
168.5 1 1 48 83.76436678076021 2
169.0 1 4 43 82.61360115294542 1.0
170.0 0 5 31 81.80787245541345 10.0
170.0 0 4 43 82.61360115294542 1.0
170.0 1 3 43 96.77168077823814 2
170.0 1 5 31 81.80787245541345 10.0
170.5 0 1 48 83.76436678076021 2
171.0 1 2 48 93.94392001441182 4
172.0 0 3 43 96.77168077823814 2
174.0 1 0 67 81.93316519546026 1
174.0 1 4 43 82.61360115294542 2.5
175.0 0 2 48 93.94392001441182 4
175.0 0 0 67 81.93316519546026 1
175.0 1 1 48 83.76436678076021 2
176.5 0 4 43 82.61360115294542 2.5
176.5 1 3 43 96.77168077823814 2
177.0 0 1 48 83.76436678076021 2
177.5 1 2 48 93.94392001441182 4
178.5 0 3 43 96.77168077823814 2
180.0 0 5 31 81.80787245541345 10.0
180.0 1 5 31 81.80787245541345 5.0
180.5 1 4 43 82.61360115294542 2.5
181.0 1 0 72 82.58854260493604 1
181.5 0 2 48 93.94392001441182 4
182.0 0 0 72 82.58854260493604 1
182.5 1 1 60 89.00738605656638 2
183.0 0 4 43 82.61360115294542 2.5
183.0 1 3 43 96.77168077823814 2
184.5 0 1 60 89.00738605656638 2
185.0 0 5 31 81.80787245541345 5.0
185.0 0 3 43 96.77168077823814 2
185.0 1 2 48 93.94392001441182 4
185.0 1 5 31 81.80787245541345 6.5
187.0 1 4 43 82.61360115294542 3.5
189.0 0 2 48 93.94392001441182 4
189.0 1 0 74 94.01909565843991 1
190.0 0 0 74 94.01909565843991 1
190.5 0 4 43 82.61360115294542 3.5
190.5 1 3 43 96.77168077823814 2
190.5 1 1 60 89.00738605656638 2
191.5 0 5 31 81.80787245541345 6.5
191.5 1 5 31 81.80787245541345 6.5
192.5 0 3 43 96.77168077823814 2
192.5 0 1 60 89.00738605656638 2
193.0 1 2 48 93.94392001441182 4
194.5 1 4 43 82.61360115294542 4.0
196.5 1 0 72 87.88938929922536 1
197.0 0 2 48 93.94392001441182 4
197.5 0 0 72 87.88938929922536 1
198.0 0 5 31 81.80787245541345 6.5
198.0 1 1 60 89.00738605656638 2
198.0 1 5 31 81.80787245541345 7.5
198.5 0 4 43 82.61360115294542 4.0
198.5 1 3 43 96.77168077823814 2
200.0 0 1 60 89.00738605656638 2
200.5 0 3 43 96.77168077823814 2
200.5 1 2 48 93.94392001441182 4
202.5 1 4 43 82.61360115294542 3.5
203.0 1 0 69 103.86903260673752 1
204.0 0 0 69 103.86903260673752 1
204.0 1 1 52 105.6424067735543 2
204.5 0 2 48 93.94392001441182 4
205.5 0 5 31 81.80787245541345 7.5
205.5 1 5 31 81.80787245541345 8.0
206.0 0 4 43 82.61360115294542 3.5
206.0 0 1 52 105.6424067735543 2
206.0 1 3 43 96.77168077823814 2
206.5 1 2 48 93.94392001441182 4
208.0 0 3 43 96.77168077823814 2
209.5 1 0 69 111.09745991713204 1
210.0 1 4 43 82.61360115294542 2.0
210.5 0 2 48 93.94392001441182 4
210.5 0 0 69 111.09745991713204 1
210.5 1 1 52 105.6424067735543 2
212.0 0 4 43 82.61360115294542 2.0
212.0 1 3 43 96.77168077823814 2
212.5 0 1 52 105.6424067735543 2
213.0 1 2 48 93.94392001441182 4
213.5 0 5 31 81.80787245541345 8.0
213.5 1 5 31 81.80787245541345 7.5
214.0 0 3 43 96.77168077823814 2
216.0 1 0 64 107.9362277067195 1
216.0 1 4 43 82.61360115294542 2.5
217.0 0 2 48 93.94392001441182 4
217.0 0 0 64 107.9362277067195 1
217.0 1 1 52 105.6424067735543 2
218.5 0 4 43 82.61360115294542 2.5
218.5 1 3 43 96.77168077823814 2
219.0 0 1 52 105.6424067735543 2
219.5 1 2 48 93.94392001441182 4
220.5 0 3 43 96.77168077823814 2
221.0 0 5 31 81.80787245541345 7.5
221.0 1 5 31 81.80787245541345 6.0
222.5 1 0 69 64.68131868131869 1
222.5 1 4 43 82.61360115294542 2.5
223.5 0 2 48 93.94392001441182 4
223.5 0 0 69 64.68131868131869 1
224.0 1 1 55 58.51306070978202 2
225.0 0 4 43 82.61360115294542 2.5
225.0 1 3 43 96.77168077823814 2
226.0 0 1 55 58.51306070978202 2
227.0 0 5 31 81.80787245541345 6.0
227.0 0 3 43 96.77168077823814 2
227.0 1 2 48 49.00816069176725 4
227.0 1 5 31 81.80787245541345 6.5
229.0 1 0 69 60.2093316519546 1
229.0 1 4 43 82.61360115294542 8
230.0 0 0 69 60.2093316519546 1
230.5 1 1 55 58.51306070978202 2
231.0 0 2 48 49.00816069176725 4
232.5 0 1 55 58.51306070978202 2
232.5 1 3 45 46.19774815348586 2
233.5 0 5 31 81.80787245541345 6.5
233.5 1 2 48 49.00816069176725 4
233.5 1 5 31 81.80787245541345 6.5
234.5 0 3 45 46.19774815348586 2
235.5 1 0 72 55.56386236714105 1
236.5 0 0 72 55.56386236714105 1
236.5 1 4 45 61.49695550351288 2.5
237.0 0 4 43 82.61360115294542 8
237.0 1 1 55 58.51306070978202 2
237.5 0 2 48 49.00816069176725 4
239.0 0 4 45 61.49695550351288 2.5
239.0 0 1 55 58.51306070978202 2
239.0 1 3 45 46.19774815348586 2
240.0 0 5 31 81.80787245541345 6.5
240.0 1 2 48 49.00816069176725 4
240.0 1 5 31 81.80787245541345 16
241.0 0 3 45 46.19774815348586 2
242.0 1 0 67 38.81318681318681 1
243.0 0 0 67 38.81318681318681 1
243.0 1 4 45 61.49695550351288 2.5
243.5 1 1 50 36.96270942172581 2
244.0 0 2 48 49.00816069176725 4
245.5 0 4 45 61.49695550351288 2.5
245.5 0 1 50 36.96270942172581 2
245.5 1 3 45 46.19774815348586 2
246.5 1 2 48 49.00816069176725 4
247.0 1 5 40 85.19655917852639 6.5
247.5 0 3 45 46.19774815348586 2
248.5 1 0 64 32.240136912268056 1
249.5 0 0 64 32.240136912268056 1
249.5 1 4 45 61.49695550351288 2.5
250.0 1 1 50 36.96270942172581 2
250.5 0 2 48 49.00816069176725 4
252.0 0 4 45 61.49695550351288 2.5
252.0 0 1 50 36.96270942172581 2
252.0 1 3 45 46.19774815348586 2
253.0 1 2 48 49.00816069176725 4
253.5 0 5 40 85.19655917852639 6.5
253.5 1 5 40 85.19655917852639 6.5
254.0 0 3 45 46.19774815348586 2
255.5 1 0 69 33.74364979283012 1
256.0 0 5 31 81.80787245541345 16
256.0 1 4 45 61.49695550351288 2.5
256.5 0 0 69 33.74364979283012 1
257.0 0 2 48 49.00816069176725 4
257.0 1 1 50 36.96270942172581 2
258.5 0 4 45 61.49695550351288 2.5
258.5 1 3 45 46.19774815348586 2
259.0 0 1 50 36.96270942172581 2
260.0 0 5 40 85.19655917852639 6.5
260.0 1 2 48 49.00816069176725 4
260.0 1 5 40 85.19655917852639 6.5
260.5 0 3 45 46.19774815348586 2
262.5 1 4 45 61.49695550351288 2.0
263.0 1 0 64 61.115294541524044 1
264.0 0 2 48 49.00816069176725 4
264.0 0 0 64 61.115294541524044 1
264.5 0 4 45 61.49695550351288 2.0
264.5 1 1 45 54.40731399747793 1.0
265.5 0 1 45 54.40731399747793 1.0
265.5 1 3 45 46.19774815348586 2
266.5 0 5 40 85.19655917852639 6.5
266.5 1 5 40 85.19655917852639 6.5
267.5 0 3 45 46.19774815348586 2
267.5 1 2 48 49.00816069176725 4
269.5 1 4 45 61.49695550351288 3.0
271.0 1 0 62 49.85822374346964 1
271.5 0 2 48 49.00816069176725 4
272.0 0 0 62 49.85822374346964 1
272.5 0 4 45 61.49695550351288 3.0
272.5 1 1 45 54.40731399747793 0.5
273.0 0 5 40 85.19655917852639 6.5
273.0 0 1 45 54.40731399747793 0.5
273.0 1 3 45 46.19774815348586 2
273.0 1 5 40 85.19655917852639 7.0
275.0 0 3 45 46.19774815348586 2
275.5 1 2 48 49.00816069176725 4
277.0 1 4 45 61.49695550351288 3.0
278.5 1 0 62 55.04341560079265 1
279.5 0 2 48 49.00816069176725 4
279.5 0 0 62 55.04341560079265 1
280.0 0 5 40 85.19655917852639 7.0
280.0 0 4 45 61.49695550351288 3.0
280.0 1 1 45 54.40731399747793 1.0
280.0 1 5 40 85.19655917852639 7.5
281.0 0 1 45 54.40731399747793 1.0
281.0 1 3 45 46.19774815348586 2
283.0 0 3 45 46.19774815348586 2
283.0 1 2 48 49.00816069176725 4
285.0 1 4 45 61.49695550351288 3.5
286.5 1 0 64 24.87677895874617 1
287.0 0 2 48 49.00816069176725 4
287.5 0 5 40 85.19655917852639 7.5
287.5 0 0 64 24.87677895874617 1
287.5 1 5 40 85.19655917852639 8.0
288.5 0 4 45 61.49695550351288 3.5
288.5 1 3 45 46.19774815348586 0.5
289.0 0 3 45 46.19774815348586 0.5
289.0 1 1 45 30.640245000900734 2
291.0 0 1 45 30.640245000900734 2
292.5 1 4 45 61.49695550351288 0.5
293.0 0 4 45 61.49695550351288 0.5
293.0 1 2 45 41.027976941091694 4
295.5 0 5 40 85.19655917852639 8.0
295.5 1 0 62 33.358133669609074 1
295.5 1 5 40 85.19655917852639 7.5
296.5 0 0 62 33.358133669609074 1
297.0 0 2 45 41.027976941091694 4
298.0 1 1 45 30.640245000900734 0.5
298.5 0 1 45 30.640245000900734 0.5
298.5 1 3 45 46.19774815348586 2
300.5 0 3 45 46.19774815348586 2
302.0 1 2 45 41.027976941091694 0.5
302.5 0 2 45 41.027976941091694 0.5
302.5 1 4 45 61.49695550351288 5.0
303.0 0 5 40 85.19655917852639 7.5
303.0 1 5 40 85.19655917852639 10.0
305.0 1 0 62 28.365699873896595 1
306.0 0 0 62 28.365699873896595 1
307.5 0 4 45 61.49695550351288 5.0
307.5 1 1 45 30.640245000900734 2
309.5 0 1 45 30.640245000900734 2
311.5 1 4 45 61.49695550351288 5.5
313.0 0 5 40 85.19655917852639 10.0
313.0 1 5 40 85.19655917852639 9.0
315.5 1 0 62 49.04863988470545 1
316.5 0 0 62 49.04863988470545 1
317.0 0 4 45 61.49695550351288 5.5
317.0 1 3 45 46.19774815348586 1.5
318.5 0 3 45 46.19774815348586 1.5
318.5 1 1 45 51.7665285534138 2
320.5 0 1 45 51.7665285534138 2
321.0 1 4 45 61.49695550351288 1.5
322.0 0 5 40 85.19655917852639 9.0
322.0 1 5 40 85.19655917852639 9.5
322.5 0 4 45 61.49695550351288 1.5
322.5 1 2 45 41.027976941091694 4
326.0 1 0 62 54.54224464060529 1
326.5 0 2 45 41.027976941091694 4
327.0 0 0 62 54.54224464060529 1
328.0 1 3 45 46.19774815348586 1.0
329.0 0 3 45 46.19774815348586 1.0
329.0 1 1 45 51.7665285534138 2
331.0 0 1 45 51.7665285534138 2
331.5 0 5 40 85.19655917852639 9.5
331.5 1 5 40 85.19655917852639 11.0
332.0 1 4 45 61.49695550351288 1.0
333.0 0 4 45 61.49695550351288 1.0
333.0 1 2 45 41.027976941091694 4
336.5 1 0 64 57.183030084669426 1
337.0 0 2 45 41.027976941091694 4
337.5 0 0 64 57.183030084669426 1
338.5 1 3 45 46.19774815348586 1.0
339.5 0 3 45 46.19774815348586 1.0
339.5 1 1 45 51.7665285534138 2
341.5 0 1 45 51.7665285534138 2
342.5 0 5 40 85.19655917852639 11.0
342.5 1 4 45 61.49695550351288 1.0
342.5 1 5 40 85.19655917852639 10.5
343.5 0 4 45 61.49695550351288 1.0
343.5 1 2 45 41.027976941091694 4
347.5 0 2 45 41.027976941091694 4
348.0 1 0 67 33.24247883264276 1
349.0 0 0 67 33.24247883264276 1
349.0 1 3 45 46.19774815348586 2
351.0 0 3 45 46.19774815348586 2
351.5 1 1 52 35.76760943974058 2
353.0 0 5 40 85.19655917852639 10.5
353.0 1 4 45 61.49695550351288 2.5
353.0 1 5 40 85.19655917852639 10.5
353.5 0 1 52 35.76760943974058 2
355.5 0 4 45 61.49695550351288 2.5
355.5 1 2 45 41.027976941091694 4
359.5 0 2 45 41.027976941091694 4
360.0 1 0 69 41.16483516483517 1
361.0 0 0 69 41.16483516483517 1
361.0 1 3 45 46.19774815348586 2
363.0 0 3 45 46.19774815348586 2
363.5 0 5 40 85.19655917852639 10.5
363.5 1 1 52 35.76760943974058 2
363.5 1 5 40 85.19655917852639 12.0
365.0 1 4 45 61.49695550351288 2.5
365.5 0 1 52 35.76760943974058 2
367.5 0 4 45 61.49695550351288 2.5
367.5 1 2 45 41.027976941091694 4
371.5 0 2 45 41.027976941091694 4
371.5 1 0 69 30.19690145919654 1
372.5 0 0 69 30.19690145919654 1
373.0 1 3 45 46.19774815348586 2
375.0 0 3 45 46.19774815348586 2
375.0 1 1 52 35.76760943974058 2
375.5 0 5 40 85.19655917852639 12.0
375.5 1 5 40 85.19655917852639 12.0
377.0 0 1 52 35.76760943974058 2
377.0 1 4 45 61.49695550351288 2.0
379.0 0 4 45 61.49695550351288 2.0
379.0 1 2 45 41.027976941091694 4
382.5 1 0 76 47.371644748693924 1
383.0 0 2 45 41.027976941091694 4
383.5 0 0 76 47.371644748693924 1
384.5 1 3 45 46.19774815348586 2
386.0 1 1 67 40.37452711223203 2
386.5 0 3 45 46.19774815348586 2
387.5 0 5 40 85.19655917852639 12.0
387.5 1 5 40 85.19655917852639 11.5
388.0 0 1 67 40.37452711223203 2
388.5 1 4 45 61.49695550351288 6.5
389.5 1 2 55 38.19828859664925 4
393.5 0 2 55 38.19828859664925 4
393.5 1 0 76 35.63267879661322 1
394.5 0 0 76 35.63267879661322 1
395.0 0 4 45 61.49695550351288 6.5
395.0 1 3 45 46.19774815348586 2
397.0 0 3 45 46.19774815348586 2
397.0 1 1 67 40.37452711223203 2
399.0 0 5 40 85.19655917852639 11.5
399.0 0 1 67 40.37452711223203 2
399.0 1 4 45 61.49695550351288 7.0
399.0 1 5 40 85.19655917852639 10.5
400.5 1 2 55 38.19828859664925 4
404.5 0 2 55 38.19828859664925 4
404.5 1 0 74 39.27580616105206 1
405.5 0 0 74 39.27580616105206 1
406.0 0 4 45 61.49695550351288 7.0
406.0 1 3 45 46.19774815348586 2
408.0 0 3 45 46.19774815348586 2
408.0 1 1 67 40.37452711223203 2
409.5 0 5 40 85.19655917852639 10.5
409.5 1 5 40 85.19655917852639 11.0
410.0 0 1 67 40.37452711223203 2
410.0 1 4 45 61.49695550351288 7.0
411.5 1 2 55 38.19828859664925 4
413.5 1 0 74 39.41073680417942 1
414.5 0 0 74 39.41073680417942 1
415.5 0 2 55 38.19828859664925 4
415.5 1 1 67 41.02990452170779 2
417.0 0 4 45 61.49695550351288 7.0
417.0 1 3 45 46.19774815348586 2
417.5 0 1 67 41.02990452170779 2
419.0 0 3 45 46.19774815348586 2
419.0 1 2 55 38.19828859664925 4
420.5 0 5 40 85.19655917852639 11.0
420.5 1 5 40 85.19655917852639 11.0
421.0 1 0 76 36.8856061970816 1
421.0 1 4 45 61.49695550351288 3.5
422.0 0 0 76 36.8856061970816 1
423.0 0 2 55 38.19828859664925 4
423.0 1 1 67 41.02990452170779 2
424.5 0 4 45 61.49695550351288 3.5
424.5 1 3 45 46.19774815348586 2
425.0 0 1 67 41.02990452170779 2
426.5 0 3 45 46.19774815348586 2
426.5 1 2 55 38.19828859664925 4
428.5 1 4 45 61.49695550351288 3.5
429.0 1 0 76 48.23905602594127 1
430.0 0 0 76 48.23905602594127 1
430.5 0 2 55 38.19828859664925 4
431.0 1 1 67 41.02990452170779 2
431.5 0 5 40 85.19655917852639 11.0
431.5 1 5 40 85.19655917852639 7.5
432.0 0 4 45 61.49695550351288 3.5
432.0 1 3 45 46.19774815348586 2
433.0 0 1 67 41.02990452170779 2
434.0 0 3 45 46.19774815348586 2
434.5 1 2 55 38.19828859664925 4
436.0 1 4 45 61.49695550351288 4.0
438.0 1 0 69 22.216717708520985 1
438.5 0 2 55 38.19828859664925 4
439.0 0 5 40 85.19655917852639 7.5
439.0 0 0 69 22.216717708520985 1
439.0 1 5 40 85.19655917852639 7.5
440.0 0 4 45 61.49695550351288 4.0
440.0 1 3 45 46.19774815348586 2
440.5 1 1 60 23.893712844532516 2
442.0 0 3 45 46.19774815348586 2
442.5 0 1 60 23.893712844532516 2
444.0 1 2 55 38.19828859664925 4
444.0 1 4 45 61.49695550351288 5.5
446.5 0 5 40 85.19655917852639 7.5
446.5 1 5 40 85.19655917852639 8.0
447.5 1 0 74 20.0 1
448.0 0 2 55 38.19828859664925 4
448.5 0 0 74 20.0 1
449.5 0 4 45 61.49695550351288 5.5
449.5 1 3 45 46.19774815348586 2
450.0 1 1 60 23.893712844532516 2
451.5 0 3 45 46.19774815348586 2
452.0 0 1 60 23.893712844532516 2
453.5 1 2 55 38.19828859664925 4
453.5 1 4 45 61.49695550351288 5.5
454.5 0 5 40 85.19655917852639 8.0
454.5 1 5 40 85.19655917852639 9.5
456.0 1 0 69 22.216717708520985 1
457.0 0 0 69 22.216717708520985 1
457.5 0 2 55 38.19828859664925 4
458.5 1 1 60 23.893712844532516 2
459.0 0 4 45 61.49695550351288 5.5
459.0 1 3 45 46.19774815348586 2
460.5 0 1 60 23.893712844532516 2
461.0 0 3 45 46.19774815348586 2
462.0 1 2 55 38.19828859664925 4
463.0 1 4 45 61.49695550351288 4.5
464.0 0 5 40 85.19655917852639 9.5
464.0 1 5 40 85.19655917852639 9.5
466.0 0 2 55 38.19828859664925 4
467.5 0 4 45 61.49695550351288 4.5
467.5 1 0 84 62.50315258511979 1
467.5 1 3 45 46.19774815348586 2
468.5 0 0 84 62.50315258511979 1
469.5 0 3 45 46.19774815348586 2
471.5 1 4 45 61.49695550351288 8
473.0 1 1 79 62.21401549270401 2
473.5 0 5 40 85.19655917852639 9.5
473.5 1 5 40 85.19655917852639 8.5
475.0 0 1 79 62.21401549270401 2
479.0 1 2 64 68.46323185011708 4
479.5 0 4 45 61.49695550351288 8
482.0 0 5 40 85.19655917852639 8.5
482.0 1 5 40 85.19655917852639 16
482.5 1 0 81 55.12051882543685 1
483.0 0 2 64 68.46323185011708 4
483.5 0 0 81 55.12051882543685 1
484.0 1 3 45 46.00306251125923 2
486.0 0 3 45 46.00306251125923 2
488.0 1 1 79 62.21401549270401 2
490.0 0 1 79 62.21401549270401 2
490.0 1 3 50 69.55231489821654 2
492.0 0 3 50 69.55231489821654 2
494.0 1 2 64 68.46323185011708 4
495.0 1 4 45 69.16294361376328 4.0
498.0 0 5 40 85.19655917852639 16
498.0 0 2 64 68.46323185011708 4
498.0 1 0 81 65.85714285714286 1
499.0 0 4 45 69.16294361376328 4.0
499.0 0 0 81 65.85714285714286 1
499.0 1 3 45 46.00306251125923 2
501.0 0 3 45 46.00306251125923 2
503.5 1 1 79 62.21401549270401 2
505.0 1 3 50 69.55231489821654 2
505.5 0 1 79 62.21401549270401 2
507.0 0 3 50 69.55231489821654 2
509.5 1 2 64 68.46323185011708 4
510.0 1 4 45 69.16294361376328 4.5
512.0 1 0 79 64.31507836425868 1
513.0 0 0 79 64.31507836425868 1
513.5 0 2 64 68.46323185011708 4
514.5 0 4 45 69.16294361376328 4.5
514.5 1 3 45 46.00306251125923 2
516.5 0 3 45 46.00306251125923 2
516.5 1 1 76 60.594847775175644 2
518.5 0 1 76 60.594847775175644 2
520.5 1 3 50 69.55231489821654 2
522.5 0 3 50 69.55231489821654 2
522.5 1 2 64 68.46323185011708 4
524.5 1 0 79 54.098901098901095 1
525.5 0 0 79 54.098901098901095 1
525.5 1 4 45 69.16294361376328 2.0
526.5 0 2 64 68.46323185011708 4
527.5 0 4 45 69.16294361376328 2.0
527.5 1 3 45 46.00306251125923 2
529.0 1 1 76 60.594847775175644 2
529.5 0 3 45 46.00306251125923 2
531.0 0 1 76 60.594847775175644 2
533.5 1 3 50 69.55231489821654 2
535.0 1 2 64 68.46323185011708 4
535.5 0 3 50 69.55231489821654 2
537.5 1 0 81 59.34192037470726 1
538.5 0 0 81 59.34192037470726 1
538.5 1 4 45 69.16294361376328 1.5
539.0 0 2 64 68.46323185011708 4
540.0 0 4 45 69.16294361376328 1.5
540.0 1 3 45 46.00306251125923 2
542.0 0 3 45 46.00306251125923 2
542.0 1 1 76 60.594847775175644 2
544.0 0 1 76 60.594847775175644 2
546.0 1 3 50 69.55231489821654 2
548.0 0 3 50 69.55231489821654 2
548.0 1 2 64 68.46323185011708 4
551.0 1 0 81 80.15979102864348 1
551.0 1 4 45 69.16294361376328 2.0
552.0 0 2 64 68.46323185011708 4
552.0 0 0 81 80.15979102864348 1
553.0 0 4 45 69.16294361376328 2.0
553.0 1 3 45 46.00306251125923 2
555.0 0 3 45 46.00306251125923 2
556.0 1 1 79 81.29706359214556 2
558.0 0 1 79 81.29706359214556 2
559.0 1 3 50 69.55231489821654 2
561.0 0 3 50 69.55231489821654 2
562.0 1 2 64 68.46323185011708 4
564.0 1 4 45 69.16294361376328 3.0
565.0 1 0 81 85.36425869212755 1
566.0 0 2 64 68.46323185011708 4
566.0 0 0 81 85.36425869212755 1
567.0 0 4 45 69.16294361376328 3.0
567.0 1 3 45 46.00306251125923 2
569.0 0 3 45 46.00306251125923 2
570.0 1 1 79 81.29706359214556 2
572.0 0 1 79 81.29706359214556 2
573.0 1 3 50 69.55231489821654 2
575.0 0 3 50 69.55231489821654 2
576.0 1 2 64 68.46323185011708 4
578.0 1 4 45 69.16294361376328 3.0
578.5 1 0 79 84.90163934426229 1
579.5 0 0 79 84.90163934426229 1
580.0 0 2 64 68.46323185011708 4
581.0 0 4 45 69.16294361376328 3.0
581.0 1 3 45 46.00306251125923 2
583.0 0 3 45 46.00306251125923 2
583.5 1 1 79 81.29706359214556 2
585.5 0 1 79 81.29706359214556 2
587.0 1 3 50 69.55231489821654 2
589.0 0 3 50 69.55231489821654 2
589.5 1 2 64 68.46323185011708 4
592.0 1 0 76 44.73085930462979 1
592.0 1 4 45 69.16294361376328 2.5
593.0 0 0 76 44.73085930462979 1
593.5 0 2 64 68.46323185011708 4
594.5 0 4 45 69.16294361376328 2.5
594.5 1 3 45 46.00306251125923 2
596.5 0 3 45 46.00306251125923 2
597.0 1 1 67 45.193478652495045 2
599.0 0 1 67 45.193478652495045 2
600.5 1 3 50 69.55231489821654 2
602.5 0 3 50 69.55231489821654 2
603.0 1 2 57 57.45867411277247 4
605.5 1 0 74 45.23203026481715 1
605.5 1 4 45 69.16294361376328 8
606.5 0 0 74 45.23203026481715 1
607.0 0 2 57 57.45867411277247 4
608.5 1 3 40 45.32840929562241 2
610.5 0 3 40 45.32840929562241 2
610.5 1 1 67 45.193478652495045 2
612.5 0 1 67 45.193478652495045 2
613.5 0 4 45 69.16294361376328 8
614.5 1 3 50 69.55231489821654 2
616.5 0 3 50 69.55231489821654 2
616.5 1 2 57 57.45867411277247 4
619.0 1 0 74 39.33363357953522 1
619.5 1 4 45 69.16294361376328 8
620.0 0 0 74 39.33363357953522 1
620.5 0 2 57 57.45867411277247 4
622.0 1 3 40 45.32840929562241 2
624.0 0 3 40 45.32840929562241 2
624.0 1 1 67 45.193478652495045 2
626.0 0 1 67 45.193478652495045 2
627.5 0 4 45 69.16294361376328 8
628.0 1 3 50 69.55231489821654 2
630.0 0 3 50 69.55231489821654 2
630.0 1 2 57 57.45867411277247 4
633.0 1 4 45 69.16294361376328 8
634.0 0 2 57 57.45867411277247 4
634.0 1 0 74 50.62925598991173 1
635.0 0 0 74 50.62925598991173 1
635.5 1 3 40 45.32840929562241 2
637.5 0 3 40 45.32840929562241 2
640.0 1 1 64 56.48910106287155 2
641.0 0 4 45 69.16294361376328 8
641.5 1 3 50 69.55231489821654 2
642.0 0 1 64 56.48910106287155 2
643.5 0 3 50 69.55231489821654 2
646.0 1 2 57 57.45867411277247 4
646.5 1 4 45 69.16294361376328 8
650.0 0 2 57 57.45867411277247 4
650.0 1 0 74 62.69591064673031 1
651.0 0 0 74 62.69591064673031 1
651.5 1 3 40 45.32840929562241 2
653.5 0 3 40 45.32840929562241 2
654.5 0 4 45 69.16294361376328 8
656.0 1 1 64 56.48910106287155 2
657.5 1 3 50 69.55231489821654 2
658.0 0 1 64 56.48910106287155 2
659.5 0 3 50 69.55231489821654 2
662.0 1 2 57 57.45867411277247 4
662.5 1 4 45 69.16294361376328 8
666.0 0 2 57 57.45867411277247 4
666.0 1 0 76 55.60241397946315 1
667.0 0 0 76 55.60241397946315 1
667.5 1 3 40 45.32840929562241 2
669.5 0 3 40 45.32840929562241 2
670.5 0 4 45 69.16294361376328 8
672.0 1 1 64 56.48910106287155 2
673.5 1 3 50 69.55231489821654 2
674.0 0 1 64 56.48910106287155 2
675.5 0 3 50 69.55231489821654 2
678.0 1 2 57 57.45867411277247 4
678.5 1 4 45 69.16294361376328 8
680.5 1 0 69 57.375788146279945 1
681.5 0 0 69 57.375788146279945 1
682.0 0 2 57 57.45867411277247 4
683.5 1 3 40 45.32840929562241 2
685.5 0 3 40 45.32840929562241 2
685.5 1 1 55 56.720410736804176 2
686.5 0 4 45 69.16294361376328 8
687.5 0 1 55 56.720410736804176 2
689.5 1 3 50 69.55231489821654 2
691.5 0 3 50 69.55231489821654 2
691.5 1 2 57 57.45867411277247 4
694.0 1 0 69 62.21401549270401 1
694.5 1 4 45 69.16294361376328 8
695.0 0 0 69 62.21401549270401 1
695.5 0 2 57 57.45867411277247 4
697.0 1 3 40 45.32840929562241 2
699.0 0 3 40 45.32840929562241 2
699.0 1 1 55 56.720410736804176 2
701.0 0 1 55 56.720410736804176 2
702.5 0 4 45 69.16294361376328 8
703.0 1 3 50 69.55231489821654 2
705.0 0 3 50 69.55231489821654 2
705.0 1 2 57 57.45867411277247 4
708.0 1 0 69 50.14736083588542 1
708.0 1 4 45 69.16294361376328 8
709.0 0 2 57 57.45867411277247 4
709.0 0 0 69 50.14736083588542 1
710.5 1 3 40 45.32840929562241 2
712.5 0 3 40 45.32840929562241 2
713.0 1 1 55 56.720410736804176 2
715.0 0 1 55 56.720410736804176 2
716.0 0 4 45 69.16294361376328 8
716.5 1 3 50 69.55231489821654 2
718.5 0 3 50 69.55231489821654 2
719.0 1 2 57 57.45867411277247 4
721.5 1 0 72 94.21185372005043 1
721.5 1 4 45 69.16294361376328 8
722.5 0 0 72 94.21185372005043 1
723.0 0 2 57 57.45867411277247 4
724.5 1 3 40 45.32840929562241 2
726.5 0 3 40 45.32840929562241 2
726.5 1 1 64 93.9805440461178 2
728.5 0 1 64 93.9805440461178 2
729.5 0 4 45 69.16294361376328 8
730.5 1 3 50 69.55231489821654 2
732.5 0 3 50 69.55231489821654 2
733.0 1 2 57 81.70378310214375 4
735.0 1 0 76 94.19257791388937 1
735.5 1 4 45 69.16294361376328 8
736.0 0 0 76 94.19257791388937 1
737.0 0 2 57 81.70378310214375 4
739.0 1 3 48 35.883264276706896 2
740.0 1 1 64 93.9805440461178 2
741.0 0 3 48 35.883264276706896 2
742.0 0 1 64 93.9805440461178 2
743.5 0 4 45 69.16294361376328 8
745.0 1 3 50 69.55231489821654 2
746.5 1 2 57 81.70378310214375 4
747.0 0 3 50 69.55231489821654 2
749.0 1 0 74 99.82111331291658 1
750.0 0 0 74 99.82111331291658 1
750.0 1 4 45 69.16294361376328 8
750.5 0 2 57 81.70378310214375 4
752.5 1 3 48 35.883264276706896 2
754.0 1 1 64 93.9805440461178 2
754.5 0 3 48 35.883264276706896 2
756.0 0 1 64 93.9805440461178 2
758.0 0 4 45 69.16294361376328 8
758.5 1 3 50 69.55231489821654 2
760.5 0 3 50 69.55231489821654 2
760.5 1 2 57 81.70378310214375 4
763.5 1 4 45 69.16294361376328 8
764.0 1 0 76 89.89407313997476 1
764.5 0 2 57 81.70378310214375 4
765.0 0 0 76 89.89407313997476 1
766.5 1 3 48 35.883264276706896 2
768.5 0 3 48 35.883264276706896 2
770.0 1 1 69 83.57160871914968 2
771.5 0 4 45 69.16294361376328 8
772.0 0 1 69 83.57160871914968 2
772.5 1 3 50 69.55231489821654 2
774.5 0 3 50 69.55231489821654 2
776.5 1 2 57 81.70378310214375 4
777.5 1 4 45 69.16294361376328 8
780.0 1 0 79 83.91857323004864 1
780.5 0 2 57 81.70378310214375 4
781.0 0 0 79 83.91857323004864 1
782.5 1 3 48 35.883264276706896 2
784.5 0 3 48 35.883264276706896 2
785.5 0 4 45 69.16294361376328 8
786.0 1 1 69 83.57160871914968 2
788.0 0 1 69 83.57160871914968 2
788.5 1 3 50 69.55231489821654 2
790.5 0 3 50 69.55231489821654 2
792.5 1 2 57 81.70378310214375 4
793.5 1 4 45 69.16294361376328 8
796.0 1 0 76 77.84669428931723 1
796.5 0 2 57 81.70378310214375 4
797.0 0 0 76 77.84669428931723 1
798.5 1 3 48 35.883264276706896 2
800.5 0 3 48 35.883264276706896 2
801.5 0 4 45 69.16294361376328 8
802.0 1 1 69 83.57160871914968 2
804.0 0 1 69 83.57160871914968 2
804.5 1 3 50 69.55231489821654 2
806.5 0 3 50 69.55231489821654 2
808.5 1 2 57 81.70378310214375 4
809.5 1 4 45 69.16294361376328 8
811.5 1 0 69 88.08214736083588 1
812.5 0 2 57 81.70378310214375 4
812.5 0 0 69 88.08214736083588 1
814.5 1 3 48 35.883264276706896 2
816.5 0 3 48 35.883264276706896 2
817.0 1 1 57 81.56692487840029 2
817.5 0 4 45 69.16294361376328 8
819.0 0 1 57 81.56692487840029 2
820.5 1 3 50 69.55231489821654 2
822.5 0 3 50 69.55231489821654 2
823.5 1 2 57 81.70378310214375 4
825.5 1 4 45 69.16294361376328 8
827.0 1 0 69 76.0540443163394 1
827.5 0 2 57 81.70378310214375 4
828.0 0 0 69 76.0540443163394 1
829.5 1 3 48 35.883264276706896 2
831.5 0 3 48 35.883264276706896 2
832.5 1 1 57 81.56692487840029 2
833.5 0 4 45 69.16294361376328 8
834.5 0 1 57 81.56692487840029 2
835.5 1 3 50 69.55231489821654 2
837.5 0 3 50 69.55231489821654 2
839.0 1 2 57 81.70378310214375 4
840.5 1 4 45 69.16294361376328 8
842.0 1 0 69 80.50675553954241 1
843.0 0 2 57 81.70378310214375 4
843.0 0 0 69 80.50675553954241 1
845.0 1 3 48 35.883264276706896 2
847.0 0 3 48 35.883264276706896 2
847.5 1 1 57 81.56692487840029 2
848.5 0 4 45 69.16294361376328 8
849.5 0 1 57 81.56692487840029 2
851.0 1 3 50 69.55231489821654 2
853.0 0 3 50 69.55231489821654 2
854.0 1 2 57 81.70378310214375 4
856.0 1 4 45 69.16294361376328 8
858.0 0 2 57 81.70378310214375 4
860.0 1 3 48 35.883264276706896 2
862.0 0 3 48 35.883264276706896 2
864.0 0 4 45 69.16294361376328 8
866.0 1 3 50 69.55231489821654 2
868.0 0 3 50 69.55231489821654 2
871.0 1 4 45 69.16294361376328 8
879.0 0 4 45 69.16294361376328 8
