1.0
3.5
7.0
9.5
12.0
12.5
15.5
16.5
18.5
21.0
21.0
24.5
25.0
27.5
28.5
30.0
32.0
34.0
35.5
36.0
39.5
41.0
43.0
45.0
45.0
46.5
50.5
52.0
54.0
56.0
56.0
57.5
60.5
63.0
63.0
66.5
67.0
67.0
69.5
72.0
72.0
75.5
76.0
78.0
78.0
80.5
81.0
84.0
85.0
86.5
87.0
88.5
89.5
92.0
93.5
95.0
96.0
97.0
97.5
100.5
101.5
103.0
104.5
105.0
106.0
108.5
110.0
110.5
112.0
112.5
114.0
115.5
117.5
118.0
119.0
121.0
121.0
122.5
124.5
125.0
126.0
128.0
129.0
129.5
132.0
133.0
135.0
136.0
136.0
139.0
139.5
143.0
143.0
145.0
146.0
149.0
149.5
150.0
153.0
155.0
156.0
159.0
159.5
160.0
161.0
162.0
164.5
165.0
167.5
168.5
169.0
170.0
170.0
171.0
174.0
174.0
175.0
176.5
177.5
180.0
180.5
181.0
182.5
183.0
185.0
185.0
187.0
189.0
190.5
190.5
191.5
193.0
194.5
196.5
198.0
198.0
198.5
200.5
202.5
203.0
204.0
205.5
206.0
206.5
209.5
210.0
210.5
212.0
213.0
213.5
216.0
216.0
217.0
218.5
219.5
221.0
222.5
222.5
224.0
225.0
227.0
227.0
229.0
229.0
230.5
232.5
233.5
233.5
235.5
236.5
237.0
239.0
240.0
240.0
242.0
243.0
243.5
245.5
246.5
247.0
248.5
249.5
250.0
252.0
253.0
253.5
255.5
256.0
257.0
258.5
260.0
260.0
262.5
263.0
264.5
265.5
266.5
267.5
269.5
271.0
272.5
273.0
273.0
275.5
277.0
278.5
280.0
280.0
281.0
283.0
285.0
286.5
287.5
288.5
289.0
292.5
293.0
295.5
295.5
298.0
298.5
302.0
302.5
303.0
305.0
307.5
307.5
311.5
311.5
313.0
315.5
317.0
318.5
321.0
322.0
322.5
326.0
328.0
329.0
331.5
332.0
333.0
336.5
338.5
339.5
342.5
342.5
343.5
348.0
349.0
351.5
353.0
353.0
355.5
360.0
361.0
363.5
363.5
365.0
367.5
371.5
373.0
375.0
375.5
377.0
379.0
382.5
384.5
386.0
387.5
388.5
389.5
393.5
395.0
397.0
399.0
399.0
400.5
404.5
406.0
408.0
409.5
410.0
411.5
413.5
415.5
417.0
419.0
420.5
421.0
421.0
423.0
424.5
426.5
428.5
429.0
431.0
431.5
432.0
434.5
436.0
438.0
439.0
440.0
440.5
444.0
444.0
446.5
447.5
449.5
450.0
453.5
453.5
454.5
456.0
458.5
459.0
462.0
463.0
464.0
467.5
467.5
471.5
473.0
473.5
479.0
482.0
482.5
484.0
488.0
490.0
494.0
495.0
498.0
499.0
503.5
505.0
509.5
510.0
512.0
514.5
516.5
520.5
522.5
524.5
525.5
527.5
529.0
533.5
535.0
537.5
538.5
540.0
542.0
546.0
548.0
551.0
551.0
553.0
556.0
559.0
562.0
564.0
565.0
567.0
570.0
573.0
576.0
578.0
578.5
581.0
583.5
587.0
589.5
592.0
592.0
594.5
597.0
600.5
603.0
605.5
605.5
608.5
610.5
614.5
616.5
619.0
619.5
622.0
624.0
628.0
630.0
633.0
634.0
635.5
640.0
641.5
646.0
646.5
650.0
651.5
656.0
657.5
662.0
662.5
666.0
667.5
672.0
673.5
678.0
678.5
680.5
683.5
685.5
689.5
691.5
694.0
694.5
697.0
699.0
703.0
705.0
708.0
708.0
710.5
713.0
716.5
719.0
721.5
721.5
724.5
726.5
730.5
733.0
735.0
735.5
739.0
740.0
745.0
746.5
749.0
750.0
752.5
754.0
758.5
760.5
763.5
764.0
766.5
770.0
772.5
776.5
777.5
780.0
782.5
786.0
788.5
792.5
793.5
796.0
798.5
802.0
804.5
808.5
809.5
811.5
814.5
817.0
820.5
823.5
825.5
827.0
829.5
832.5
835.5
839.0
840.5
842.0
845.0
847.5
851.0
854.0
856.0
860.0
866.0
871.0
