12.5
21.0
30.0
41.0
52.0
63.0
72.0
81.0
89.5
97.5
106.0
114.0
121.0
128.0
135.0
145.0
155.0
165.0
170.0
176.5
183.0
190.5
198.5
206.0
212.0
218.5
225.0
232.5
239.0
245.5
252.0
258.5
265.5
273.0
281.0
288.5
298.5
307.5
317.0
328.0
338.5
349.0
361.0
373.0
384.5
395.0
406.0
417.0
424.5
432.0
440.0
449.5
459.0
467.5
484.0
490.0
499.0
505.0
514.5
520.5
527.5
533.5
540.0
546.0
553.0
559.0
567.0
573.0
581.0
587.0
594.5
600.5
608.5
614.5
622.0
628.0
635.5
641.5
651.5
657.5
667.5
673.5
683.5
689.5
697.0
703.0
710.5
716.5
724.5
730.5
739.0
745.0
752.5
758.5
766.5
772.5
782.5
788.5
798.5
804.5
814.5
820.5
829.5
835.5
845.0
851.0
860.0
866.0
