72
62
50
74
62
43
50
43
74
43
62
50
43
31
69
43
57
43
50
31
67
43
57
43
31
50
69
43
57
43
31
50
67
43
50
50
43
31
64
43
50
50
43
67
31
50
43
50
43
62
31
40
43
40
43
62
31
40
43
40
43
60
31
40
43
40
43
60
40
31
43
40
62
43
40
43
31
40
62
43
40
43
31
40
43
62
43
40
31
43
40
64
31
43
40
43
40
31
60
43
40
43
40
31
64
48
48
43
64
48
43
43
31
48
67
43
48
43
48
31
43
72
60
43
48
31
43
74
43
60
31
48
43
72
60
31
43
48
43
69
52
31
43
48
69
43
52
43
48
31
64
43
52
43
48
31
69
43
55
43
48
31
69
43
55
45
48
31
72
45
55
45
48
31
67
45
50
45
48
40
64
45
50
45
48
40
69
45
50
45
48
40
45
64
45
45
40
48
45
62
45
45
40
48
45
62
45
40
45
48
45
64
40
45
45
45
45
62
40
45
45
45
45
40
62
45
45
45
45
40
62
45
45
45
40
45
62
45
45
40
45
45
64
45
45
45
40
45
67
45
52
45
40
45
69
45
52
40
45
45
69
45
52
40
45
45
76
45
67
40
45
55
76
45
67
45
40
55
74
45
67
40
45
55
74
67
45
55
40
76
45
67
45
55
45
76
67
40
45
55
45
69
40
45
60
55
45
40
74
45
60
55
45
40
69
60
45
55
45
40
84
45
45
79
40
64
40
81
45
79
50
64
45
81
45
79
50
64
45
79
45
76
50
64
79
45
45
76
50
64
81
45
45
76
50
64
81
45
45
79
50
64
45
81
45
79
50
64
45
79
45
79
50
64
76
45
45
67
50
57
74
45
40
67
50
57
74
45
40
67
50
57
45
74
40
64
50
57
45
74
40
64
50
57
45
76
40
64
50
57
45
69
40
55
50
57
69
45
40
55
50
57
69
45
40
55
50
57
72
45
40
64
50
57
76
45
48
64
50
57
74
45
48
64
50
57
45
76
48
69
50
57
45
79
48
69
50
57
45
76
48
69
50
57
45
69
48
57
50
57
45
69
48
57
50
57
45
69
48
57
50
57
45
48
50
45
