111.36732120338677
111.17456314177625
109.02723833543504
105.62313096739325
111.17456314177625
96.77168077823814
109.02723833543504
82.61360115294542
117.63195820572871
96.77168077823814
111.17456314177625
109.02723833543504
82.61360115294542
81.80787245541345
103.86903260673752
96.77168077823814
109.49756800576472
82.61360115294542
109.02723833543504
81.80787245541345
108.9000180147721
96.77168077823814
109.49756800576472
82.61360115294542
81.80787245541345
109.02723833543504
115.95496306971715
96.77168077823814
109.49756800576472
82.61360115294542
81.80787245541345
109.02723833543504
127.0
96.77168077823814
120.94546928481354
109.02723833543504
82.61360115294542
81.80787245541345
120.58115654836966
96.77168077823814
120.94546928481354
109.02723833543504
82.61360115294542
121.31363718248963
81.80787245541345
120.94546928481354
96.77168077823814
109.02723833543504
82.61360115294542
79.60079264997296
81.80787245541345
83.0511619528013
96.77168077823814
96.61747432894974
82.61360115294542
79.27310394523508
81.80787245541345
83.0511619528013
96.77168077823814
96.61747432894974
82.61360115294542
83.34029904521708
81.80787245541345
83.0511619528013
96.77168077823814
96.61747432894974
82.61360115294542
103.13655197261754
103.56061970816069
81.80787245541345
96.77168077823814
96.61747432894974
100.36083588542604
82.61360115294542
103.56061970816069
96.77168077823814
81.80787245541345
96.61747432894974
110.69266798774994
82.61360115294542
103.56061970816069
96.77168077823814
81.80787245541345
96.61747432894974
82.61360115294542
109.65177445505313
96.77168077823814
102.71248423707439
81.80787245541345
82.61360115294542
96.61747432894974
98.72239236173661
81.80787245541345
96.77168077823814
102.71248423707439
82.61360115294542
96.61747432894974
81.80787245541345
102.90524229868491
96.77168077823814
102.71248423707439
82.61360115294542
96.61747432894974
81.80787245541345
86.34732480634119
83.76436678076021
93.94392001441182
96.77168077823814
77.73103945235093
83.76436678076021
82.61360115294542
96.77168077823814
81.80787245541345
93.94392001441182
81.93316519546026
82.61360115294542
83.76436678076021
96.77168077823814
93.94392001441182
81.80787245541345
82.61360115294542
82.58854260493604
89.00738605656638
96.77168077823814
93.94392001441182
81.80787245541345
82.61360115294542
94.01909565843991
96.77168077823814
89.00738605656638
81.80787245541345
93.94392001441182
82.61360115294542
87.88938929922536
89.00738605656638
81.80787245541345
96.77168077823814
93.94392001441182
82.61360115294542
103.86903260673752
105.6424067735543
81.80787245541345
96.77168077823814
93.94392001441182
111.09745991713204
82.61360115294542
105.6424067735543
96.77168077823814
93.94392001441182
81.80787245541345
107.9362277067195
82.61360115294542
105.6424067735543
96.77168077823814
93.94392001441182
81.80787245541345
64.68131868131869
82.61360115294542
58.51306070978202
96.77168077823814
49.00816069176725
81.80787245541345
60.2093316519546
82.61360115294542
58.51306070978202
46.19774815348586
49.00816069176725
81.80787245541345
55.56386236714105
61.49695550351288
58.51306070978202
46.19774815348586
49.00816069176725
81.80787245541345
38.81318681318681
61.49695550351288
36.96270942172581
46.19774815348586
49.00816069176725
85.19655917852639
32.240136912268056
61.49695550351288
36.96270942172581
46.19774815348586
49.00816069176725
85.19655917852639
33.74364979283012
61.49695550351288
36.96270942172581
46.19774815348586
49.00816069176725
85.19655917852639
61.49695550351288
61.115294541524044
54.40731399747793
46.19774815348586
85.19655917852639
49.00816069176725
61.49695550351288
49.85822374346964
54.40731399747793
46.19774815348586
85.19655917852639
49.00816069176725
61.49695550351288
55.04341560079265
54.40731399747793
85.19655917852639
46.19774815348586
49.00816069176725
61.49695550351288
24.87677895874617
85.19655917852639
46.19774815348586
30.640245000900734
61.49695550351288
41.027976941091694
33.358133669609074
85.19655917852639
30.640245000900734
46.19774815348586
41.027976941091694
61.49695550351288
85.19655917852639
28.365699873896595
46.19774815348586
30.640245000900734
41.027976941091694
61.49695550351288
85.19655917852639
49.04863988470545
46.19774815348586
51.7665285534138
61.49695550351288
85.19655917852639
41.027976941091694
54.54224464060529
46.19774815348586
51.7665285534138
85.19655917852639
61.49695550351288
41.027976941091694
57.183030084669426
46.19774815348586
51.7665285534138
61.49695550351288
85.19655917852639
41.027976941091694
33.24247883264276
46.19774815348586
35.76760943974058
61.49695550351288
85.19655917852639
41.027976941091694
41.16483516483517
46.19774815348586
35.76760943974058
85.19655917852639
61.49695550351288
41.027976941091694
30.19690145919654
46.19774815348586
35.76760943974058
85.19655917852639
61.49695550351288
41.027976941091694
47.371644748693924
46.19774815348586
40.37452711223203
85.19655917852639
61.49695550351288
38.19828859664925
35.63267879661322
46.19774815348586
40.37452711223203
61.49695550351288
85.19655917852639
38.19828859664925
39.27580616105206
46.19774815348586
40.37452711223203
85.19655917852639
61.49695550351288
38.19828859664925
39.41073680417942
41.02990452170779
46.19774815348586
38.19828859664925
85.19655917852639
36.8856061970816
61.49695550351288
41.02990452170779
46.19774815348586
38.19828859664925
61.49695550351288
48.23905602594127
41.02990452170779
85.19655917852639
46.19774815348586
38.19828859664925
61.49695550351288
22.216717708520985
85.19655917852639
46.19774815348586
23.893712844532516
38.19828859664925
61.49695550351288
85.19655917852639
20.0
46.19774815348586
23.893712844532516
38.19828859664925
61.49695550351288
85.19655917852639
22.216717708520985
23.893712844532516
46.19774815348586
38.19828859664925
61.49695550351288
85.19655917852639
62.50315258511979
46.19774815348586
61.49695550351288
62.21401549270401
85.19655917852639
68.46323185011708
85.19655917852639
55.12051882543685
46.00306251125923
62.21401549270401
69.55231489821654
68.46323185011708
69.16294361376328
65.85714285714286
46.00306251125923
62.21401549270401
69.55231489821654
68.46323185011708
69.16294361376328
64.31507836425868
46.00306251125923
60.594847775175644
69.55231489821654
68.46323185011708
54.098901098901095
69.16294361376328
46.00306251125923
60.594847775175644
69.55231489821654
68.46323185011708
59.34192037470726
69.16294361376328
46.00306251125923
60.594847775175644
69.55231489821654
68.46323185011708
80.15979102864348
69.16294361376328
46.00306251125923
81.29706359214556
69.55231489821654
68.46323185011708
69.16294361376328
85.36425869212755
46.00306251125923
81.29706359214556
69.55231489821654
68.46323185011708
69.16294361376328
84.90163934426229
46.00306251125923
81.29706359214556
69.55231489821654
68.46323185011708
44.73085930462979
69.16294361376328
46.00306251125923
45.193478652495045
69.55231489821654
57.45867411277247
45.23203026481715
69.16294361376328
45.32840929562241
45.193478652495045
69.55231489821654
57.45867411277247
39.33363357953522
69.16294361376328
45.32840929562241
45.193478652495045
69.55231489821654
57.45867411277247
69.16294361376328
50.62925598991173
45.32840929562241
56.48910106287155
69.55231489821654
57.45867411277247
69.16294361376328
62.69591064673031
45.32840929562241
56.48910106287155
69.55231489821654
57.45867411277247
69.16294361376328
55.60241397946315
45.32840929562241
56.48910106287155
69.55231489821654
57.45867411277247
69.16294361376328
57.375788146279945
45.32840929562241
56.720410736804176
69.55231489821654
57.45867411277247
62.21401549270401
69.16294361376328
45.32840929562241
56.720410736804176
69.55231489821654
57.45867411277247
50.14736083588542
69.16294361376328
45.32840929562241
56.720410736804176
69.55231489821654
57.45867411277247
94.21185372005043
69.16294361376328
45.32840929562241
93.9805440461178
69.55231489821654
81.70378310214375
94.19257791388937
69.16294361376328
35.883264276706896
93.9805440461178
69.55231489821654
81.70378310214375
99.82111331291658
69.16294361376328
35.883264276706896
93.9805440461178
69.55231489821654
81.70378310214375
69.16294361376328
89.89407313997476
35.883264276706896
83.57160871914968
69.55231489821654
81.70378310214375
69.16294361376328
83.91857323004864
35.883264276706896
83.57160871914968
69.55231489821654
81.70378310214375
69.16294361376328
77.84669428931723
35.883264276706896
83.57160871914968
69.55231489821654
81.70378310214375
69.16294361376328
88.08214736083588
35.883264276706896
81.56692487840029
69.55231489821654
81.70378310214375
69.16294361376328
76.0540443163394
35.883264276706896
81.56692487840029
69.55231489821654
81.70378310214375
69.16294361376328
80.50675553954241
35.883264276706896
81.56692487840029
69.55231489821654
81.70378310214375
69.16294361376328
35.883264276706896
69.55231489821654
69.16294361376328
