1.0 1 0 72 111.36732120338677 1
2.0 0 0 72 111.36732120338677 1
3.5 1 1 62 111.17456314177625 2
4.5 1 0 74 105.62313096739325 1
5.5 0 1 62 111.17456314177625 2
5.5 0 0 74 105.62313096739325 1
7.0 1 1 62 111.17456314177625 2
7.0 1 2 50 109.02723833543504 3.5
8.5 1 0 74 117.63195820572871 1
9.0 0 1 62 111.17456314177625 2
9.5 0 0 74 117.63195820572871 1
10.5 0 2 50 109.02723833543504 3.5
10.5 1 2 50 109.02723833543504 4
11.0 1 1 62 111.17456314177625 2
12.5 1 3 43 96.77168077823814 2
13.0 0 1 62 111.17456314177625 2
13.5 1 0 69 103.86903260673752 1
14.5 0 2 50 109.02723833543504 4
14.5 0 3 43 96.77168077823814 2
14.5 0 0 69 103.86903260673752 1
14.5 1 2 50 109.02723833543504 4
16.0 1 3 43 96.77168077823814 0.5
16.5 0 3 43 96.77168077823814 0.5
16.5 1 4 43 82.61360115294542 3.5
17.0 1 1 57 109.49756800576472 2
18.5 0 2 50 109.02723833543504 4
19.0 0 1 57 109.49756800576472 2
19.5 1 0 67 108.9000180147721 1
20.0 0 4 43 82.61360115294542 3.5
20.0 1 4 43 82.61360115294542 4.0
20.5 0 0 67 108.9000180147721 1
20.5 1 2 50 109.02723833543504 4
23.0 1 1 57 109.49756800576472 2
24.0 0 4 43 82.61360115294542 4.0
24.0 1 4 43 82.61360115294542 2.0
24.5 0 2 50 109.02723833543504 4
25.0 0 1 57 109.49756800576472 2
25.5 1 0 69 115.95496306971715 1
26.0 0 4 43 82.61360115294542 2.0
26.0 1 3 43 96.77168077823814 2
26.5 0 0 69 115.95496306971715 1
26.5 1 2 50 109.02723833543504 4
27.5 1 5 31 81.80787245541345 3.5
28.0 0 3 43 96.77168077823814 2
29.0 1 1 57 109.49756800576472 2
30.0 1 4 43 82.61360115294542 2.0
30.5 0 2 50 109.02723833543504 4
30.5 1 0 67 127.0 1
31.0 0 5 31 81.80787245541345 3.5
31.0 0 1 57 109.49756800576472 2
31.0 1 5 31 81.80787245541345 4.0
31.5 0 0 67 127.0 1
32.0 0 4 43 82.61360115294542 2.0
32.0 1 3 43 96.77168077823814 2
32.5 1 2 50 109.02723833543504 0.5
33.0 0 2 50 109.02723833543504 0.5
33.0 1 1 50 120.94546928481354 2
34.0 0 3 43 96.77168077823814 2
34.5 1 0 64 120.58115654836966 1
35.0 0 5 31 81.80787245541345 4.0
35.0 0 1 50 120.94546928481354 2
35.0 1 5 31 81.80787245541345 6.0
35.5 0 0 64 120.58115654836966 1
36.0 1 4 43 82.61360115294542 2.0
36.5 1 2 50 109.02723833543504 0.5
37.0 0 2 50 109.02723833543504 0.5
37.0 1 1 50 120.94546928481354 2
38.0 0 4 43 82.61360115294542 2.0
38.0 1 0 67 121.31363718248963 1
38.0 1 3 43 96.77168077823814 2
39.0 0 1 50 120.94546928481354 2
39.0 0 0 67 121.31363718248963 1
40.0 0 3 43 96.77168077823814 2
40.5 1 2 50 109.02723833543504 3.5
41.0 0 5 31 81.80787245541345 6.0
41.0 1 5 31 81.80787245541345 6.0
41.5 1 0 62 79.60079264997296 1
42.0 1 4 43 82.61360115294542 4.0
42.5 0 0 62 79.60079264997296 1
43.5 1 1 40 83.0511619528013 2
44.0 0 2 50 109.02723833543504 3.5
44.0 1 2 50 109.02723833543504 4
45.0 1 0 62 79.27310394523508 1
45.5 0 1 40 83.0511619528013 2
46.0 0 4 43 82.61360115294542 4.0
46.0 0 0 62 79.27310394523508 1
46.0 1 4 43 82.61360115294542 3.5
47.0 0 5 31 81.80787245541345 6.0
47.0 1 2 40 96.61747432894974 3.0
47.0 1 5 31 81.80787245541345 6.0
48.0 0 2 50 109.02723833543504 4
48.0 1 0 60 83.34029904521708 1
49.0 0 0 60 83.34029904521708 1
49.5 0 4 43 82.61360115294542 3.5
49.5 1 3 43 96.77168077823814 0.5
50.0 0 2 40 96.61747432894974 3.0
50.0 0 3 43 96.77168077823814 0.5
50.0 1 1 40 83.0511619528013 0.5
50.0 1 4 43 82.61360115294542 2.5
50.5 0 1 40 83.0511619528013 0.5
50.5 1 0 60 103.13655197261754 1
50.5 1 2 40 96.61747432894974 1.5
51.5 0 0 60 103.13655197261754 1
52.0 0 2 40 96.61747432894974 1.5
52.0 1 1 40 103.56061970816069 1.5
52.5 0 4 43 82.61360115294542 2.5
52.5 1 0 62 100.36083588542604 1
52.5 1 3 43 96.77168077823814 1.0
53.0 0 5 31 81.80787245541345 6.0
53.0 1 5 31 81.80787245541345 4.0
53.5 0 1 40 103.56061970816069 1.5
53.5 0 0 62 100.36083588542604 1
53.5 0 3 43 96.77168077823814 1.0
53.5 1 2 40 96.61747432894974 0.5
53.5 1 4 43 82.61360115294542 2.5
54.0 0 2 40 96.61747432894974 0.5
54.0 1 1 40 103.56061970816069 1.5
54.5 1 0 62 110.69266798774994 1
55.5 0 1 40 103.56061970816069 1.5
55.5 0 0 62 110.69266798774994 1
55.5 1 2 40 96.61747432894974 0.5
56.0 0 4 43 82.61360115294542 2.5
56.0 0 2 40 96.61747432894974 0.5
56.0 1 3 43 96.77168077823814 0.5
56.0 1 1 40 103.56061970816069 1.5
56.5 0 3 43 96.77168077823814 0.5
56.5 1 4 43 82.61360115294542 2.5
57.0 0 5 31 81.80787245541345 4.0
57.0 1 5 31 81.80787245541345 4.0
57.5 0 1 40 103.56061970816069 1.5
57.5 1 2 40 96.61747432894974 2.0
58.0 1 0 62 109.65177445505313 1
59.0 0 4 43 82.61360115294542 2.5
59.0 0 0 62 109.65177445505313 1
59.0 1 3 43 96.77168077823814 1.0
59.5 0 2 40 96.61747432894974 2.0
59.5 1 2 40 96.61747432894974 1.5
60.0 0 3 43 96.77168077823814 1.0
60.0 1 4 43 82.61360115294542 1.0
61.0 0 5 31 81.80787245541345 4.0
61.0 0 2 40 96.61747432894974 1.5
61.0 0 4 43 82.61360115294542 1.0
61.0 1 3 43 96.77168077823814 2
61.0 1 1 40 102.71248423707439 2
61.0 1 5 31 81.80787245541345 3.5
63.0 0 3 43 96.77168077823814 2
63.0 0 1 40 102.71248423707439 2
63.0 1 0 64 98.72239236173661 1
63.0 1 4 43 82.61360115294542 2.0
64.0 0 0 64 98.72239236173661 1
64.5 0 5 31 81.80787245541345 3.5
64.5 1 2 40 96.61747432894974 1.5
64.5 1 5 31 81.80787245541345 3.0
65.0 0 4 43 82.61360115294542 2.0
65.0 1 4 43 82.61360115294542 2.0
66.0 0 2 40 96.61747432894974 1.5
66.0 1 1 40 102.71248423707439 2
67.0 0 4 43 82.61360115294542 2.0
67.0 1 4 43 82.61360115294542 2.0
67.5 0 5 31 81.80787245541345 3.0
67.5 1 5 31 81.80787245541345 3.5
68.0 0 1 40 102.71248423707439 2
68.0 1 0 60 102.90524229868491 1
69.0 0 4 43 82.61360115294542 2.0
69.0 0 0 60 102.90524229868491 1
69.0 1 4 43 82.61360115294542 1.0
69.5 1 2 40 96.61747432894974 1.5
70.0 0 4 43 82.61360115294542 1.0
70.0 1 3 43 96.77168077823814 2
71.0 0 5 31 81.80787245541345 3.5
71.0 0 2 40 96.61747432894974 1.5
71.0 1 0 64 86.34732480634119 1
71.0 1 1 40 102.71248423707439 2
71.0 1 5 31 81.80787245541345 3.0
72.0 0 3 43 96.77168077823814 2
72.0 0 0 64 86.34732480634119 1
72.0 1 1 48 83.76436678076021 1.5
72.5 1 0 64 77.73103945235093 1
73.0 0 1 40 102.71248423707439 2
73.5 0 1 48 83.76436678076021 1.5
73.5 0 0 64 77.73103945235093 1
73.5 1 1 48 83.76436678076021 1.0
74.0 0 5 31 81.80787245541345 3.0
74.0 1 0 67 81.93316519546026 1
74.0 1 4 43 82.61360115294542 1.0
74.0 1 5 31 81.80787245541345 2.0
74.5 0 1 48 83.76436678076021 1.0
74.5 1 2 40 96.61747432894974 4
74.5 1 2 48 93.94392001441182 0.5
75.0 0 0 67 81.93316519546026 1
75.0 0 4 43 82.61360115294542 1.0
75.0 0 2 48 93.94392001441182 0.5
75.0 1 3 43 96.77168077823814 2
75.0 1 1 48 83.76436678076021 1.0
76.0 0 5 31 81.80787245541345 2.0
76.0 0 1 48 83.76436678076021 1.0
76.0 1 0 72 82.58854260493604 1
76.0 1 2 48 93.94392001441182 1.5
76.0 1 5 31 81.80787245541345 2.0
77.0 0 3 43 96.77168077823814 2
77.0 0 0 72 82.58854260493604 1
77.5 0 2 48 93.94392001441182 1.5
77.5 1 1 60 89.00738605656638 2
77.5 1 2 48 93.94392001441182 2.5
78.0 0 5 31 81.80787245541345 2.0
78.0 1 5 31 81.80787245541345 2.0
78.5 0 2 40 96.61747432894974 4
79.0 1 0 74 94.01909565843991 1
79.0 1 4 43 82.61360115294542 1.0
79.5 0 1 60 89.00738605656638 2
80.0 0 2 48 93.94392001441182 2.5
80.0 0 5 31 81.80787245541345 2.0
80.0 0 0 74 94.01909565843991 1
80.0 0 4 43 82.61360115294542 1.0
80.0 1 3 43 96.77168077823814 1.5
80.0 1 2 48 93.94392001441182 3.0
80.0 1 5 31 81.80787245541345 5.0
80.5 1 1 60 89.00738605656638 2
81.5 0 3 43 96.77168077823814 1.5
81.5 1 0 72 87.88938929922536 1
81.5 1 3 43 96.77168077823814 1.5
82.5 0 1 60 89.00738605656638 2
82.5 0 0 72 87.88938929922536 1
83.0 0 2 48 93.94392001441182 3.0
83.0 0 3 43 96.77168077823814 1.5
83.0 1 0 69 103.86903260673752 1
83.0 1 3 43 96.77168077823814 1.0
83.0 1 1 60 89.00738605656638 2
83.0 1 2 48 93.94392001441182 2.5
84.0 0 0 69 103.86903260673752 1
84.0 0 3 43 96.77168077823814 1.0
84.0 1 1 52 105.6424067735543 1.5
84.0 1 4 43 82.61360115294542 1.5
84.5 1 0 69 111.09745991713204 1
85.0 0 5 31 81.80787245541345 5.0
85.0 0 1 60 89.00738605656638 2
85.0 1 5 31 81.80787245541345 5.0
85.5 0 2 48 93.94392001441182 2.5
85.5 0 1 52 105.6424067735543 1.5
85.5 0 4 43 82.61360115294542 1.5
85.5 0 0 69 111.09745991713204 1
85.5 1 1 52 105.6424067735543 1.5
85.5 1 2 48 93.94392001441182 1.0
85.5 1 4 43 82.61360115294542 1.5
86.0 1 0 64 107.9362277067195 1
86.5 0 2 48 93.94392001441182 1.0
86.5 1 2 48 93.94392001441182 1.5
87.0 0 1 52 105.6424067735543 1.5
87.0 0 4 43 82.61360115294542 1.5
87.0 0 0 64 107.9362277067195 1
87.0 1 1 52 105.6424067735543 2
87.0 1 4 43 82.61360115294542 1.5
87.5 1 0 69 64.68131868131869 1
88.0 0 2 48 93.94392001441182 1.5
88.0 1 2 48 93.94392001441182 1.5
88.5 0 4 43 82.61360115294542 1.5
88.5 0 0 69 64.68131868131869 1
88.5 1 3 43 96.77168077823814 1.0
89.0 0 1 52 105.6424067735543 2
89.0 1 0 69 60.2093316519546 1
89.0 1 1 55 58.51306070978202 1.5
89.5 0 2 48 93.94392001441182 1.5
89.5 0 3 43 96.77168077823814 1.0
89.5 1 2 48 93.94392001441182 2.5
89.5 1 4 43 82.61360115294542 1.5
90.0 0 5 31 81.80787245541345 5.0
90.0 0 0 69 60.2093316519546 1
90.0 1 5 31 81.80787245541345 5.0
90.5 0 1 55 58.51306070978202 1.5
90.5 1 0 72 55.56386236714105 1
90.5 1 1 55 58.51306070978202 1.5
91.0 0 4 43 82.61360115294542 1.5
91.0 1 3 43 96.77168077823814 1.0
91.5 0 0 72 55.56386236714105 1
92.0 0 2 48 93.94392001441182 2.5
92.0 0 1 55 58.51306070978202 1.5
92.0 0 3 43 96.77168077823814 1.0
92.0 1 0 67 38.81318681318681 1
92.0 1 3 43 96.77168077823814 0.5
92.0 1 1 55 58.51306070978202 2
92.0 1 2 48 49.00816069176725 1.5
92.5 0 3 43 96.77168077823814 0.5
92.5 1 4 43 82.61360115294542 1.0
93.0 0 0 67 38.81318681318681 1
93.5 0 2 48 49.00816069176725 1.5
93.5 0 4 43 82.61360115294542 1.0
93.5 1 0 64 32.240136912268056 1
93.5 1 3 43 96.77168077823814 1.5
93.5 1 1 50 36.96270942172581 1.5
93.5 1 2 48 49.00816069176725 1.5
94.0 0 1 55 58.51306070978202 2
94.5 0 0 64 32.240136912268056 1
95.0 0 5 31 81.80787245541345 5.0
95.0 0 3 43 96.77168077823814 1.5
95.0 0 1 50 36.96270942172581 1.5
95.0 0 2 48 49.00816069176725 1.5
95.0 1 1 50 36.96270942172581 2
95.0 1 2 48 49.00816069176725 1.5
95.0 1 4 43 82.61360115294542 1.0
95.0 1 5 31 81.80787245541345 1.5
95.5 1 0 69 33.74364979283012 1
96.0 0 4 43 82.61360115294542 1.0
96.0 1 4 43 82.61360115294542 1.5
96.5 0 2 48 49.00816069176725 1.5
96.5 0 5 31 81.80787245541345 1.5
96.5 0 0 69 33.74364979283012 1
96.5 1 2 48 49.00816069176725 1.5
96.5 1 5 31 81.80787245541345 1.5
97.0 0 1 50 36.96270942172581 2
97.0 1 1 50 36.96270942172581 2
97.5 0 4 43 82.61360115294542 1.5
97.5 1 3 45 46.19774815348586 1.5
97.5 1 4 43 82.61360115294542 1.5
98.0 0 2 48 49.00816069176725 1.5
98.0 0 5 31 81.80787245541345 1.5
98.0 1 0 64 61.115294541524044 1
98.0 1 2 48 49.00816069176725 2.0
98.0 1 5 31 81.80787245541345 2.5
99.0 0 1 50 36.96270942172581 2
99.0 0 3 45 46.19774815348586 1.5
99.0 0 4 43 82.61360115294542 1.5
99.0 0 0 64 61.115294541524044 1
99.0 1 3 45 46.19774815348586 0.5
99.0 1 4 43 82.61360115294542 8
99.5 0 3 45 46.19774815348586 0.5
99.5 1 1 45 54.40731399747793 1.0
100.0 0 2 48 49.00816069176725 2.0
100.0 1 2 48 49.00816069176725 2.5
100.5 0 5 31 81.80787245541345 2.5
100.5 0 1 45 54.40731399747793 1.0
100.5 1 3 45 46.19774815348586 1.0
100.5 1 5 31 81.80787245541345 3.0
101.0 1 0 62 49.85822374346964 1
101.5 0 3 45 46.19774815348586 1.0
101.5 1 4 45 61.49695550351288 0.5
102.0 0 0 62 49.85822374346964 1
102.0 0 4 45 61.49695550351288 0.5
102.0 1 3 45 46.19774815348586 0.5
102.5 0 2 48 49.00816069176725 2.5
102.5 0 3 45 46.19774815348586 0.5
102.5 1 1 45 54.40731399747793 0.5
102.5 1 2 48 49.00816069176725 3.0
103.0 0 1 45 54.40731399747793 0.5
103.0 1 4 45 61.49695550351288 0.5
103.5 0 5 31 81.80787245541345 3.0
103.5 0 4 45 61.49695550351288 0.5
103.5 1 0 62 55.04341560079265 1
103.5 1 3 45 46.19774815348586 1.0
103.5 1 5 31 81.80787245541345 2.5
104.5 0 0 62 55.04341560079265 1
104.5 0 3 45 46.19774815348586 1.0
104.5 1 4 45 61.49695550351288 0.5
105.0 0 4 45 61.49695550351288 0.5
105.0 1 1 45 54.40731399747793 0.5
105.5 0 2 48 49.00816069176725 3.0
105.5 0 1 45 54.40731399747793 0.5
105.5 1 3 45 46.19774815348586 0.5
105.5 1 2 48 49.00816069176725 2.5
106.0 0 5 31 81.80787245541345 2.5
106.0 0 3 45 46.19774815348586 0.5
106.0 1 4 45 61.49695550351288 1.5
106.0 1 5 31 81.80787245541345 1.0
106.5 1 0 64 24.87677895874617 1
107.0 0 4 43 82.61360115294542 8
107.0 0 5 31 81.80787245541345 1.0
107.0 1 5 31 81.80787245541345 1.5
107.5 0 4 45 61.49695550351288 1.5
107.5 0 0 64 24.87677895874617 1
107.5 1 4 45 61.49695550351288 0.5
108.0 0 2 48 49.00816069176725 2.5
108.0 0 4 45 61.49695550351288 0.5
108.0 1 3 45 46.19774815348586 1.0
108.0 1 2 48 49.00816069176725 4
108.5 0 5 31 81.80787245541345 1.5
108.5 1 5 31 81.80787245541345 1.5
109.0 0 3 45 46.19774815348586 1.0
109.0 1 1 45 30.640245000900734 0.5
109.5 0 1 45 30.640245000900734 0.5
109.5 1 4 45 61.49695550351288 1.5
110.0 0 5 31 81.80787245541345 1.5
110.0 1 5 31 81.80787245541345 16
110.5 1 0 62 33.358133669609074 1
111.0 0 4 45 61.49695550351288 1.5
111.0 1 3 45 46.19774815348586 1.0
111.5 0 0 62 33.358133669609074 1
112.0 0 2 48 49.00816069176725 4
112.0 0 3 45 46.19774815348586 1.0
112.0 1 4 45 61.49695550351288 1.0
112.0 1 5 40 85.19655917852639 1.5
113.0 0 4 45 61.49695550351288 1.0
113.0 1 2 45 41.027976941091694 0.5
113.5 0 5 40 85.19655917852639 1.5
113.5 0 2 45 41.027976941091694 0.5
113.5 1 3 45 46.19774815348586 1.5
113.5 1 5 40 85.19655917852639 1.5
115.0 0 3 45 46.19774815348586 1.5
115.0 0 5 40 85.19655917852639 1.5
115.0 1 0 62 28.365699873896595 1
115.0 1 4 45 61.49695550351288 2.0
115.0 1 5 40 85.19655917852639 1.5
116.0 0 0 62 28.365699873896595 1
116.5 0 5 40 85.19655917852639 1.5
116.5 1 5 40 85.19655917852639 1.5
117.0 0 4 45 61.49695550351288 2.0
117.0 1 2 45 41.027976941091694 0.5
117.5 0 2 45 41.027976941091694 0.5
117.5 1 4 45 61.49695550351288 1.0
118.0 0 5 40 85.19655917852639 1.5
118.0 1 5 40 85.19655917852639 2.0
118.5 0 4 45 61.49695550351288 1.0
118.5 1 3 45 46.19774815348586 2
120.0 0 5 40 85.19655917852639 2.0
120.0 1 5 40 85.19655917852639 2.5
120.5 0 3 45 46.19774815348586 2
120.5 1 0 62 49.04863988470545 1
121.5 0 0 62 49.04863988470545 1
121.5 1 2 45 41.027976941091694 1.0
122.5 0 5 40 85.19655917852639 2.5
122.5 0 2 45 41.027976941091694 1.0
122.5 1 4 45 61.49695550351288 1.0
122.5 1 5 40 85.19655917852639 3.0
123.5 0 4 45 61.49695550351288 1.0
123.5 1 1 45 51.7665285534138 2
125.5 0 5 40 85.19655917852639 3.0
125.5 0 1 45 51.7665285534138 2
125.5 1 5 40 85.19655917852639 2.5
126.0 0 5 31 81.80787245541345 16
126.0 1 0 62 54.54224464060529 1
126.5 1 4 45 61.49695550351288 0.5
127.0 0 0 62 54.54224464060529 1
127.0 0 4 45 61.49695550351288 0.5
127.0 1 3 45 46.19774815348586 0.5
127.5 0 3 45 46.19774815348586 0.5
127.5 1 2 45 41.027976941091694 1.5
128.0 0 5 40 85.19655917852639 2.5
128.0 1 5 40 85.19655917852639 5.0
129.0 0 2 45 41.027976941091694 1.5
129.0 1 1 45 51.7665285534138 2
131.0 0 1 45 51.7665285534138 2
131.0 1 4 45 61.49695550351288 2.0
131.5 1 0 64 57.183030084669426 1
132.5 0 0 64 57.183030084669426 1
133.0 0 5 40 85.19655917852639 5.0
133.0 0 4 45 61.49695550351288 2.0
133.0 1 2 45 41.027976941091694 1.5
133.0 1 5 40 85.19655917852639 4.0
134.5 0 2 45 41.027976941091694 1.5
134.5 1 1 45 51.7665285534138 2
136.5 0 1 45 51.7665285534138 2
137.0 0 5 40 85.19655917852639 4.0
137.0 1 4 45 61.49695550351288 1.5
137.0 1 5 40 85.19655917852639 4.5
138.0 1 0 67 33.24247883264276 1
138.5 0 4 45 61.49695550351288 1.5
138.5 1 2 45 41.027976941091694 4
139.0 0 0 67 33.24247883264276 1
141.5 0 5 40 85.19655917852639 4.5
141.5 1 1 52 35.76760943974058 2
141.5 1 5 40 85.19655917852639 6.0
142.5 0 2 45 41.027976941091694 4
142.5 1 4 45 61.49695550351288 1.5
143.5 0 1 52 35.76760943974058 2
144.0 0 4 45 61.49695550351288 1.5
144.0 1 3 45 46.19774815348586 1.5
145.0 1 0 69 41.16483516483517 1
145.5 0 3 45 46.19774815348586 1.5
145.5 1 2 45 41.027976941091694 2.5
146.0 0 0 69 41.16483516483517 1
147.5 0 5 40 85.19655917852639 6.0
147.5 1 5 40 85.19655917852639 5.5
148.0 0 2 45 41.027976941091694 2.5
148.0 1 4 45 61.49695550351288 3.0
148.5 1 1 52 35.76760943974058 2
150.5 0 1 52 35.76760943974058 2
151.0 0 4 45 61.49695550351288 3.0
151.0 1 3 45 46.19774815348586 1.5
151.5 1 0 69 30.19690145919654 1
152.5 0 3 45 46.19774815348586 1.5
152.5 0 0 69 30.19690145919654 1
152.5 1 2 45 41.027976941091694 2.5
153.0 0 5 40 85.19655917852639 5.5
153.0 1 5 40 85.19655917852639 5.5
155.0 0 2 45 41.027976941091694 2.5
155.0 1 1 52 35.76760943974058 2
155.0 1 4 45 61.49695550351288 3.0
157.0 0 1 52 35.76760943974058 2
157.5 1 0 76 47.371644748693924 1
158.0 0 4 45 61.49695550351288 3.0
158.0 1 3 45 46.19774815348586 1.0
158.5 0 5 40 85.19655917852639 5.5
158.5 0 0 76 47.371644748693924 1
158.5 1 5 40 85.19655917852639 7.0
159.0 0 3 45 46.19774815348586 1.0
159.0 1 2 45 41.027976941091694 3.0
161.0 1 1 67 40.37452711223203 2
162.0 0 2 45 41.027976941091694 3.0
162.0 1 4 45 61.49695550351288 2.5
163.0 0 1 67 40.37452711223203 2
163.5 1 0 76 35.63267879661322 1
164.5 0 4 45 61.49695550351288 2.5
164.5 0 0 76 35.63267879661322 1
164.5 1 3 45 46.19774815348586 2
164.5 1 2 55 38.19828859664925 4
165.5 0 5 40 85.19655917852639 7.0
165.5 1 5 40 85.19655917852639 7.0
166.5 0 3 45 46.19774815348586 2
167.0 1 1 67 40.37452711223203 2
168.5 0 2 55 38.19828859664925 4
168.5 1 4 45 61.49695550351288 1.5
169.0 0 1 67 40.37452711223203 2
169.5 1 0 74 39.27580616105206 1
170.0 0 4 45 61.49695550351288 1.5
170.0 1 3 45 46.19774815348586 2
170.5 0 0 74 39.27580616105206 1
170.5 1 2 55 38.19828859664925 4
172.0 0 3 45 46.19774815348586 2
172.5 0 5 40 85.19655917852639 7.0
172.5 1 5 40 85.19655917852639 6.5
173.0 1 1 67 40.37452711223203 2
173.5 1 0 74 39.41073680417942 1
174.0 1 4 45 61.49695550351288 2.0
174.5 0 2 55 38.19828859664925 4
174.5 0 0 74 39.41073680417942 1
175.0 0 1 67 40.37452711223203 2
175.5 1 1 67 41.02990452170779 2
176.0 0 4 45 61.49695550351288 2.0
176.0 1 0 76 36.8856061970816 1
176.0 1 3 45 46.19774815348586 2
176.5 1 2 55 38.19828859664925 2.5
177.0 0 0 76 36.8856061970816 1
177.5 0 1 67 41.02990452170779 2
178.0 0 3 45 46.19774815348586 2
178.0 1 1 67 41.02990452170779 2
179.0 0 5 40 85.19655917852639 6.5
179.0 0 2 55 38.19828859664925 2.5
179.0 1 0 76 48.23905602594127 1
179.0 1 2 55 38.19828859664925 2.5
179.0 1 5 40 85.19655917852639 5.5
180.0 0 1 67 41.02990452170779 2
180.0 0 0 76 48.23905602594127 1
180.0 1 4 45 61.49695550351288 2.0
181.0 1 1 67 41.02990452170779 2
181.5 0 2 55 38.19828859664925 2.5
181.5 1 2 55 38.19828859664925 3.0
182.0 0 4 45 61.49695550351288 2.0
182.0 1 3 45 46.19774815348586 2
183.0 0 1 67 41.02990452170779 2
183.0 1 0 69 22.216717708520985 1
184.0 0 3 45 46.19774815348586 2
184.0 0 0 69 22.216717708520985 1
184.5 0 5 40 85.19655917852639 5.5
184.5 0 2 55 38.19828859664925 3.0
184.5 1 3 45 46.19774815348586 1.5
184.5 1 2 55 38.19828859664925 4
184.5 1 5 40 85.19655917852639 6.0
185.5 1 1 60 23.893712844532516 2
186.0 0 3 45 46.19774815348586 1.5
186.0 1 4 45 61.49695550351288 1.0
187.0 0 4 45 61.49695550351288 1.0
187.0 1 3 45 46.19774815348586 1.5
187.5 0 1 60 23.893712844532516 2
187.5 1 0 74 20.0 1
188.5 0 2 55 38.19828859664925 4
188.5 0 3 45 46.19774815348586 1.5
188.5 0 0 74 20.0 1
188.5 1 4 45 61.49695550351288 1.5
189.0 1 2 55 38.19828859664925 4
190.0 0 4 45 61.49695550351288 1.5
190.0 1 3 45 46.19774815348586 1.0
190.0 1 1 60 23.893712844532516 2
190.5 0 5 40 85.19655917852639 6.0
190.5 1 5 40 85.19655917852639 6.0
191.0 0 3 45 46.19774815348586 1.0
191.0 1 0 69 22.216717708520985 1
191.0 1 4 45 61.49695550351288 3.0
192.0 0 1 60 23.893712844532516 2
192.0 0 0 69 22.216717708520985 1
193.0 0 2 55 38.19828859664925 4
193.5 1 1 60 23.893712844532516 2
193.5 1 2 55 38.19828859664925 3.5
194.0 0 4 45 61.49695550351288 3.0
194.0 1 4 45 61.49695550351288 0.5
194.5 0 4 45 61.49695550351288 0.5
194.5 1 3 45 46.19774815348586 2
195.5 0 1 60 23.893712844532516 2
196.5 0 5 40 85.19655917852639 6.0
196.5 0 3 45 46.19774815348586 2
196.5 1 5 40 85.19655917852639 2.5
197.0 0 2 55 38.19828859664925 3.5
197.0 1 2 55 38.19828859664925 4
197.5 1 0 84 62.50315258511979 1
198.5 0 0 84 62.50315258511979 1
198.5 1 4 45 61.49695550351288 0.5
199.0 0 5 40 85.19655917852639 2.5
199.0 0 4 45 61.49695550351288 0.5
199.0 1 3 45 46.19774815348586 2
199.0 1 5 40 85.19655917852639 2.5
201.0 0 2 55 38.19828859664925 4
201.0 0 3 45 46.19774815348586 2
201.5 0 5 40 85.19655917852639 2.5
201.5 1 5 40 85.19655917852639 3.0
202.5 1 3 45 46.19774815348586 0.5
203.0 0 3 45 46.19774815348586 0.5
203.0 1 1 79 62.21401549270401 2
203.0 1 4 45 61.49695550351288 3.5
204.5 0 5 40 85.19655917852639 3.0
204.5 1 5 40 85.19655917852639 4.5
205.0 0 1 79 62.21401549270401 2
206.5 0 4 45 61.49695550351288 3.5
206.5 1 4 45 61.49695550351288 7.5
207.5 1 0 81 55.12051882543685 1
208.5 0 0 81 55.12051882543685 1
209.0 0 5 40 85.19655917852639 4.5
209.0 1 2 64 68.46323185011708 4
209.0 1 5 40 85.19655917852639 4.5
213.0 0 2 64 68.46323185011708 4
213.0 1 1 79 62.21401549270401 2
213.5 0 5 40 85.19655917852639 4.5
213.5 1 5 40 85.19655917852639 3.5
214.0 0 4 45 61.49695550351288 7.5
214.0 1 3 45 46.00306251125923 2
215.0 0 1 79 62.21401549270401 2
216.0 0 3 45 46.00306251125923 2
217.0 0 5 40 85.19655917852639 3.5
217.0 1 5 40 85.19655917852639 16
218.0 1 0 81 65.85714285714286 1
219.0 0 0 81 65.85714285714286 1
219.0 1 2 64 68.46323185011708 4
220.0 1 3 50 69.55231489821654 2
222.0 0 3 50 69.55231489821654 2
223.0 0 2 64 68.46323185011708 4
223.5 1 1 79 62.21401549270401 2
224.0 1 3 45 46.00306251125923 1.0
225.0 0 3 45 46.00306251125923 1.0
225.0 1 4 45 69.16294361376328 8
225.5 0 1 79 62.21401549270401 2
227.0 1 0 79 64.31507836425868 1
228.0 0 0 79 64.31507836425868 1
229.5 1 2 64 68.46323185011708 4
230.0 1 3 50 69.55231489821654 2
231.5 1 1 76 60.594847775175644 2
232.0 0 3 50 69.55231489821654 2
233.0 0 5 40 85.19655917852639 16
233.0 0 4 45 69.16294361376328 8
233.5 0 2 64 68.46323185011708 4
233.5 0 1 76 60.594847775175644 2
234.5 1 0 79 54.098901098901095 1
234.5 1 3 45 46.00306251125923 0.5
235.0 0 3 45 46.00306251125923 0.5
235.0 1 4 45 69.16294361376328 7.5
235.5 0 0 79 54.098901098901095 1
237.5 1 2 64 68.46323185011708 4
239.0 1 1 76 60.594847775175644 2
240.5 1 3 50 69.55231489821654 2
241.0 0 1 76 60.594847775175644 2
241.5 0 2 64 68.46323185011708 4
242.5 0 4 45 69.16294361376328 7.5
242.5 0 3 50 69.55231489821654 2
242.5 1 0 81 59.34192037470726 1
242.5 1 3 45 46.00306251125923 2
243.5 0 0 81 59.34192037470726 1
244.5 0 3 45 46.00306251125923 2
245.0 1 2 64 68.46323185011708 4
245.5 1 4 45 69.16294361376328 4.5
247.0 1 1 76 60.594847775175644 2
248.5 1 3 50 69.55231489821654 2
249.0 0 2 64 68.46323185011708 4
249.0 0 1 76 60.594847775175644 2
250.0 0 4 45 69.16294361376328 4.5
250.0 1 3 45 46.00306251125923 2
250.5 0 3 50 69.55231489821654 2
251.0 1 0 81 80.15979102864348 1
252.0 0 3 45 46.00306251125923 2
252.0 0 0 81 80.15979102864348 1
253.0 1 2 64 68.46323185011708 4
253.5 1 4 45 69.16294361376328 4.5
256.0 1 3 50 69.55231489821654 2
256.0 1 1 79 81.29706359214556 2
257.0 0 2 64 68.46323185011708 4
258.0 0 4 45 69.16294361376328 4.5
258.0 0 3 50 69.55231489821654 2
258.0 0 1 79 81.29706359214556 2
258.0 1 3 45 46.00306251125923 2
260.0 0 3 45 46.00306251125923 2
260.0 1 0 81 85.36425869212755 1
261.0 0 0 81 85.36425869212755 1
261.0 1 4 45 69.16294361376328 6.0
262.0 1 2 64 68.46323185011708 4
264.0 1 3 50 69.55231489821654 2
265.0 1 1 79 81.29706359214556 2
266.0 0 2 64 68.46323185011708 4
266.0 0 3 50 69.55231489821654 2
267.0 0 4 45 69.16294361376328 6.0
267.0 0 1 79 81.29706359214556 2
267.0 1 3 45 46.00306251125923 2
268.5 1 0 79 84.90163934426229 1
269.0 0 3 45 46.00306251125923 2
269.0 1 4 45 69.16294361376328 7.0
269.5 0 0 79 84.90163934426229 1
271.0 1 2 64 68.46323185011708 4
273.0 1 3 50 69.55231489821654 2
273.5 1 1 79 81.29706359214556 2
275.0 0 2 64 68.46323185011708 4
275.0 0 3 50 69.55231489821654 2
275.5 0 1 79 81.29706359214556 2
276.0 0 4 45 69.16294361376328 7.0
276.0 1 3 45 46.00306251125923 2
277.0 1 0 76 44.73085930462979 1
278.0 0 3 45 46.00306251125923 2
278.0 0 0 76 44.73085930462979 1
278.0 1 4 45 69.16294361376328 6.5
279.5 1 2 64 68.46323185011708 4
282.0 1 3 50 69.55231489821654 2
282.0 1 1 67 45.193478652495045 2
283.5 0 2 64 68.46323185011708 4
284.0 0 3 50 69.55231489821654 2
284.0 0 1 67 45.193478652495045 2
284.5 0 4 45 69.16294361376328 6.5
284.5 1 3 45 46.00306251125923 2
285.5 1 0 74 45.23203026481715 1
286.5 0 3 45 46.00306251125923 2
286.5 0 0 74 45.23203026481715 1
287.0 1 4 45 69.16294361376328 8
288.0 1 2 57 57.45867411277247 4
290.5 1 3 50 69.55231489821654 2
290.5 1 1 67 45.193478652495045 2
292.0 0 2 57 57.45867411277247 4
292.5 0 3 50 69.55231489821654 2
292.5 0 1 67 45.193478652495045 2
293.5 1 3 40 45.32840929562241 2
294.0 1 0 74 39.33363357953522 1
295.0 0 4 45 69.16294361376328 8
295.0 0 0 74 39.33363357953522 1
295.5 0 3 40 45.32840929562241 2
295.5 1 4 45 69.16294361376328 8
296.5 1 2 57 57.45867411277247 4
299.0 1 1 67 45.193478652495045 2
299.5 1 3 50 69.55231489821654 2
300.5 0 2 57 57.45867411277247 4
301.0 0 1 67 45.193478652495045 2
301.5 0 3 50 69.55231489821654 2
302.0 1 3 40 45.32840929562241 2
303.5 0 4 45 69.16294361376328 8
304.0 0 3 40 45.32840929562241 2
304.0 1 0 74 50.62925598991173 1
304.5 1 4 45 69.16294361376328 8
305.0 0 0 74 50.62925598991173 1
305.0 1 2 57 57.45867411277247 4
308.0 1 3 50 69.55231489821654 2
309.0 0 2 57 57.45867411277247 4
310.0 0 3 50 69.55231489821654 2
310.0 1 1 64 56.48910106287155 2
310.5 1 3 40 45.32840929562241 2
312.0 0 1 64 56.48910106287155 2
312.5 0 4 45 69.16294361376328 8
312.5 0 3 40 45.32840929562241 2
313.0 1 4 45 69.16294361376328 8
315.0 1 0 74 62.69591064673031 1
316.0 0 0 74 62.69591064673031 1
316.0 1 2 57 57.45867411277247 4
316.5 1 3 50 69.55231489821654 2
318.5 0 3 50 69.55231489821654 2
320.0 0 2 57 57.45867411277247 4
321.0 0 4 45 69.16294361376328 8
321.0 1 1 64 56.48910106287155 2
321.5 1 3 40 45.32840929562241 2
321.5 1 4 45 69.16294361376328 8
323.0 0 1 64 56.48910106287155 2
323.5 0 3 40 45.32840929562241 2
326.0 1 0 76 55.60241397946315 1
327.0 0 0 76 55.60241397946315 1
327.0 1 2 57 57.45867411277247 4
327.5 1 3 50 69.55231489821654 2
329.5 0 4 45 69.16294361376328 8
329.5 0 3 50 69.55231489821654 2
331.0 0 2 57 57.45867411277247 4
332.0 1 1 64 56.48910106287155 2
332.5 1 3 40 45.32840929562241 2
332.5 1 4 45 69.16294361376328 8
334.0 0 1 64 56.48910106287155 2
334.5 0 3 40 45.32840929562241 2
335.5 1 0 69 57.375788146279945 1
336.5 0 0 69 57.375788146279945 1
338.0 1 2 57 57.45867411277247 4
338.5 1 3 50 69.55231489821654 2
340.5 0 4 45 69.16294361376328 8
340.5 0 3 50 69.55231489821654 2
340.5 1 1 55 56.720410736804176 2
342.0 0 2 57 57.45867411277247 4
342.5 0 1 55 56.720410736804176 2
343.5 1 3 40 45.32840929562241 2
343.5 1 4 45 69.16294361376328 8
344.0 1 0 69 62.21401549270401 1
345.0 0 0 69 62.21401549270401 1
345.5 0 3 40 45.32840929562241 2
346.5 1 2 57 57.45867411277247 4
349.0 1 1 55 56.720410736804176 2
349.5 1 3 50 69.55231489821654 2
350.5 0 2 57 57.45867411277247 4
351.0 0 1 55 56.720410736804176 2
351.5 0 4 45 69.16294361376328 8
351.5 0 3 50 69.55231489821654 2
352.0 1 3 40 45.32840929562241 2
353.0 1 0 69 50.14736083588542 1
354.0 0 3 40 45.32840929562241 2
354.0 0 0 69 50.14736083588542 1
354.5 1 4 45 69.16294361376328 8
355.0 1 2 57 57.45867411277247 4
358.0 1 3 50 69.55231489821654 2
358.0 1 1 55 56.720410736804176 2
359.0 0 2 57 57.45867411277247 4
360.0 0 3 50 69.55231489821654 2
360.0 0 1 55 56.720410736804176 2
360.5 1 3 40 45.32840929562241 2
361.5 1 0 72 94.21185372005043 1
362.5 0 4 45 69.16294361376328 8
362.5 0 3 40 45.32840929562241 2
362.5 0 0 72 94.21185372005043 1
363.0 1 4 45 69.16294361376328 8
364.0 1 2 57 57.45867411277247 4
366.5 1 3 50 69.55231489821654 2
366.5 1 1 64 93.9805440461178 2
368.0 0 2 57 57.45867411277247 4
368.5 0 3 50 69.55231489821654 2
368.5 0 1 64 93.9805440461178 2
369.5 1 3 40 45.32840929562241 2
370.0 1 0 76 94.19257791388937 1
371.0 0 4 45 69.16294361376328 8
371.0 0 0 76 94.19257791388937 1
371.5 0 3 40 45.32840929562241 2
371.5 1 4 45 69.16294361376328 8
373.0 1 2 57 81.70378310214375 4
375.0 1 1 64 93.9805440461178 2
375.5 1 3 50 69.55231489821654 2
377.0 0 2 57 81.70378310214375 4
377.0 0 1 64 93.9805440461178 2
377.5 0 3 50 69.55231489821654 2
379.0 1 0 74 99.82111331291658 1
379.0 1 3 48 35.883264276706896 2
379.5 0 4 45 69.16294361376328 8
380.0 0 0 74 99.82111331291658 1
380.5 1 4 45 69.16294361376328 8
381.0 0 3 48 35.883264276706896 2
381.5 1 2 57 81.70378310214375 4
384.0 1 1 64 93.9805440461178 2
385.0 1 3 50 69.55231489821654 2
385.5 0 2 57 81.70378310214375 4
386.0 0 1 64 93.9805440461178 2
387.0 0 3 50 69.55231489821654 2
387.5 1 3 48 35.883264276706896 2
388.5 0 4 45 69.16294361376328 8
389.0 1 0 76 89.89407313997476 1
389.5 0 3 48 35.883264276706896 2
390.0 0 0 76 89.89407313997476 1
390.0 1 4 45 69.16294361376328 8
390.5 1 2 57 81.70378310214375 4
393.5 1 3 50 69.55231489821654 2
394.5 0 2 57 81.70378310214375 4
395.0 1 1 69 83.57160871914968 2
395.5 0 3 50 69.55231489821654 2
396.5 1 3 48 35.883264276706896 2
397.0 0 1 69 83.57160871914968 2
398.0 0 4 45 69.16294361376328 8
398.5 0 3 48 35.883264276706896 2
398.5 1 4 45 69.16294361376328 8
400.0 1 0 79 83.91857323004864 1
401.0 0 0 79 83.91857323004864 1
401.5 1 2 57 81.70378310214375 4
402.5 1 3 50 69.55231489821654 2
404.5 0 3 50 69.55231489821654 2
405.5 0 2 57 81.70378310214375 4
406.0 1 1 69 83.57160871914968 2
406.5 0 4 45 69.16294361376328 8
407.5 1 3 48 35.883264276706896 2
407.5 1 4 45 69.16294361376328 8
408.0 0 1 69 83.57160871914968 2
409.5 0 3 48 35.883264276706896 2
411.0 1 0 76 77.84669428931723 1
412.0 0 0 76 77.84669428931723 1
412.5 1 2 57 81.70378310214375 4
413.5 1 3 50 69.55231489821654 2
415.5 0 4 45 69.16294361376328 8
415.5 0 3 50 69.55231489821654 2
416.5 0 2 57 81.70378310214375 4
417.0 1 1 69 83.57160871914968 2
418.5 1 3 48 35.883264276706896 2
418.5 1 4 45 69.16294361376328 8
419.0 0 1 69 83.57160871914968 2
420.5 0 3 48 35.883264276706896 2
421.5 1 0 69 88.08214736083588 1
422.5 0 0 69 88.08214736083588 1
423.5 1 2 57 81.70378310214375 3.5
424.5 1 3 50 69.55231489821654 2
426.5 0 4 45 69.16294361376328 8
426.5 0 3 50 69.55231489821654 2
427.0 0 2 57 81.70378310214375 3.5
427.0 1 1 57 81.56692487840029 2
429.0 0 1 57 81.56692487840029 2
429.5 1 3 48 35.883264276706896 2
429.5 1 4 45 69.16294361376328 8
431.5 0 3 48 35.883264276706896 2
432.0 1 0 69 76.0540443163394 1
433.0 0 0 69 76.0540443163394 1
433.5 1 2 57 81.70378310214375 4
435.5 1 3 50 69.55231489821654 2
437.5 0 4 45 69.16294361376328 8
437.5 0 2 57 81.70378310214375 4
437.5 0 3 50 69.55231489821654 2
437.5 1 1 57 81.56692487840029 2
439.5 0 1 57 81.56692487840029 2
439.5 1 3 48 35.883264276706896 2
440.5 1 4 45 69.16294361376328 8
441.5 0 3 48 35.883264276706896 2
442.0 1 0 69 80.50675553954241 1
443.0 0 0 69 80.50675553954241 1
444.0 1 2 57 81.70378310214375 3.5
445.5 1 3 50 69.55231489821654 2
447.5 0 2 57 81.70378310214375 3.5
447.5 0 3 50 69.55231489821654 2
447.5 1 1 57 81.56692487840029 2
448.5 0 4 45 69.16294361376328 8
449.5 0 1 57 81.56692487840029 2
450.0 1 3 48 35.883264276706896 2
450.5 1 4 45 69.16294361376328 8
452.0 0 3 48 35.883264276706896 2
454.0 1 2 57 81.70378310214375 4
456.0 1 3 50 69.55231489821654 2
458.0 0 2 57 81.70378310214375 4
458.0 0 3 50 69.55231489821654 2
458.5 0 4 45 69.16294361376328 8
460.0 1 3 48 35.883264276706896 2
461.0 1 4 45 69.16294361376328 8
462.0 0 3 48 35.883264276706896 2
466.0 1 3 50 69.55231489821654 2
468.0 0 3 50 69.55231489821654 2
469.0 0 4 45 69.16294361376328 8
471.0 1 4 45 69.16294361376328 8
479.0 0 4 45 69.16294361376328 8
481.5 1 0 79 100.85830903790087 1
482.5 0 0 79 100.85830903790087 1
484.5 1 1 67 90.68862973760935 2
485.5 1 0 69 126.99999999999999 1
486.5 0 1 67 90.68862973760935 2
486.5 0 0 69 126.99999999999999 1
487.0 1 0 60 102.85481049562681 1
487.5 1 1 57 106.28629737609329 2
488.0 0 0 60 102.85481049562681 1
488.5 1 1 45 92.31078717201167 1.5
489.0 1 0 60 52.692711370262394 1
489.5 0 1 57 106.28629737609329 2
490.0 0 1 45 92.31078717201167 1.5
490.0 0 0 60 52.692711370262394 1
490.0 1 1 45 92.31078717201167 2
491.5 1 1 43 62.86239067055393 0.5
492.0 0 1 45 92.31078717201167 2
492.0 0 1 43 62.86239067055393 0.5
492.0 1 1 43 62.86239067055393 2
494.0 0 1 43 62.86239067055393 2
494.0 1 0 67 26.92536443148688 1
495.0 0 0 67 26.92536443148688 1
496.0 1 1 52 47.45189504373177 1.5
497.5 0 1 52 47.45189504373177 1.5
497.5 1 1 52 47.45189504373177 2
499.5 0 1 52 47.45189504373177 2
501.5 1 1 67 90.68862973760935 2
502.0 1 0 84 52.94227405247815 1
503.0 0 0 84 52.94227405247815 1
503.5 0 1 67 90.68862973760935 2
506.0 1 1 64 60.7411078717201 2
508.0 0 1 64 60.7411078717201 2
510.5 1 1 52 47.45189504373177 2
511.0 1 0 79 20.0 1
512.0 0 0 79 20.0 1
512.5 0 1 52 47.45189504373177 2
515.0 1 1 64 60.7411078717201 2
517.0 0 1 64 60.7411078717201 2
519.5 1 1 52 47.45189504373177 2
521.0 1 0 79 46.70320699708455 1
521.5 0 1 52 47.45189504373177 2
522.0 0 0 79 46.70320699708455 1
525.0 1 1 64 60.7411078717201 2
527.0 0 1 64 60.7411078717201 2
529.5 1 1 52 47.45189504373177 2
531.5 0 1 52 47.45189504373177 2
