12.5
16.0
20.0
26.0
32.0
38.0
42.0
46.0
49.5
52.5
56.0
59.0
61.0
63.0
65.0
70.0
75.0
80.0
80.0
81.5
83.0
85.5
88.5
91.0
92.0
93.5
95.0
97.5
99.0
100.5
102.0
103.5
105.5
108.0
111.0
113.5
118.5
122.5
127.0
133.0
138.5
144.0
151.0
158.0
164.5
170.0
176.0
182.0
184.5
187.0
190.0
194.5
199.0
202.5
214.0
220.0
224.0
230.0
234.5
240.5
242.5
248.5
250.0
256.0
258.0
264.0
267.0
273.0
276.0
282.0
284.5
290.5
293.5
299.5
302.0
308.0
310.5
316.5
321.5
327.5
332.5
338.5
343.5
349.5
352.0
358.0
360.5
366.5
369.5
375.5
379.0
385.0
387.5
393.5
396.5
402.5
407.5
413.5
418.5
424.5
429.5
435.5
439.5
445.5
450.0
456.0
460.0
466.0
