3.5
7.0
11.0
17.0
23.0
29.0
33.0
37.0
40.5
43.5
47.0
50.0
52.0
54.0
56.0
61.0
66.0
71.0
72.0
73.5
75.0
77.5
80.5
83.0
84.0
85.5
87.0
89.0
90.5
92.0
93.5
95.0
97.0
99.5
102.5
105.0
109.0
113.0
117.5
123.5
129.0
134.5
141.5
148.5
155.0
161.0
167.0
173.0
175.5
178.0
181.0
185.5
190.0
193.5
203.0
213.0
223.5
231.5
239.0
247.0
256.0
265.0
273.5
282.0
290.5
299.0
310.0
321.0
332.0
340.5
349.0
358.0
366.5
375.0
384.0
395.0
406.0
417.0
427.0
437.5
447.5
484.5
487.5
487.5
488.5
490.0
491.5
492.0
496.0
497.5
501.5
506.0
510.5
515.0
519.5
525.0
529.5
