111.36732120338677
111.17456314177625
105.62313096739325
111.17456314177625
109.02723833543504
117.63195820572871
109.02723833543504
111.17456314177625
96.77168077823814
103.86903260673752
109.02723833543504
96.77168077823814
82.61360115294542
109.49756800576472
108.9000180147721
96.77168077823814
82.61360115294542
109.02723833543504
109.49756800576472
82.61360115294542
115.95496306971715
96.77168077823814
109.02723833543504
81.80787245541345
109.49756800576472
82.61360115294542
127.0
81.80787245541345
96.77168077823814
109.02723833543504
120.94546928481354
120.58115654836966
81.80787245541345
82.61360115294542
109.02723833543504
120.94546928481354
121.31363718248963
96.77168077823814
120.94546928481354
109.02723833543504
81.80787245541345
79.60079264997296
96.77168077823814
82.61360115294542
83.0511619528013
109.02723833543504
79.27310394523508
96.77168077823814
82.61360115294542
83.0511619528013
96.61747432894974
81.80787245541345
83.34029904521708
96.77168077823814
83.0511619528013
82.61360115294542
103.13655197261754
96.61747432894974
103.56061970816069
100.36083588542604
96.77168077823814
81.80787245541345
96.61747432894974
82.61360115294542
103.56061970816069
110.69266798774994
96.61747432894974
96.77168077823814
103.56061970816069
82.61360115294542
81.80787245541345
96.61747432894974
109.65177445505313
96.77168077823814
96.61747432894974
82.61360115294542
96.77168077823814
102.71248423707439
81.80787245541345
98.72239236173661
96.77168077823814
82.61360115294542
96.61747432894974
81.80787245541345
96.77168077823814
82.61360115294542
102.71248423707439
82.61360115294542
81.80787245541345
102.90524229868491
82.61360115294542
96.61747432894974
96.77168077823814
86.34732480634119
102.71248423707439
81.80787245541345
83.76436678076021
77.73103945235093
83.76436678076021
81.93316519546026
82.61360115294542
81.80787245541345
96.61747432894974
93.94392001441182
96.77168077823814
83.76436678076021
82.58854260493604
93.94392001441182
81.80787245541345
89.00738605656638
93.94392001441182
81.80787245541345
94.01909565843991
82.61360115294542
96.77168077823814
96.77168077823814
93.94392001441182
81.80787245541345
89.00738605656638
87.88938929922536
96.77168077823814
103.86903260673752
96.77168077823814
89.00738605656638
93.94392001441182
105.6424067735543
82.61360115294542
82.61360115294542
111.09745991713204
81.80787245541345
96.77168077823814
105.6424067735543
93.94392001441182
82.61360115294542
107.9362277067195
93.94392001441182
105.6424067735543
82.61360115294542
64.68131868131869
93.94392001441182
96.77168077823814
60.2093316519546
58.51306070978202
93.94392001441182
82.61360115294542
81.80787245541345
55.56386236714105
58.51306070978202
96.77168077823814
38.81318681318681
96.77168077823814
58.51306070978202
49.00816069176725
82.61360115294542
32.240136912268056
96.77168077823814
36.96270942172581
49.00816069176725
96.77168077823814
36.96270942172581
49.00816069176725
82.61360115294542
81.80787245541345
81.80787245541345
33.74364979283012
82.61360115294542
49.00816069176725
81.80787245541345
36.96270942172581
46.19774815348586
82.61360115294542
61.115294541524044
49.00816069176725
81.80787245541345
46.19774815348586
82.61360115294542
54.40731399747793
49.00816069176725
46.19774815348586
81.80787245541345
49.85822374346964
61.49695550351288
46.19774815348586
54.40731399747793
49.00816069176725
61.49695550351288
55.04341560079265
46.19774815348586
81.80787245541345
61.49695550351288
54.40731399747793
46.19774815348586
49.00816069176725
61.49695550351288
81.80787245541345
24.87677895874617
81.80787245541345
61.49695550351288
46.19774815348586
49.00816069176725
81.80787245541345
30.640245000900734
61.49695550351288
81.80787245541345
33.358133669609074
46.19774815348586
61.49695550351288
85.19655917852639
30.640245000900734
41.027976941091694
46.19774815348586
85.19655917852639
28.365699873896595
61.49695550351288
85.19655917852639
85.19655917852639
41.027976941091694
30.640245000900734
61.49695550351288
85.19655917852639
46.19774815348586
85.19655917852639
49.04863988470545
41.027976941091694
46.19774815348586
61.49695550351288
85.19655917852639
51.7665285534138
85.19655917852639
54.54224464060529
61.49695550351288
46.19774815348586
41.027976941091694
85.19655917852639
51.7665285534138
61.49695550351288
57.183030084669426
46.19774815348586
41.027976941091694
85.19655917852639
51.7665285534138
61.49695550351288
85.19655917852639
33.24247883264276
46.19774815348586
41.027976941091694
35.76760943974058
85.19655917852639
61.49695550351288
46.19774815348586
41.16483516483517
41.027976941091694
85.19655917852639
61.49695550351288
35.76760943974058
46.19774815348586
30.19690145919654
41.027976941091694
85.19655917852639
35.76760943974058
61.49695550351288
47.371644748693924
46.19774815348586
85.19655917852639
41.027976941091694
40.37452711223203
61.49695550351288
35.63267879661322
46.19774815348586
38.19828859664925
85.19655917852639
40.37452711223203
61.49695550351288
39.27580616105206
46.19774815348586
38.19828859664925
85.19655917852639
40.37452711223203
39.41073680417942
61.49695550351288
41.02990452170779
36.8856061970816
46.19774815348586
38.19828859664925
41.02990452170779
48.23905602594127
38.19828859664925
85.19655917852639
61.49695550351288
41.02990452170779
38.19828859664925
46.19774815348586
22.216717708520985
46.19774815348586
38.19828859664925
85.19655917852639
23.893712844532516
61.49695550351288
46.19774815348586
20.0
61.49695550351288
38.19828859664925
46.19774815348586
23.893712844532516
85.19655917852639
22.216717708520985
61.49695550351288
23.893712844532516
38.19828859664925
61.49695550351288
46.19774815348586
85.19655917852639
38.19828859664925
62.50315258511979
61.49695550351288
46.19774815348586
85.19655917852639
85.19655917852639
46.19774815348586
62.21401549270401
61.49695550351288
85.19655917852639
61.49695550351288
55.12051882543685
68.46323185011708
85.19655917852639
62.21401549270401
85.19655917852639
46.00306251125923
85.19655917852639
65.85714285714286
68.46323185011708
69.55231489821654
62.21401549270401
46.00306251125923
69.16294361376328
64.31507836425868
68.46323185011708
69.55231489821654
60.594847775175644
54.098901098901095
46.00306251125923
69.16294361376328
68.46323185011708
60.594847775175644
69.55231489821654
59.34192037470726
46.00306251125923
68.46323185011708
69.16294361376328
60.594847775175644
69.55231489821654
46.00306251125923
80.15979102864348
68.46323185011708
69.16294361376328
69.55231489821654
81.29706359214556
46.00306251125923
85.36425869212755
69.16294361376328
68.46323185011708
69.55231489821654
81.29706359214556
46.00306251125923
84.90163934426229
69.16294361376328
68.46323185011708
69.55231489821654
81.29706359214556
46.00306251125923
44.73085930462979
69.16294361376328
68.46323185011708
69.55231489821654
45.193478652495045
46.00306251125923
45.23203026481715
69.16294361376328
57.45867411277247
69.55231489821654
45.193478652495045
45.32840929562241
39.33363357953522
69.16294361376328
57.45867411277247
45.193478652495045
69.55231489821654
45.32840929562241
50.62925598991173
69.16294361376328
57.45867411277247
69.55231489821654
56.48910106287155
45.32840929562241
69.16294361376328
62.69591064673031
57.45867411277247
69.55231489821654
56.48910106287155
45.32840929562241
69.16294361376328
55.60241397946315
57.45867411277247
69.55231489821654
56.48910106287155
45.32840929562241
69.16294361376328
57.375788146279945
57.45867411277247
69.55231489821654
56.720410736804176
45.32840929562241
69.16294361376328
62.21401549270401
57.45867411277247
56.720410736804176
69.55231489821654
45.32840929562241
50.14736083588542
69.16294361376328
57.45867411277247
69.55231489821654
56.720410736804176
45.32840929562241
94.21185372005043
69.16294361376328
57.45867411277247
69.55231489821654
93.9805440461178
45.32840929562241
94.19257791388937
69.16294361376328
81.70378310214375
93.9805440461178
69.55231489821654
99.82111331291658
35.883264276706896
69.16294361376328
81.70378310214375
93.9805440461178
69.55231489821654
35.883264276706896
89.89407313997476
69.16294361376328
81.70378310214375
69.55231489821654
83.57160871914968
35.883264276706896
69.16294361376328
83.91857323004864
81.70378310214375
69.55231489821654
83.57160871914968
35.883264276706896
69.16294361376328
77.84669428931723
81.70378310214375
69.55231489821654
83.57160871914968
35.883264276706896
69.16294361376328
88.08214736083588
81.70378310214375
69.55231489821654
81.56692487840029
35.883264276706896
69.16294361376328
76.0540443163394
81.70378310214375
69.55231489821654
81.56692487840029
35.883264276706896
69.16294361376328
80.50675553954241
81.70378310214375
69.55231489821654
81.56692487840029
35.883264276706896
69.16294361376328
81.70378310214375
69.55231489821654
35.883264276706896
69.16294361376328
69.55231489821654
69.16294361376328
100.85830903790087
90.68862973760935
126.99999999999999
102.85481049562681
106.28629737609329
106.28629737609329
92.31078717201167
52.692711370262394
92.31078717201167
62.86239067055393
62.86239067055393
26.92536443148688
47.45189504373177
47.45189504373177
90.68862973760935
52.94227405247815
60.7411078717201
47.45189504373177
20.0
60.7411078717201
47.45189504373177
46.70320699708455
60.7411078717201
47.45189504373177
