111.36732120338677
105.62313096739325
117.63195820572871
103.86903260673752
108.9000180147721
115.95496306971715
127.0
120.58115654836966
121.31363718248963
79.60079264997296
79.27310394523508
83.34029904521708
103.13655197261754
100.36083588542604
110.69266798774994
109.65177445505313
98.72239236173661
102.90524229868491
86.34732480634119
77.73103945235093
81.93316519546026
82.58854260493604
94.01909565843991
87.88938929922536
103.86903260673752
111.09745991713204
107.9362277067195
64.68131868131869
60.2093316519546
55.56386236714105
38.81318681318681
32.240136912268056
33.74364979283012
61.115294541524044
49.85822374346964
55.04341560079265
24.87677895874617
33.358133669609074
28.365699873896595
49.04863988470545
54.54224464060529
57.183030084669426
33.24247883264276
41.16483516483517
30.19690145919654
47.371644748693924
35.63267879661322
39.27580616105206
39.41073680417942
36.8856061970816
48.23905602594127
22.216717708520985
20.0
22.216717708520985
62.50315258511979
55.12051882543685
65.85714285714286
64.31507836425868
54.098901098901095
59.34192037470726
80.15979102864348
85.36425869212755
84.90163934426229
44.73085930462979
45.23203026481715
39.33363357953522
50.62925598991173
62.69591064673031
55.60241397946315
57.375788146279945
62.21401549270401
50.14736083588542
94.21185372005043
94.19257791388937
99.82111331291658
89.89407313997476
83.91857323004864
77.84669428931723
88.08214736083588
76.0540443163394
80.50675553954241
100.85830903790087
126.99999999999999
102.85481049562681
52.692711370262394
26.92536443148688
52.94227405247815
20.0
46.70320699708455
