2.5 1 0 79 100.85830903790087 1
3.5 0 0 79 100.85830903790087 1
4.0 1 0 69 126.99999999999999 1
5.0 0 0 69 126.99999999999999 1
5.0 1 0 60 102.85481049562681 1
5.5 1 1 67 90.68862973760935 2
6.0 0 0 60 102.85481049562681 1
6.0 1 1 57 106.28629737609329 2
6.5 1 1 45 92.31078717201167 2
7.0 1 0 60 52.692711370262394 1
7.5 0 1 67 90.68862973760935 2
8.0 0 1 57 106.28629737609329 2
8.0 0 0 60 52.692711370262394 1
8.5 0 1 45 92.31078717201167 2
8.5 1 1 57 106.28629737609329 2
8.5 1 1 45 92.31078717201167 2
9.5 1 1 43 62.86239067055393 0.5
10.0 0 1 43 62.86239067055393 0.5
10.0 1 1 43 62.86239067055393 2
10.5 0 1 57 106.28629737609329 2
10.5 0 1 45 92.31078717201167 2
11.0 1 0 67 26.92536443148688 1
12.0 0 1 43 62.86239067055393 2
12.0 0 0 67 26.92536443148688 1
14.0 1 1 52 47.45189504373177 0.5
14.5 0 1 52 47.45189504373177 0.5
14.5 1 1 52 47.45189504373177 2
16.0 1 0 84 52.94227405247815 1
16.5 0 1 52 47.45189504373177 2
17.0 0 0 84 52.94227405247815 1
18.5 1 1 67 90.68862973760935 2
20.0 1 1 64 60.7411078717201 2
20.5 0 1 67 90.68862973760935 2
21.0 1 0 79 20.0 1
22.0 0 1 64 60.7411078717201 2
22.0 0 0 79 20.0 1
24.5 1 1 52 47.45189504373177 2
25.0 1 1 64 60.7411078717201 2
26.5 0 1 52 47.45189504373177 2
27.0 0 1 64 60.7411078717201 2
27.0 1 0 79 46.70320699708455 1
28.0 0 0 79 46.70320699708455 1
29.5 1 1 52 47.45189504373177 2
31.0 1 1 64 60.7411078717201 2
31.5 0 1 52 47.45189504373177 2
33.0 0 1 64 60.7411078717201 2
35.5 1 1 52 47.45189504373177 2
37.5 0 1 52 47.45189504373177 2
40.0 1 0 79 100.85830903790087 1
41.0 0 0 79 100.85830903790087 1
41.5 1 0 69 126.99999999999999 1
42.5 0 0 69 126.99999999999999 1
42.5 1 0 60 102.85481049562681 1
43.0 1 1 67 90.68862973760935 2
43.5 0 0 60 102.85481049562681 1
43.5 1 1 57 106.28629737609329 2
44.0 1 1 45 92.31078717201167 2
44.5 1 0 60 52.692711370262394 1
45.0 0 1 67 90.68862973760935 2
45.5 0 1 57 106.28629737609329 2
45.5 0 0 60 52.692711370262394 1
46.0 0 1 45 92.31078717201167 2
46.0 1 1 57 106.28629737609329 2
46.0 1 1 45 92.31078717201167 2
47.0 1 1 43 62.86239067055393 0.5
47.5 0 1 43 62.86239067055393 0.5
47.5 1 1 43 62.86239067055393 2
48.0 0 1 57 106.28629737609329 2
48.0 0 1 45 92.31078717201167 2
48.5 1 0 67 26.92536443148688 1
49.5 0 1 43 62.86239067055393 2
49.5 0 0 67 26.92536443148688 1
51.5 1 1 52 47.45189504373177 0.5
52.0 0 1 52 47.45189504373177 0.5
52.0 1 1 52 47.45189504373177 2
53.5 1 0 84 52.94227405247815 1
54.0 0 1 52 47.45189504373177 2
54.5 0 0 84 52.94227405247815 1
56.0 1 1 67 90.68862973760935 2
57.5 1 1 64 60.7411078717201 2
58.0 0 1 67 90.68862973760935 2
58.5 1 0 79 20.0 1
59.5 0 1 64 60.7411078717201 2
59.5 0 0 79 20.0 1
62.0 1 1 52 47.45189504373177 2
62.5 1 1 64 60.7411078717201 2
64.0 0 1 52 47.45189504373177 2
64.5 0 1 64 60.7411078717201 2
64.5 1 0 79 46.70320699708455 1
65.5 0 0 79 46.70320699708455 1
67.0 1 1 52 47.45189504373177 2
68.5 1 1 64 60.7411078717201 2
69.0 0 1 52 47.45189504373177 2
70.5 0 1 64 60.7411078717201 2
73.0 1 1 52 47.45189504373177 2
75.0 0 1 52 47.45189504373177 2
77.5 1 0 79 100.85830903790087 1
78.5 0 0 79 100.85830903790087 1
79.0 1 0 69 126.99999999999999 1
80.0 0 0 69 126.99999999999999 1
80.0 1 0 60 102.85481049562681 1
80.5 1 1 67 90.68862973760935 2
81.0 0 0 60 102.85481049562681 1
81.0 1 1 57 106.28629737609329 2
81.5 1 1 45 92.31078717201167 2
82.0 1 0 60 52.692711370262394 1
82.5 0 1 67 90.68862973760935 2
83.0 0 1 57 106.28629737609329 2
83.0 0 0 60 52.692711370262394 1
83.5 0 1 45 92.31078717201167 2
83.5 1 1 57 106.28629737609329 2
83.5 1 1 45 92.31078717201167 2
84.5 1 1 43 62.86239067055393 0.5
85.0 0 1 43 62.86239067055393 0.5
85.0 1 1 43 62.86239067055393 2
85.5 0 1 57 106.28629737609329 2
85.5 0 1 45 92.31078717201167 2
86.0 1 0 67 26.92536443148688 1
87.0 0 1 43 62.86239067055393 2
87.0 0 0 67 26.92536443148688 1
89.0 1 1 52 47.45189504373177 0.5
89.5 0 1 52 47.45189504373177 0.5
89.5 1 1 52 47.45189504373177 2
91.0 1 0 84 52.94227405247815 1
91.5 0 1 52 47.45189504373177 2
92.0 0 0 84 52.94227405247815 1
93.5 1 1 67 90.68862973760935 2
95.0 1 1 64 60.7411078717201 2
95.5 0 1 67 90.68862973760935 2
96.0 1 0 79 20.0 1
97.0 0 1 64 60.7411078717201 2
97.0 0 0 79 20.0 1
99.5 1 1 52 47.45189504373177 2
100.0 1 1 64 60.7411078717201 2
101.5 0 1 52 47.45189504373177 2
102.0 0 1 64 60.7411078717201 2
102.0 1 0 79 46.70320699708455 1
103.0 0 0 79 46.70320699708455 1
104.5 1 1 52 47.45189504373177 2
106.0 1 1 64 60.7411078717201 2
106.5 0 1 52 47.45189504373177 2
108.0 0 1 64 60.7411078717201 2
110.5 1 1 52 47.45189504373177 2
112.5 0 1 52 47.45189504373177 2
129.5 1 0 72 111.36732120338677 1
130.5 0 0 72 111.36732120338677 1
132.0 1 0 74 105.62313096739325 1
132.0 1 1 62 111.17456314177625 2
133.0 0 0 74 105.62313096739325 1
134.0 0 1 62 111.17456314177625 2
134.5 1 0 74 117.63195820572871 1
134.5 1 1 62 111.17456314177625 2
135.5 0 0 74 117.63195820572871 1
135.5 1 2 50 109.02723833543504 2.5
136.5 0 1 62 111.17456314177625 2
137.0 1 1 62 111.17456314177625 2
138.0 0 2 50 109.02723833543504 2.5
138.0 1 0 69 103.86903260673752 1
138.0 1 2 50 109.02723833543504 2.5
139.0 0 1 62 111.17456314177625 2
139.0 0 0 69 103.86903260673752 1
140.5 0 2 50 109.02723833543504 2.5
140.5 1 2 50 109.02723833543504 4
141.0 1 3 43 96.77168077823814 2
141.5 1 0 67 108.9000180147721 1
141.5 1 1 57 109.49756800576472 2
142.5 0 0 67 108.9000180147721 1
143.0 0 3 43 96.77168077823814 2
143.5 0 1 57 109.49756800576472 2
143.5 1 3 43 96.77168077823814 1.5
144.5 0 2 50 109.02723833543504 4
145.0 0 3 43 96.77168077823814 1.5
145.0 1 0 69 115.95496306971715 1
145.0 1 1 57 109.49756800576472 2
145.0 1 2 50 109.02723833543504 3.5
145.0 1 4 43 82.61360115294542 1.0
146.0 0 0 69 115.95496306971715 1
146.0 0 4 43 82.61360115294542 1.0
146.0 1 3 43 96.77168077823814 1.5
147.0 0 1 57 109.49756800576472 2
147.5 0 3 43 96.77168077823814 1.5
147.5 1 0 67 127.0 1
147.5 1 4 43 82.61360115294542 2.5
148.5 0 2 50 109.02723833543504 3.5
148.5 0 0 67 127.0 1
148.5 1 1 57 109.49756800576472 2
148.5 1 2 50 109.02723833543504 1.5
150.0 0 4 43 82.61360115294542 2.5
150.0 0 2 50 109.02723833543504 1.5
150.0 1 0 64 120.58115654836966 1
150.0 1 1 50 120.94546928481354 2
150.0 1 4 43 82.61360115294542 0.5
150.5 0 1 57 109.49756800576472 2
150.5 0 4 43 82.61360115294542 0.5
150.5 1 3 43 96.77168077823814 2
151.0 0 0 64 120.58115654836966 1
152.0 0 1 50 120.94546928481354 2
152.0 1 0 67 121.31363718248963 1
152.0 1 2 50 109.02723833543504 0.5
152.5 0 3 43 96.77168077823814 2
152.5 0 2 50 109.02723833543504 0.5
152.5 1 1 50 120.94546928481354 1.0
153.0 0 0 67 121.31363718248963 1
153.5 0 1 50 120.94546928481354 1.0
153.5 1 2 50 109.02723833543504 1.0
154.0 1 3 43 96.77168077823814 0.5
154.5 0 2 50 109.02723833543504 1.0
154.5 0 3 43 96.77168077823814 0.5
154.5 1 0 62 79.60079264997296 1
154.5 1 1 50 120.94546928481354 1.5
154.5 1 4 43 82.61360115294542 3.0
155.5 0 0 62 79.60079264997296 1
156.0 0 1 50 120.94546928481354 1.5
156.0 1 2 50 109.02723833543504 2.0
156.0 1 5 31 81.80787245541345 2.5
156.5 1 0 62 79.27310394523508 1
156.5 1 1 40 83.0511619528013 2
157.5 0 4 43 82.61360115294542 3.0
157.5 0 0 62 79.27310394523508 1
157.5 1 3 43 96.77168077823814 0.5
158.0 0 2 50 109.02723833543504 2.0
158.0 0 3 43 96.77168077823814 0.5
158.0 1 2 50 109.02723833543504 4
158.0 1 4 43 82.61360115294542 1.0
158.5 0 5 31 81.80787245541345 2.5
158.5 0 1 40 83.0511619528013 2
158.5 1 0 60 83.34029904521708 1
158.5 1 1 40 83.0511619528013 1.5
158.5 1 5 31 81.80787245541345 2.5
159.0 0 4 43 82.61360115294542 1.0
159.0 1 3 43 96.77168077823814 2
159.5 0 0 60 83.34029904521708 1
160.0 0 1 40 83.0511619528013 1.5
160.0 1 0 60 103.13655197261754 1
160.0 1 2 40 96.61747432894974 0.5
160.5 0 2 40 96.61747432894974 0.5
160.5 1 1 40 83.0511619528013 1.0
161.0 0 5 31 81.80787245541345 2.5
161.0 0 3 43 96.77168077823814 2
161.0 0 0 60 103.13655197261754 1
161.0 1 5 31 81.80787245541345 4.5
161.5 0 1 40 83.0511619528013 1.0
161.5 1 0 62 100.36083588542604 1
161.5 1 1 40 103.56061970816069 0.5
161.5 1 4 43 82.61360115294542 1.5
162.0 0 2 50 109.02723833543504 4
162.0 0 1 40 103.56061970816069 0.5
162.0 1 2 40 96.61747432894974 1.0
162.5 0 0 62 100.36083588542604 1
163.0 0 4 43 82.61360115294542 1.5
163.0 0 2 40 96.61747432894974 1.0
163.0 1 0 62 110.69266798774994 1
163.0 1 1 40 103.56061970816069 1.0
163.0 1 4 43 82.61360115294542 0.5
163.5 0 4 43 82.61360115294542 0.5
163.5 1 3 43 96.77168077823814 2
164.0 0 0 62 110.69266798774994 1
164.0 0 1 40 103.56061970816069 1.0
164.0 1 2 40 96.61747432894974 0.5
164.5 0 2 40 96.61747432894974 0.5
164.5 1 1 40 103.56061970816069 0.5
165.0 0 1 40 103.56061970816069 0.5
165.0 1 2 40 96.61747432894974 1.5
165.5 0 5 31 81.80787245541345 4.5
165.5 0 3 43 96.77168077823814 2
165.5 1 4 43 82.61360115294542 2.0
165.5 1 5 31 81.80787245541345 3.5
166.0 1 0 62 109.65177445505313 1
166.5 0 2 40 96.61747432894974 1.5
166.5 1 2 40 96.61747432894974 1.5
167.0 0 0 62 109.65177445505313 1
167.5 0 4 43 82.61360115294542 2.0
167.5 1 4 43 82.61360115294542 2.0
168.0 0 2 40 96.61747432894974 1.5
168.0 1 2 40 96.61747432894974 1.0
169.0 0 5 31 81.80787245541345 3.5
169.0 0 2 40 96.61747432894974 1.0
169.0 1 0 64 98.72239236173661 1
169.0 1 1 40 102.71248423707439 2
169.0 1 5 31 81.80787245541345 3.5
169.5 0 4 43 82.61360115294542 2.0
169.5 1 4 43 82.61360115294542 1.0
170.0 0 0 64 98.72239236173661 1
170.5 0 4 43 82.61360115294542 1.0
170.5 1 3 43 96.77168077823814 1.0
171.0 0 1 40 102.71248423707439 2
171.5 0 3 43 96.77168077823814 1.0
171.5 1 4 43 82.61360115294542 0.5
172.0 0 4 43 82.61360115294542 0.5
172.0 1 0 60 102.90524229868491 1
172.0 1 3 43 96.77168077823814 1.5
172.0 1 1 40 102.71248423707439 0.5
172.5 0 5 31 81.80787245541345 3.5
172.5 0 1 40 102.71248423707439 0.5
172.5 1 2 40 96.61747432894974 2.5
172.5 1 5 31 81.80787245541345 1.5
173.0 0 0 60 102.90524229868491 1
173.0 1 0 64 86.34732480634119 1
173.5 0 3 43 96.77168077823814 1.5
173.5 1 4 43 82.61360115294542 1.0
174.0 0 5 31 81.80787245541345 1.5
174.0 0 0 64 86.34732480634119 1
174.0 1 1 48 83.76436678076021 1.5
174.0 1 5 31 81.80787245541345 2.5
174.5 0 4 43 82.61360115294542 1.0
174.5 1 0 64 77.73103945235093 1
174.5 1 4 43 82.61360115294542 1.5
175.0 0 2 40 96.61747432894974 2.5
175.0 1 1 40 102.71248423707439 0.5
175.5 0 1 48 83.76436678076021 1.5
175.5 0 0 64 77.73103945235093 1
175.5 0 1 40 102.71248423707439 0.5
175.5 1 0 67 81.93316519546026 1
175.5 1 1 48 83.76436678076021 1.0
175.5 1 2 40 96.61747432894974 3.0
176.0 0 4 43 82.61360115294542 1.5
176.0 1 4 43 82.61360115294542 1.5
176.5 0 5 31 81.80787245541345 2.5
176.5 0 0 67 81.93316519546026 1
176.5 0 1 48 83.76436678076021 1.0
176.5 1 2 48 93.94392001441182 1.5
176.5 1 5 31 81.80787245541345 2.0
177.5 0 4 43 82.61360115294542 1.5
177.5 1 0 72 82.58854260493604 1
177.5 1 4 43 82.61360115294542 0.5
178.0 0 2 48 93.94392001441182 1.5
178.0 0 4 43 82.61360115294542 0.5
178.0 1 3 43 96.77168077823814 2
178.0 1 2 48 93.94392001441182 1.0
178.5 0 2 40 96.61747432894974 3.0
178.5 0 5 31 81.80787245541345 2.0
178.5 0 0 72 82.58854260493604 1
178.5 1 2 40 96.61747432894974 4
178.5 1 5 31 81.80787245541345 2.0
179.0 0 2 48 93.94392001441182 1.0
179.0 1 1 60 89.00738605656638 2
179.0 1 2 48 93.94392001441182 2.5
179.5 1 0 74 94.01909565843991 1
180.0 0 3 43 96.77168077823814 2
180.5 0 5 31 81.80787245541345 2.0
180.5 0 0 74 94.01909565843991 1
180.5 1 5 31 81.80787245541345 2.0
181.0 0 1 60 89.00738605656638 2
181.0 1 0 72 87.88938929922536 1
181.0 1 3 43 96.77168077823814 1.0
181.0 1 1 60 89.00738605656638 1.5
181.5 0 2 48 93.94392001441182 2.5
181.5 1 2 48 93.94392001441182 2.0
182.0 0 0 72 87.88938929922536 1
182.0 0 3 43 96.77168077823814 1.0
182.0 1 0 69 103.86903260673752 1
182.0 1 4 43 82.61360115294542 1.5
182.5 0 2 40 96.61747432894974 4
182.5 0 5 31 81.80787245541345 2.0
182.5 0 1 60 89.00738605656638 1.5
182.5 1 1 60 89.00738605656638 2
182.5 1 5 31 81.80787245541345 2.0
183.0 0 0 69 103.86903260673752 1
183.0 1 1 52 105.6424067735543 1.5
183.5 0 2 48 93.94392001441182 2.0
183.5 0 4 43 82.61360115294542 1.5
183.5 1 0 69 111.09745991713204 1
183.5 1 3 43 96.77168077823814 0.5
183.5 1 2 48 93.94392001441182 1.5
184.0 0 3 43 96.77168077823814 0.5
184.0 1 3 43 96.77168077823814 0.5
184.5 0 1 60 89.00738605656638 2
184.5 0 5 31 81.80787245541345 2.0
184.5 0 1 52 105.6424067735543 1.5
184.5 0 0 69 111.09745991713204 1
184.5 0 3 43 96.77168077823814 0.5
184.5 1 0 64 107.9362277067195 1
184.5 1 3 43 96.77168077823814 0.5
184.5 1 1 52 105.6424067735543 1.0
184.5 1 5 31 81.80787245541345 1.0
185.0 0 2 48 93.94392001441182 1.5
185.0 0 3 43 96.77168077823814 0.5
185.0 1 2 48 93.94392001441182 0.5
185.0 1 4 43 82.61360115294542 1.0
185.5 0 0 64 107.9362277067195 1
185.5 0 1 52 105.6424067735543 1.0
185.5 0 5 31 81.80787245541345 1.0
185.5 0 2 48 93.94392001441182 0.5
185.5 1 1 52 105.6424067735543 2
185.5 1 2 48 93.94392001441182 1.5
185.5 1 5 31 81.80787245541345 1.5
186.0 0 4 43 82.61360115294542 1.0
186.0 1 0 69 64.68131868131869 1
186.0 1 4 43 82.61360115294542 1.0
187.0 0 2 48 93.94392001441182 1.5
187.0 0 5 31 81.80787245541345 1.5
187.0 0 0 69 64.68131868131869 1
187.0 0 4 43 82.61360115294542 1.0
187.0 1 0 69 60.2093316519546 1
187.0 1 3 43 96.77168077823814 0.5
187.0 1 2 48 93.94392001441182 1.0
187.0 1 5 31 81.80787245541345 1.5
187.5 0 1 52 105.6424067735543 2
187.5 0 3 43 96.77168077823814 0.5
187.5 1 1 55 58.51306070978202 1.0
187.5 1 4 43 82.61360115294542 0.5
188.0 0 0 69 60.2093316519546 1
188.0 0 2 48 93.94392001441182 1.0
188.0 0 4 43 82.61360115294542 0.5
188.0 1 2 48 93.94392001441182 2.5
188.0 1 4 43 82.61360115294542 0.5
188.5 0 5 31 81.80787245541345 1.5
188.5 0 1 55 58.51306070978202 1.0
188.5 0 4 43 82.61360115294542 0.5
188.5 1 0 72 55.56386236714105 1
188.5 1 1 55 58.51306070978202 1.5
188.5 1 4 43 82.61360115294542 0.5
188.5 1 5 31 81.80787245541345 4.5
189.0 0 4 43 82.61360115294542 0.5
189.0 1 3 43 96.77168077823814 1.5
189.5 0 0 72 55.56386236714105 1
189.5 1 0 67 38.81318681318681 1
190.0 0 1 55 58.51306070978202 1.5
190.0 1 1 55 58.51306070978202 2
190.5 0 2 48 93.94392001441182 2.5
190.5 0 3 43 96.77168077823814 1.5
190.5 0 0 67 38.81318681318681 1
190.5 1 3 43 96.77168077823814 0.5
190.5 1 2 48 49.00816069176725 1.0
191.0 0 3 43 96.77168077823814 0.5
191.0 1 0 64 32.240136912268056 1
191.0 1 1 50 36.96270942172581 1.5
191.0 1 4 43 82.61360115294542 1.5
191.5 0 2 48 49.00816069176725 1.0
191.5 1 2 48 49.00816069176725 1.5
192.0 0 1 55 58.51306070978202 2
192.0 0 0 64 32.240136912268056 1
192.5 0 1 50 36.96270942172581 1.5
192.5 0 4 43 82.61360115294542 1.5
192.5 1 0 69 33.74364979283012 1
192.5 1 3 43 96.77168077823814 0.5
192.5 1 1 50 36.96270942172581 1.5
193.0 0 5 31 81.80787245541345 4.5
193.0 0 2 48 49.00816069176725 1.5
193.0 0 3 43 96.77168077823814 0.5
193.0 1 2 48 49.00816069176725 1.0
193.0 1 4 43 82.61360115294542 0.5
193.0 1 5 31 81.80787245541345 3.0
193.5 0 0 69 33.74364979283012 1
193.5 0 4 43 82.61360115294542 0.5
193.5 1 3 43 96.77168077823814 1.0
194.0 0 1 50 36.96270942172581 1.5
194.0 0 2 48 49.00816069176725 1.0
194.0 1 1 50 36.96270942172581 2
194.0 1 2 48 49.00816069176725 1.5
194.5 0 3 43 96.77168077823814 1.0
194.5 1 0 64 61.115294541524044 1
194.5 1 4 43 82.61360115294542 0.5
195.0 0 4 43 82.61360115294542 0.5
195.0 1 4 43 82.61360115294542 1.5
195.5 0 2 48 49.00816069176725 1.5
195.5 0 0 64 61.115294541524044 1
195.5 1 2 48 49.00816069176725 1.5
196.0 0 5 31 81.80787245541345 3.0
196.0 0 1 50 36.96270942172581 2
196.0 1 1 45 54.40731399747793 1.0
196.0 1 5 31 81.80787245541345 1.0
196.5 0 4 43 82.61360115294542 1.5
196.5 1 0 62 49.85822374346964 1
196.5 1 4 43 82.61360115294542 1.0
197.0 0 2 48 49.00816069176725 1.5
197.0 0 1 45 54.40731399747793 1.0
197.0 0 5 31 81.80787245541345 1.0
197.0 1 3 45 46.19774815348586 1.0
197.0 1 2 48 49.00816069176725 2.0
197.0 1 5 31 81.80787245541345 1.5
197.5 0 0 62 49.85822374346964 1
197.5 0 4 43 82.61360115294542 1.0
197.5 1 4 43 82.61360115294542 8
198.0 0 3 45 46.19774815348586 1.0
198.0 1 0 62 55.04341560079265 1
198.0 1 1 45 54.40731399747793 0.5
198.5 0 5 31 81.80787245541345 1.5
198.5 0 1 45 54.40731399747793 0.5
198.5 1 3 45 46.19774815348586 1.0
198.5 1 5 31 81.80787245541345 0.5
199.0 0 2 48 49.00816069176725 2.0
199.0 0 0 62 55.04341560079265 1
199.0 0 5 31 81.80787245541345 0.5
199.0 1 2 48 49.00816069176725 2.0
199.0 1 5 31 81.80787245541345 0.5
199.5 0 3 45 46.19774815348586 1.0
199.5 0 5 31 81.80787245541345 0.5
199.5 1 1 45 54.40731399747793 0.5
199.5 1 5 31 81.80787245541345 2.5
200.0 0 1 45 54.40731399747793 0.5
200.0 1 4 45 61.49695550351288 1.0
200.5 1 0 64 24.87677895874617 1
201.0 0 2 48 49.00816069176725 2.0
201.0 0 4 45 61.49695550351288 1.0
201.0 1 2 48 49.00816069176725 1.5
201.0 1 4 45 61.49695550351288 1.5
201.5 0 0 64 24.87677895874617 1
202.0 0 5 31 81.80787245541345 2.5
202.0 1 5 31 81.80787245541345 2.0
202.5 0 2 48 49.00816069176725 1.5
202.5 0 4 45 61.49695550351288 1.5
202.5 1 2 48 49.00816069176725 4
202.5 1 4 45 61.49695550351288 0.5
203.0 0 4 45 61.49695550351288 0.5
203.0 1 0 62 33.358133669609074 1
203.0 1 1 45 30.640245000900734 0.5
203.5 0 1 45 30.640245000900734 0.5
203.5 1 4 45 61.49695550351288 1.0
204.0 0 5 31 81.80787245541345 2.0
204.0 0 0 62 33.358133669609074 1
204.0 1 5 31 81.80787245541345 1.5
204.5 0 4 45 61.49695550351288 1.0
204.5 1 3 45 46.19774815348586 0.5
205.0 0 3 45 46.19774815348586 0.5
205.0 1 4 45 61.49695550351288 0.5
205.5 0 4 43 82.61360115294542 8
205.5 0 5 31 81.80787245541345 1.5
205.5 0 4 45 61.49695550351288 0.5
205.5 1 1 45 30.640245000900734 1.0
205.5 1 5 31 81.80787245541345 0.5
206.0 0 5 31 81.80787245541345 0.5
206.0 1 0 62 28.365699873896595 1
206.0 1 5 31 81.80787245541345 1.5
206.5 0 2 48 49.00816069176725 4
206.5 0 1 45 30.640245000900734 1.0
206.5 1 4 45 61.49695550351288 0.5
207.0 0 0 62 28.365699873896595 1
207.0 0 4 45 61.49695550351288 0.5
207.0 1 2 45 41.027976941091694 1.0
207.5 0 5 31 81.80787245541345 1.5
207.5 1 5 31 81.80787245541345 1.0
208.0 0 2 45 41.027976941091694 1.0
208.0 1 3 45 46.19774815348586 0.5
208.5 0 5 31 81.80787245541345 1.0
208.5 0 3 45 46.19774815348586 0.5
208.5 1 4 45 61.49695550351288 1.0
208.5 1 5 31 81.80787245541345 16
209.5 0 4 45 61.49695550351288 1.0
209.5 1 0 62 49.04863988470545 1
209.5 1 2 45 41.027976941091694 1.0
210.5 0 0 62 49.04863988470545 1
210.5 0 2 45 41.027976941091694 1.0
210.5 1 4 45 61.49695550351288 1.5
210.5 1 5 40 85.19655917852639 1.0
211.5 0 5 40 85.19655917852639 1.0
211.5 1 5 40 85.19655917852639 1.5
212.0 0 4 45 61.49695550351288 1.5
212.0 1 4 45 61.49695550351288 0.5
212.5 0 4 45 61.49695550351288 0.5
212.5 1 0 62 54.54224464060529 1
212.5 1 2 45 41.027976941091694 2.5
213.0 0 5 40 85.19655917852639 1.5
213.0 1 5 40 85.19655917852639 1.0
213.5 0 0 62 54.54224464060529 1
214.0 0 5 40 85.19655917852639 1.0
214.0 1 5 40 85.19655917852639 1.5
215.0 0 2 45 41.027976941091694 2.5
215.0 1 3 45 46.19774815348586 0.5
215.5 0 5 40 85.19655917852639 1.5
215.5 0 3 45 46.19774815348586 0.5
215.5 1 1 45 51.7665285534138 1.0
215.5 1 5 40 85.19655917852639 1.5
216.0 1 0 64 57.183030084669426 1
216.5 0 1 45 51.7665285534138 1.0
216.5 1 4 45 61.49695550351288 1.5
217.0 0 5 40 85.19655917852639 1.5
217.0 0 0 64 57.183030084669426 1
217.0 1 5 40 85.19655917852639 2.0
218.0 0 4 45 61.49695550351288 1.5
218.0 1 3 45 46.19774815348586 1.0
219.0 0 5 40 85.19655917852639 2.0
219.0 0 3 45 46.19774815348586 1.0
219.0 1 4 45 61.49695550351288 0.5
219.0 1 5 40 85.19655917852639 2.0
219.5 0 4 45 61.49695550351288 0.5
219.5 1 2 45 41.027976941091694 2.5
220.0 1 0 67 33.24247883264276 1
221.0 0 5 40 85.19655917852639 2.0
221.0 0 0 67 33.24247883264276 1
221.0 1 5 40 85.19655917852639 1.5
222.0 0 2 45 41.027976941091694 2.5
222.0 1 4 45 61.49695550351288 1.0
222.5 0 5 40 85.19655917852639 1.5
222.5 1 5 40 85.19655917852639 4.5
223.0 0 4 45 61.49695550351288 1.0
223.0 1 2 45 41.027976941091694 2.0
223.5 1 1 52 35.76760943974058 2
224.0 1 0 69 41.16483516483517 1
224.5 0 5 31 81.80787245541345 16
225.0 0 2 45 41.027976941091694 2.0
225.0 0 0 69 41.16483516483517 1
225.0 1 3 45 46.19774815348586 1.0
225.5 0 1 52 35.76760943974058 2
226.0 0 3 45 46.19774815348586 1.0
226.0 1 4 45 61.49695550351288 1.5
227.0 0 5 40 85.19655917852639 4.5
227.0 1 5 40 85.19655917852639 2.5
227.5 0 4 45 61.49695550351288 1.5
227.5 1 0 69 30.19690145919654 1
227.5 1 1 52 35.76760943974058 2
227.5 1 2 45 41.027976941091694 1.0
228.5 0 0 69 30.19690145919654 1
228.5 0 2 45 41.027976941091694 1.0
228.5 1 3 45 46.19774815348586 0.5
229.0 0 3 45 46.19774815348586 0.5
229.0 1 4 45 61.49695550351288 2.5
229.5 0 5 40 85.19655917852639 2.5
229.5 0 1 52 35.76760943974058 2
229.5 1 5 40 85.19655917852639 3.0
231.0 1 0 76 47.371644748693924 1
231.0 1 1 52 35.76760943974058 2
231.5 0 4 45 61.49695550351288 2.5
231.5 1 2 45 41.027976941091694 1.0
232.0 0 0 76 47.371644748693924 1
232.5 0 5 40 85.19655917852639 3.0
232.5 0 2 45 41.027976941091694 1.0
232.5 1 4 45 61.49695550351288 0.5
232.5 1 5 40 85.19655917852639 4.0
233.0 0 1 52 35.76760943974058 2
233.0 0 4 45 61.49695550351288 0.5
233.0 1 3 45 46.19774815348586 2
234.5 1 0 76 35.63267879661322 1
234.5 1 1 67 40.37452711223203 2
235.0 0 3 45 46.19774815348586 2
235.0 1 2 45 41.027976941091694 2.0
235.5 0 0 76 35.63267879661322 1
236.5 0 5 40 85.19655917852639 4.0
236.5 0 1 67 40.37452711223203 2
236.5 1 5 40 85.19655917852639 3.0
237.0 0 2 45 41.027976941091694 2.0
237.0 1 4 45 61.49695550351288 3.5
238.0 1 0 74 39.27580616105206 1
238.0 1 1 67 40.37452711223203 2
238.0 1 2 55 38.19828859664925 3.5
239.0 0 0 74 39.27580616105206 1
239.5 0 5 40 85.19655917852639 3.0
239.5 1 0 74 39.41073680417942 1
239.5 1 5 40 85.19655917852639 3.5
240.0 0 1 67 40.37452711223203 2
240.5 0 4 45 61.49695550351288 3.5
240.5 0 0 74 39.41073680417942 1
240.5 1 3 45 46.19774815348586 0.5
241.0 0 3 45 46.19774815348586 0.5
241.0 1 4 45 61.49695550351288 2.5
241.5 0 2 55 38.19828859664925 3.5
241.5 1 0 76 36.8856061970816 1
241.5 1 1 67 41.02990452170779 2
241.5 1 2 55 38.19828859664925 3.5
242.5 0 0 76 36.8856061970816 1
243.0 0 5 40 85.19655917852639 3.5
243.0 1 5 40 85.19655917852639 4.5
243.5 0 4 45 61.49695550351288 2.5
243.5 0 1 67 41.02990452170779 2
243.5 1 0 76 48.23905602594127 1
243.5 1 3 45 46.19774815348586 1.0
243.5 1 1 67 41.02990452170779 2
244.5 0 0 76 48.23905602594127 1
244.5 0 3 45 46.19774815348586 1.0
244.5 1 4 45 61.49695550351288 2.5
245.0 0 2 55 38.19828859664925 3.5
245.0 1 2 55 38.19828859664925 2.0
245.5 0 1 67 41.02990452170779 2
245.5 1 1 67 41.02990452170779 2
246.5 1 0 69 22.216717708520985 1
247.0 0 4 45 61.49695550351288 2.5
247.0 0 2 55 38.19828859664925 2.0
247.0 1 3 45 46.19774815348586 0.5
247.0 1 2 55 38.19828859664925 2.0
247.5 0 5 40 85.19655917852639 4.5
247.5 0 1 67 41.02990452170779 2
247.5 0 0 69 22.216717708520985 1
247.5 0 3 45 46.19774815348586 0.5
247.5 1 4 45 61.49695550351288 3.0
247.5 1 5 40 85.19655917852639 4.0
249.0 0 2 55 38.19828859664925 2.0
249.0 1 0 74 20.0 1
249.0 1 1 60 23.893712844532516 2
249.0 1 2 55 38.19828859664925 3.5
250.0 0 0 74 20.0 1
250.5 0 4 45 61.49695550351288 3.0
250.5 1 3 45 46.19774815348586 0.5
251.0 0 1 60 23.893712844532516 2
251.0 0 3 45 46.19774815348586 0.5
251.0 1 0 69 22.216717708520985 1
251.0 1 4 45 61.49695550351288 1.5
251.5 0 5 40 85.19655917852639 4.0
251.5 1 1 60 23.893712844532516 2
251.5 1 5 40 85.19655917852639 3.5
252.0 0 0 69 22.216717708520985 1
252.5 0 2 55 38.19828859664925 3.5
252.5 0 4 45 61.49695550351288 1.5
252.5 1 3 45 46.19774815348586 2
252.5 1 2 55 38.19828859664925 2.5
253.5 0 1 60 23.893712844532516 2
253.5 1 1 60 23.893712844532516 2
254.5 0 3 45 46.19774815348586 2
254.5 1 4 45 61.49695550351288 2.0
255.0 0 5 40 85.19655917852639 3.5
255.0 0 2 55 38.19828859664925 2.5
255.0 1 2 55 38.19828859664925 2.0
255.0 1 5 40 85.19655917852639 3.0
255.5 0 1 60 23.893712844532516 2
256.5 0 4 45 61.49695550351288 2.0
256.5 1 0 84 62.50315258511979 1
256.5 1 4 45 61.49695550351288 1.5
257.0 0 2 55 38.19828859664925 2.0
257.0 1 2 55 38.19828859664925 4
257.5 0 0 84 62.50315258511979 1
258.0 0 5 40 85.19655917852639 3.0
258.0 0 4 45 61.49695550351288 1.5
258.0 1 3 45 46.19774815348586 0.5
258.0 1 5 40 85.19655917852639 3.5
258.5 0 3 45 46.19774815348586 0.5
258.5 1 4 45 61.49695550351288 2.0
260.5 0 4 45 61.49695550351288 2.0
260.5 1 3 45 46.19774815348586 1.5
261.0 0 2 55 38.19828859664925 4
261.5 0 5 40 85.19655917852639 3.5
261.5 1 5 40 85.19655917852639 3.5
262.0 0 3 45 46.19774815348586 1.5
262.0 1 0 81 55.12051882543685 1
262.0 1 1 79 62.21401549270401 2
262.0 1 4 45 61.49695550351288 0.5
262.5 0 4 45 61.49695550351288 0.5
262.5 1 3 45 46.19774815348586 2
263.0 0 0 81 55.12051882543685 1
264.0 0 1 79 62.21401549270401 2
264.5 0 3 45 46.19774815348586 2
264.5 1 4 45 61.49695550351288 2.0
265.0 0 5 40 85.19655917852639 3.5
265.0 1 5 40 85.19655917852639 2.0
266.5 0 4 45 61.49695550351288 2.0
266.5 1 4 45 61.49695550351288 6.5
267.0 0 5 40 85.19655917852639 2.0
267.0 1 5 40 85.19655917852639 2.0
267.5 1 1 79 62.21401549270401 2
268.0 1 0 81 65.85714285714286 1
268.0 1 2 64 68.46323185011708 4
269.0 0 5 40 85.19655917852639 2.0
269.0 0 0 81 65.85714285714286 1
269.0 1 5 40 85.19655917852639 3.5
269.5 0 1 79 62.21401549270401 2
272.0 0 2 64 68.46323185011708 4
272.0 1 0 79 64.31507836425868 1
272.5 0 5 40 85.19655917852639 3.5
272.5 1 5 40 85.19655917852639 2.5
273.0 0 4 45 61.49695550351288 6.5
273.0 0 0 79 64.31507836425868 1
273.0 1 3 45 46.00306251125923 2
273.5 1 1 79 62.21401549270401 2
273.5 1 2 64 68.46323185011708 4
275.0 0 5 40 85.19655917852639 2.5
275.0 0 3 45 46.00306251125923 2
275.0 1 5 40 85.19655917852639 2.0
275.5 0 1 79 62.21401549270401 2
276.5 1 0 79 54.098901098901095 1
276.5 1 1 76 60.594847775175644 2
277.0 0 5 40 85.19655917852639 2.0
277.0 1 5 40 85.19655917852639 16
277.5 0 2 64 68.46323185011708 4
277.5 0 0 79 54.098901098901095 1
278.5 0 1 76 60.594847775175644 2
278.5 1 3 45 46.00306251125923 2
279.0 1 3 50 69.55231489821654 2
279.5 1 2 64 68.46323185011708 3.0
280.5 0 3 45 46.00306251125923 2
281.0 0 3 50 69.55231489821654 2
281.0 1 0 81 59.34192037470726 1
281.0 1 1 76 60.594847775175644 2
282.0 0 0 81 59.34192037470726 1
282.5 0 2 64 68.46323185011708 3.0
282.5 1 2 64 68.46323185011708 4
283.0 0 1 76 60.594847775175644 2
284.0 1 4 45 69.16294361376328 0.5
284.5 0 4 45 69.16294361376328 0.5
284.5 1 3 50 69.55231489821654 2
284.5 1 3 45 46.00306251125923 2
285.5 1 1 76 60.594847775175644 2
286.0 1 0 81 80.15979102864348 1
286.5 0 2 64 68.46323185011708 4
286.5 0 3 50 69.55231489821654 2
286.5 0 3 45 46.00306251125923 2
287.0 0 0 81 80.15979102864348 1
287.0 1 2 64 68.46323185011708 4
287.5 0 1 76 60.594847775175644 2
287.5 1 3 45 46.00306251125923 2
289.5 0 3 45 46.00306251125923 2
289.5 1 4 45 69.16294361376328 2.5
290.5 1 3 50 69.55231489821654 2
291.0 0 2 64 68.46323185011708 4
291.0 1 0 81 85.36425869212755 1
291.0 1 1 79 81.29706359214556 2
291.5 1 2 64 68.46323185011708 4
292.0 0 4 45 69.16294361376328 2.5
292.0 0 0 81 85.36425869212755 1
292.0 1 3 45 46.00306251125923 2
292.5 0 3 50 69.55231489821654 2
293.0 0 5 40 85.19655917852639 16
293.0 0 1 79 81.29706359214556 2
293.5 1 3 50 69.55231489821654 2
294.0 0 3 45 46.00306251125923 2
295.5 0 2 64 68.46323185011708 4
295.5 0 3 50 69.55231489821654 2
295.5 1 0 79 84.90163934426229 0.5
295.5 1 4 45 69.16294361376328 1.0
296.0 0 0 79 84.90163934426229 0.5
296.0 1 1 79 81.29706359214556 2
296.5 0 4 45 69.16294361376328 1.0
296.5 1 3 45 46.00306251125923 2
297.0 1 2 64 68.46323185011708 4
298.0 0 1 79 81.29706359214556 2
298.0 1 3 50 69.55231489821654 2
298.5 0 3 45 46.00306251125923 2
298.5 1 4 45 69.16294361376328 3.5
300.0 0 3 50 69.55231489821654 2
300.5 1 0 76 44.73085930462979 1
300.5 1 1 79 81.29706359214556 2
301.0 0 2 64 68.46323185011708 4
301.5 0 0 76 44.73085930462979 1
302.0 0 4 45 69.16294361376328 3.5
302.0 1 3 45 46.00306251125923 1.0
302.0 1 2 64 68.46323185011708 4
302.5 0 1 79 81.29706359214556 2
302.5 1 3 50 69.55231489821654 2
303.0 0 3 45 46.00306251125923 1.0
303.0 1 4 45 69.16294361376328 4.0
304.5 0 3 50 69.55231489821654 2
305.0 1 0 74 45.23203026481715 1
305.5 1 1 67 45.193478652495045 2
306.0 0 2 64 68.46323185011708 4
306.0 0 0 74 45.23203026481715 1
306.5 1 2 64 68.46323185011708 4
307.0 0 4 45 69.16294361376328 4.0
307.0 1 3 45 46.00306251125923 0.5
307.5 0 1 67 45.193478652495045 2
307.5 0 3 45 46.00306251125923 0.5
307.5 1 4 45 69.16294361376328 4.0
308.0 1 3 50 69.55231489821654 2
310.0 0 3 50 69.55231489821654 2
310.0 1 0 74 39.33363357953522 1
310.0 1 1 67 45.193478652495045 2
310.5 0 2 64 68.46323185011708 4
311.0 0 0 74 39.33363357953522 1
311.5 0 4 45 69.16294361376328 4.0
311.5 1 3 45 46.00306251125923 1.5
311.5 1 2 57 57.45867411277247 4
312.0 0 1 67 45.193478652495045 2
313.0 0 3 45 46.00306251125923 1.5
313.0 1 3 50 69.55231489821654 2
313.0 1 4 45 69.16294361376328 5.0
315.0 0 3 50 69.55231489821654 2
315.0 1 1 67 45.193478652495045 2
315.5 0 2 57 57.45867411277247 4
316.0 1 0 74 50.62925598991173 1
316.0 1 2 57 57.45867411277247 4
317.0 0 1 67 45.193478652495045 2
317.0 0 0 74 50.62925598991173 1
317.0 1 3 40 45.32840929562241 2
317.5 1 3 50 69.55231489821654 2
318.0 0 4 45 69.16294361376328 5.0
318.0 1 4 45 69.16294361376328 4.5
319.0 0 3 40 45.32840929562241 2
319.5 0 3 50 69.55231489821654 2
320.0 0 2 57 57.45867411277247 4
321.0 1 2 57 57.45867411277247 4
321.5 1 3 40 45.32840929562241 2
322.0 1 0 74 62.69591064673031 1
322.0 1 1 64 56.48910106287155 2
322.5 0 4 45 69.16294361376328 4.5
322.5 1 4 45 69.16294361376328 5.5
323.0 0 0 74 62.69591064673031 1
323.0 1 3 50 69.55231489821654 2
323.5 0 3 40 45.32840929562241 2
324.0 0 1 64 56.48910106287155 2
325.0 0 2 57 57.45867411277247 4
325.0 0 3 50 69.55231489821654 2
326.5 1 3 40 45.32840929562241 2
327.5 1 3 50 69.55231489821654 2
328.0 0 4 45 69.16294361376328 5.5
328.0 1 0 76 55.60241397946315 1
328.0 1 1 64 56.48910106287155 2
328.0 1 2 57 57.45867411277247 4
328.0 1 4 45 69.16294361376328 4.5
328.5 0 3 40 45.32840929562241 2
329.0 0 0 76 55.60241397946315 1
329.5 0 3 50 69.55231489821654 2
330.0 0 1 64 56.48910106287155 2
332.0 0 2 57 57.45867411277247 4
332.5 0 4 45 69.16294361376328 4.5
332.5 1 0 69 57.375788146279945 1
332.5 1 3 50 69.55231489821654 2
332.5 1 4 45 69.16294361376328 5.0
333.5 0 0 69 57.375788146279945 1
333.5 1 3 40 45.32840929562241 2
334.0 1 1 64 56.48910106287155 2
334.0 1 2 57 57.45867411277247 4
334.5 0 3 50 69.55231489821654 2
335.5 0 3 40 45.32840929562241 2
336.0 0 1 64 56.48910106287155 2
337.5 0 4 45 69.16294361376328 5.0
337.5 1 0 69 62.21401549270401 1
337.5 1 1 55 56.720410736804176 2
337.5 1 4 45 69.16294361376328 7.0
338.0 0 2 57 57.45867411277247 4
338.5 0 0 69 62.21401549270401 1
339.5 0 1 55 56.720410736804176 2
339.5 1 3 50 69.55231489821654 2
339.5 1 3 40 45.32840929562241 2
340.0 1 2 57 57.45867411277247 3.5
341.5 0 3 50 69.55231489821654 2
341.5 0 3 40 45.32840929562241 2
342.5 1 0 69 50.14736083588542 1
342.5 1 1 55 56.720410736804176 2
343.5 0 2 57 57.45867411277247 3.5
343.5 0 0 69 50.14736083588542 1
343.5 1 2 57 57.45867411277247 4
344.5 0 4 45 69.16294361376328 7.0
344.5 0 1 55 56.720410736804176 2
344.5 1 4 45 69.16294361376328 6.0
345.5 1 3 50 69.55231489821654 2
345.5 1 3 40 45.32840929562241 2
347.0 1 0 72 94.21185372005043 1
347.5 0 2 57 57.45867411277247 4
347.5 0 3 50 69.55231489821654 2
347.5 0 3 40 45.32840929562241 2
347.5 1 1 55 56.720410736804176 2
348.0 0 0 72 94.21185372005043 1
348.5 1 2 57 57.45867411277247 4
349.0 1 3 40 45.32840929562241 2
349.5 0 1 55 56.720410736804176 2
350.5 0 4 45 69.16294361376328 6.0
350.5 1 4 45 69.16294361376328 6.0
351.0 0 3 40 45.32840929562241 2
351.5 1 3 50 69.55231489821654 2
352.0 1 0 76 94.19257791388937 1
352.0 1 1 64 93.9805440461178 2
352.5 0 2 57 57.45867411277247 4
353.0 0 0 76 94.19257791388937 1
353.5 0 3 50 69.55231489821654 2
353.5 1 2 57 57.45867411277247 4
354.0 0 1 64 93.9805440461178 2
354.0 1 3 40 45.32840929562241 2
355.0 1 3 50 69.55231489821654 2
356.0 0 3 40 45.32840929562241 2
356.5 0 4 45 69.16294361376328 6.0
356.5 1 4 45 69.16294361376328 3.5
357.0 0 3 50 69.55231489821654 2
357.0 1 0 74 99.82111331291658 1
357.0 1 1 64 93.9805440461178 2
357.5 0 2 57 57.45867411277247 4
358.0 0 0 74 99.82111331291658 1
358.5 1 2 57 81.70378310214375 4
359.0 0 1 64 93.9805440461178 2
359.0 1 3 40 45.32840929562241 2
360.0 0 4 45 69.16294361376328 3.5
360.0 1 3 50 69.55231489821654 2
360.0 1 4 45 69.16294361376328 5.0
361.0 0 3 40 45.32840929562241 2
362.0 0 3 50 69.55231489821654 2
362.0 1 1 64 93.9805440461178 2
362.5 0 2 57 81.70378310214375 4
363.0 1 0 76 89.89407313997476 1
363.5 1 2 57 81.70378310214375 4
364.0 0 1 64 93.9805440461178 2
364.0 0 0 76 89.89407313997476 1
364.5 1 3 48 35.883264276706896 2
365.0 0 4 45 69.16294361376328 5.0
365.0 1 3 50 69.55231489821654 2
365.0 1 4 45 69.16294361376328 5.0
366.5 0 3 48 35.883264276706896 2
367.0 0 3 50 69.55231489821654 2
367.5 0 2 57 81.70378310214375 4
368.5 1 2 57 81.70378310214375 4
369.0 1 0 79 83.91857323004864 1
369.0 1 1 69 83.57160871914968 2
369.5 1 3 48 35.883264276706896 2
370.0 0 4 45 69.16294361376328 5.0
370.0 0 0 79 83.91857323004864 1
370.0 1 4 45 69.16294361376328 5.5
370.5 1 3 50 69.55231489821654 2
371.0 0 1 69 83.57160871914968 2
371.5 0 3 48 35.883264276706896 2
372.5 0 2 57 81.70378310214375 4
372.5 0 3 50 69.55231489821654 2
374.5 1 3 48 35.883264276706896 2
375.0 1 0 76 77.84669428931723 1
375.0 1 1 69 83.57160871914968 2
375.5 0 4 45 69.16294361376328 5.5
375.5 1 3 50 69.55231489821654 2
375.5 1 2 57 81.70378310214375 4
375.5 1 4 45 69.16294361376328 5.0
376.0 0 0 76 77.84669428931723 1
376.5 0 3 48 35.883264276706896 2
377.0 0 1 69 83.57160871914968 2
377.5 0 3 50 69.55231489821654 2
379.5 0 2 57 81.70378310214375 4
380.5 0 4 45 69.16294361376328 5.0
380.5 1 0 69 88.08214736083588 0.5
380.5 1 3 50 69.55231489821654 2
380.5 1 4 45 69.16294361376328 5.0
381.0 0 0 69 88.08214736083588 0.5
381.0 1 1 69 83.57160871914968 2
381.5 1 3 48 35.883264276706896 2
381.5 1 2 57 81.70378310214375 4
382.5 0 3 50 69.55231489821654 2
383.0 0 1 69 83.57160871914968 2
383.5 0 3 48 35.883264276706896 2
385.5 0 4 45 69.16294361376328 5.0
385.5 0 2 57 81.70378310214375 4
385.5 1 4 45 69.16294361376328 7.0
386.0 1 1 57 81.56692487840029 1.5
386.5 1 0 69 76.0540443163394 1
387.5 0 1 57 81.56692487840029 1.5
387.5 0 0 69 76.0540443163394 1
387.5 1 3 50 69.55231489821654 2
387.5 1 3 48 35.883264276706896 2
387.5 1 2 57 81.70378310214375 4
389.5 0 3 50 69.55231489821654 2
389.5 0 3 48 35.883264276706896 2
391.5 0 2 57 81.70378310214375 4
391.5 1 0 69 80.50675553954241 1
392.0 1 1 57 81.56692487840029 0.5
392.5 0 4 45 69.16294361376328 7.0
392.5 0 0 69 80.50675553954241 1
392.5 0 1 57 81.56692487840029 0.5
392.5 1 2 57 81.70378310214375 4
392.5 1 4 45 69.16294361376328 6.0
393.5 1 3 50 69.55231489821654 2
393.5 1 3 48 35.883264276706896 2
395.5 0 3 50 69.55231489821654 2
395.5 0 3 48 35.883264276706896 2
396.5 0 2 57 81.70378310214375 4
397.0 1 1 57 81.56692487840029 1.5
398.5 0 4 45 69.16294361376328 6.0
398.5 0 1 57 81.56692487840029 1.5
398.5 1 3 48 35.883264276706896 2
398.5 1 2 57 81.70378310214375 4
398.5 1 4 45 69.16294361376328 6.0
399.5 1 3 50 69.55231489821654 2
400.5 0 3 48 35.883264276706896 2
401.5 0 3 50 69.55231489821654 2
402.5 0 2 57 81.70378310214375 4
403.5 1 2 57 81.70378310214375 4
404.5 0 4 45 69.16294361376328 6.0
404.5 1 3 50 69.55231489821654 2
404.5 1 3 48 35.883264276706896 2
404.5 1 4 45 69.16294361376328 5.0
406.5 0 3 50 69.55231489821654 2
406.5 0 3 48 35.883264276706896 2
407.5 0 2 57 81.70378310214375 4
409.5 0 4 45 69.16294361376328 5.0
409.5 1 3 48 35.883264276706896 2
409.5 1 4 45 69.16294361376328 6.0
410.5 1 3 50 69.55231489821654 2
411.5 0 3 48 35.883264276706896 2
412.5 0 3 50 69.55231489821654 2
415.5 0 4 45 69.16294361376328 6.0
415.5 1 3 50 69.55231489821654 2
415.5 1 4 45 69.16294361376328 5.0
417.5 0 3 50 69.55231489821654 2
420.5 0 4 45 69.16294361376328 5.0
420.5 1 4 45 69.16294361376328 8
428.5 0 4 45 69.16294361376328 8
