2.5
4.0
5.0
7.0
11.0
16.0
21.0
27.0
40.0
41.5
42.5
44.5
48.5
53.5
58.5
64.5
77.5
79.0
80.0
82.0
86.0
91.0
96.0
102.0
129.5
132.0
134.5
138.0
141.5
145.0
147.5
150.0
152.0
154.5
156.5
158.5
160.0
161.5
163.0
166.0
169.0
172.0
173.0
174.5
175.5
177.5
179.5
181.0
182.0
183.5
184.5
186.0
187.0
188.5
189.5
191.0
192.5
194.5
196.5
198.0
200.5
203.0
206.0
209.5
212.5
216.0
220.0
224.0
227.5
231.0
234.5
238.0
239.5
241.5
243.5
246.5
249.0
251.0
256.5
262.0
268.0
272.0
276.5
281.0
286.0
291.0
295.5
300.5
305.0
310.0
316.0
322.0
328.0
332.5
337.5
342.5
347.0
352.0
357.0
363.0
369.0
375.0
380.5
386.5
391.5
