141.0
143.5
146.0
150.5
154.0
157.5
159.0
161.5
163.5
165.5
167.5
169.5
170.5
172.0
173.5
178.0
181.0
182.0
183.5
184.0
184.5
187.0
189.0
190.5
191.0
192.5
193.5
196.0
197.0
198.5
199.5
201.0
202.5
204.5
206.5
208.0
212.5
215.0
218.0
222.0
225.0
228.5
233.0
237.0
240.5
243.5
247.0
250.5
250.5
252.5
254.5
258.0
260.5
262.5
273.0
278.5
279.0
284.5
284.5
287.5
290.5
292.0
293.5
296.5
298.0
302.0
302.5
307.0
308.0
311.5
313.0
317.0
317.5
321.5
323.0
326.5
327.5
332.5
333.5
339.5
339.5
345.5
345.5
349.0
351.5
354.0
355.0
359.0
360.0
364.5
365.0
369.5
370.5
374.5
375.5
380.5
381.5
387.5
387.5
393.5
393.5
398.5
399.5
404.5
404.5
409.5
410.5
415.5
