2.5
4.0
5.0
5.5
6.0
6.5
7.0
8.5
8.5
9.5
10.0
11.0
14.0
14.5
16.0
18.5
20.0
21.0
24.5
25.0
27.0
29.5
31.0
35.5
40.0
41.5
42.5
43.0
43.5
44.0
44.5
46.0
46.0
47.0
47.5
48.5
51.5
52.0
53.5
56.0
57.5
58.5
62.0
62.5
64.5
67.0
68.5
73.0
77.5
79.0
80.0
80.5
81.0
81.5
82.0
83.5
83.5
84.5
85.0
86.0
89.0
89.5
91.0
93.5
95.0
96.0
99.5
100.0
102.0
104.5
106.0
110.5
129.5
132.0
132.0
134.5
134.5
135.5
137.0
138.0
138.0
140.5
141.0
141.5
141.5
143.5
145.0
145.0
145.0
145.0
146.0
147.5
147.5
148.5
148.5
150.0
150.0
150.0
150.5
152.0
152.0
152.5
153.5
154.0
154.5
154.5
154.5
156.0
156.0
156.5
156.5
157.5
158.0
158.0
158.5
158.5
158.5
159.0
160.0
160.0
160.5
161.0
161.5
161.5
161.5
161.5
162.0
163.0
163.0
163.0
163.5
164.0
164.5
165.0
165.5
165.5
165.5
166.0
166.5
167.5
167.5
168.0
169.0
169.0
169.0
169.5
169.5
170.5
171.5
172.0
172.0
172.0
172.5
172.5
173.0
173.5
173.5
174.0
174.0
174.5
174.5
175.0
175.5
175.5
175.5
176.0
176.5
176.5
176.5
177.5
177.5
178.0
178.0
178.5
178.5
179.0
179.0
179.5
180.5
181.0
181.0
181.0
181.5
182.0
182.0
182.0
182.5
182.5
183.0
183.5
183.5
183.5
184.0
184.5
184.5
184.5
184.5
185.0
185.0
185.5
185.5
185.5
186.0
186.0
187.0
187.0
187.0
187.0
187.5
187.5
188.0
188.0
188.5
188.5
188.5
188.5
189.0
189.5
190.0
190.5
190.5
191.0
191.0
191.0
191.0
191.5
192.5
192.5
192.5
193.0
193.0
193.0
193.5
194.0
194.0
194.5
194.5
195.0
195.5
196.0
196.0
196.0
196.5
196.5
197.0
197.0
197.0
197.5
198.0
198.0
198.5
198.5
199.0
199.0
199.5
199.5
199.5
200.0
200.5
201.0
201.0
201.0
202.0
202.5
202.5
202.5
203.0
203.0
203.5
204.0
204.5
205.0
205.5
205.5
206.0
206.0
206.5
206.5
207.0
207.5
208.0
208.5
208.5
208.5
209.5
209.5
210.5
210.5
211.5
212.0
212.5
212.5
212.5
212.5
213.0
214.0
215.0
215.5
215.5
216.0
216.5
216.5
217.0
218.0
219.0
219.0
219.0
219.5
220.0
221.0
222.0
222.0
222.5
223.0
223.5
224.0
225.0
226.0
227.0
227.5
227.5
227.5
228.5
229.0
229.5
231.0
231.0
231.5
232.5
232.5
233.0
234.5
234.5
235.0
236.5
237.0
237.0
238.0
238.0
238.0
239.5
239.5
240.5
241.0
241.5
241.5
241.5
241.5
243.0
243.5
243.5
243.5
244.5
245.0
245.0
245.5
246.5
247.0
247.0
247.5
247.5
249.0
249.0
249.0
250.5
250.5
251.0
251.0
251.5
251.5
252.5
252.5
253.5
254.5
254.5
254.5
255.0
255.0
256.5
256.5
257.0
258.0
258.0
258.5
260.5
261.5
262.0
262.0
262.0
262.5
264.5
265.0
265.0
266.5
267.0
267.5
268.0
268.0
269.0
272.0
272.5
273.0
273.5
273.5
275.0
276.5
276.5
277.0
278.5
279.0
279.5
281.0
281.0
282.5
284.0
284.5
284.5
285.5
286.0
287.0
287.5
289.5
290.5
291.0
291.0
291.5
292.0
293.5
295.5
295.5
296.0
296.5
297.0
298.0
298.5
300.5
300.5
302.0
302.0
302.5
303.0
305.0
305.5
306.5
307.0
307.5
308.0
310.0
310.0
311.5
311.5
313.0
313.0
315.0
316.0
316.0
317.0
317.5
318.0
321.0
321.5
322.0
322.0
322.5
323.0
326.5
327.5
328.0
328.0
328.0
328.0
332.5
332.5
332.5
333.5
334.0
334.0
337.5
337.5
337.5
339.5
339.5
340.0
342.5
342.5
343.5
344.5
345.5
345.5
347.0
347.5
348.5
349.0
350.5
351.5
352.0
352.0
353.5
354.0
355.0
356.5
357.0
357.0
358.5
359.0
360.0
360.0
362.0
363.0
363.5
364.5
365.0
365.0
368.5
369.0
369.0
369.5
370.0
370.5
374.5
375.0
375.0
375.5
375.5
375.5
380.5
380.5
380.5
381.0
381.5
381.5
385.5
386.0
386.5
387.5
387.5
387.5
391.5
392.0
392.5
392.5
393.5
393.5
397.0
398.5
398.5
398.5
399.5
403.5
404.5
404.5
404.5
409.5
409.5
410.5
415.5
415.5
420.5
