5.5
6.0
6.5
8.5
8.5
9.5
10.0
14.0
14.5
18.5
20.0
24.5
25.0
29.5
31.0
35.5
43.0
43.5
44.0
46.0
46.0
47.0
47.5
51.5
52.0
56.0
57.5
62.0
62.5
67.0
68.5
73.0
80.5
81.0
81.5
83.5
83.5
84.5
85.0
89.0
89.5
93.5
95.0
99.5
100.0
104.5
106.0
110.5
132.0
134.5
137.0
141.5
145.0
148.5
150.0
152.5
154.5
156.5
158.5
160.5
161.5
163.0
164.5
169.0
172.0
174.0
175.0
175.5
176.5
179.0
181.0
182.5
183.0
184.5
185.5
187.5
188.5
190.0
191.0
192.5
194.0
196.0
198.0
199.5
203.0
205.5
208.5
212.5
215.5
219.0
223.5
227.5
231.0
234.5
238.0
241.5
241.5
243.5
245.5
249.0
251.5
253.5
262.0
267.5
273.5
276.5
281.0
285.5
291.0
296.0
300.5
305.5
310.0
315.0
322.0
328.0
334.0
337.5
342.5
347.5
352.0
357.0
362.0
369.0
375.0
381.0
386.0
392.0
397.0
