72
62
74
62
50
74
50
62
43
69
50
43
57
43
67
50
43
43
57
69
43
50
43
57
67
43
50
50
43
64
50
50
67
43
43
50
50
62
40
43
50
43
62
40
43
40
60
43
40
43
40
60
43
43
40
40
62
43
62
40
40
43
40
43
62
40
43
40
40
43
43
64
43
40
43
40
43
43
60
40
43
43
43
40
64
64
48
40
43
43
48
67
48
72
48
48
43
60
74
43
48
60
72
48
43
69
60
43
43
48
69
52
64
43
52
48
43
69
43
52
48
43
55
48
69
43
43
48
72
55
43
43
48
55
67
43
43
48
64
43
50
48
43
43
50
69
43
45
48
50
43
64
48
45
43
45
62
45
48
45
45
62
45
48
45
64
45
45
45
48
45
45
45
62
48
45
45
45
45
45
62
45
45
45
45
45
45
62
45
45
45
45
45
45
62
45
45
45
45
64
45
45
45
45
67
45
45
45
52
69
45
45
45
52
45
69
45
45
52
45
76
45
45
67
45
76
55
45
67
74
45
55
45
67
74
45
67
55
76
45
67
76
55
45
67
45
55
69
55
45
60
45
74
45
55
45
60
45
69
45
60
55
45
45
84
55
79
45
45
45
64
45
81
79
45
50
64
81
45
79
50
64
79
76
45
79
50
64
76
45
81
64
50
76
45
81
64
50
79
45
81
50
64
79
45
50
64
79
79
45
50
76
64
67
45
50
57
74
67
45
50
74
57
67
45
50
57
74
64
45
50
57
74
45
64
50
57
76
45
64
50
57
69
45
55
50
69
57
45
55
50
57
69
55
45
50
57
72
45
64
50
76
57
64
45
74
50
57
64
45
50
57
76
69
45
50
57
79
45
69
50
57
76
45
69
50
57
69
45
57
50
57
69
45
57
50
57
69
45
57
50
57
45
50
45
