96.77168077823814
96.77168077823814
96.77168077823814
96.77168077823814
96.77168077823814
96.77168077823814
96.77168077823814
96.77168077823814
96.77168077823814
96.77168077823814
96.77168077823814
96.77168077823814
96.77168077823814
96.77168077823814
96.77168077823814
96.77168077823814
96.77168077823814
96.77168077823814
96.77168077823814
96.77168077823814
96.77168077823814
96.77168077823814
96.77168077823814
96.77168077823814
96.77168077823814
96.77168077823814
96.77168077823814
46.19774815348586
46.19774815348586
46.19774815348586
46.19774815348586
46.19774815348586
46.19774815348586
46.19774815348586
46.19774815348586
46.19774815348586
46.19774815348586
46.19774815348586
46.19774815348586
46.19774815348586
46.19774815348586
46.19774815348586
46.19774815348586
46.19774815348586
46.19774815348586
46.19774815348586
46.19774815348586
46.19774815348586
46.19774815348586
46.19774815348586
46.19774815348586
46.19774815348586
46.19774815348586
46.19774815348586
69.55231489821654
69.55231489821654
69.55231489821654
69.55231489821654
69.55231489821654
69.55231489821654
69.55231489821654
69.55231489821654
69.55231489821654
69.55231489821654
69.55231489821654
69.55231489821654
69.55231489821654
69.55231489821654
69.55231489821654
69.55231489821654
69.55231489821654
69.55231489821654
69.55231489821654
69.55231489821654
69.55231489821654
69.55231489821654
69.55231489821654
69.55231489821654
69.55231489821654
69.55231489821654
69.55231489821654
