0.0 1 0 72 111.36732120338677 1
1.0 0 0 72 111.36732120338677 1
1.0 1 1 62 111.17456314177625 2
2.5 1 0 74 105.62313096739325 1
3.0 0 1 62 111.17456314177625 2
3.5 0 0 74 105.62313096739325 1
3.5 1 1 62 111.17456314177625 2
3.5 1 2 50 109.02723833543504 2.5
5.5 0 1 62 111.17456314177625 2
5.5 1 0 74 117.63195820572871 1
6.0 0 2 50 109.02723833543504 2.5
6.0 1 2 50 109.02723833543504 3.0
6.5 0 0 74 117.63195820572871 1
6.5 1 1 62 111.17456314177625 2
7.5 1 3 43 96.77168077823814 2
8.5 0 1 62 111.17456314177625 2
8.5 1 0 69 103.86903260673752 1
9.0 0 2 50 109.02723833543504 3.0
9.0 1 2 50 109.02723833543504 3.5
9.5 0 3 43 96.77168077823814 2
9.5 0 0 69 103.86903260673752 1
10.0 1 1 57 109.49756800576472 2
10.0 1 4 43 82.61360115294542 2.5
12.0 0 1 57 109.49756800576472 2
12.0 1 0 67 108.9000180147721 1
12.5 0 2 50 109.02723833543504 3.5
12.5 0 4 43 82.61360115294542 2.5
12.5 1 2 50 109.02723833543504 3.5
12.5 1 4 43 82.61360115294542 0.5
13.0 0 0 67 108.9000180147721 1
13.0 0 4 43 82.61360115294542 0.5
13.0 1 3 43 96.77168077823814 2
13.5 1 1 57 109.49756800576472 2
15.0 0 3 43 96.77168077823814 2
15.5 0 1 57 109.49756800576472 2
15.5 1 0 69 115.95496306971715 1
15.5 1 4 43 82.61360115294542 1.0
16.0 0 2 50 109.02723833543504 3.5
16.0 1 2 50 109.02723833543504 3.5
16.5 0 0 69 115.95496306971715 1
16.5 0 4 43 82.61360115294542 1.0
16.5 1 3 43 96.77168077823814 2
17.0 1 1 57 109.49756800576472 2
18.5 0 3 43 96.77168077823814 2
18.5 1 0 67 127.0 1
19.0 0 1 57 109.49756800576472 2
19.0 1 4 43 82.61360115294542 1.0
19.5 0 2 50 109.02723833543504 3.5
19.5 0 0 67 127.0 1
19.5 1 2 50 109.02723833543504 2.0
20.0 0 4 43 82.61360115294542 1.0
20.0 1 3 43 96.77168077823814 2
20.5 1 0 64 120.58115654836966 1
21.5 0 2 50 109.02723833543504 2.0
21.5 0 0 64 120.58115654836966 1
21.5 1 1 50 120.94546928481354 0.5
22.0 0 3 43 96.77168077823814 2
22.0 0 1 50 120.94546928481354 0.5
22.0 1 2 50 109.02723833543504 1.5
22.5 1 0 67 121.31363718248963 1
22.5 1 4 43 82.61360115294542 1.0
23.5 0 2 50 109.02723833543504 1.5
23.5 0 0 67 121.31363718248963 1
23.5 0 4 43 82.61360115294542 1.0
23.5 1 3 43 96.77168077823814 2
23.5 1 1 50 120.94546928481354 0.5
24.0 0 1 50 120.94546928481354 0.5
24.0 1 2 50 109.02723833543504 2.0
24.5 1 0 62 79.60079264997296 1
25.5 0 3 43 96.77168077823814 2
25.5 0 0 62 79.60079264997296 1
25.5 1 1 40 83.0511619528013 2
26.0 0 2 50 109.02723833543504 2.0
26.0 1 2 50 109.02723833543504 4
26.0 1 4 43 82.61360115294542 2.0
27.0 1 0 62 79.27310394523508 1
27.5 0 1 40 83.0511619528013 2
27.5 1 2 40 96.61747432894974 0.5
28.0 0 4 43 82.61360115294542 2.0
28.0 0 0 62 79.27310394523508 1
28.0 0 2 40 96.61747432894974 0.5
28.0 1 3 43 96.77168077823814 0.5
28.0 1 1 40 83.0511619528013 1.5
28.5 0 3 43 96.77168077823814 0.5
28.5 1 0 60 83.34029904521708 1
28.5 1 4 43 82.61360115294542 1.5
29.5 0 1 40 83.0511619528013 1.5
29.5 0 0 60 83.34029904521708 1
29.5 1 1 40 83.0511619528013 0.5
30.0 0 2 50 109.02723833543504 4
30.0 0 4 43 82.61360115294542 1.5
30.0 0 1 40 83.0511619528013 0.5
30.0 1 3 43 96.77168077823814 0.5
30.0 1 2 40 96.61747432894974 1.5
30.5 0 3 43 96.77168077823814 0.5
30.5 1 0 60 103.13655197261754 1
30.5 1 4 43 82.61360115294542 1.0
31.5 0 2 40 96.61747432894974 1.5
31.5 0 0 60 103.13655197261754 1
31.5 0 4 43 82.61360115294542 1.0
31.5 1 3 43 96.77168077823814 1.0
31.5 1 2 40 96.61747432894974 1.5
32.0 1 0 62 100.36083588542604 1
32.5 0 3 43 96.77168077823814 1.0
32.5 1 4 43 82.61360115294542 1.5
33.0 0 2 40 96.61747432894974 1.5
33.0 0 0 62 100.36083588542604 1
33.0 1 0 62 110.69266798774994 1
33.0 1 1 40 103.56061970816069 0.5
33.5 0 1 40 103.56061970816069 0.5
33.5 1 2 40 96.61747432894974 0.5
34.0 0 4 43 82.61360115294542 1.5
34.0 0 0 62 110.69266798774994 1
34.0 0 2 40 96.61747432894974 0.5
34.0 1 1 40 103.56061970816069 1.0
34.0 1 4 43 82.61360115294542 1.5
35.0 0 1 40 103.56061970816069 1.0
35.0 1 0 62 109.65177445505313 1
35.0 1 2 40 96.61747432894974 1.0
35.5 0 4 43 82.61360115294542 1.5
35.5 1 3 43 96.77168077823814 1.0
36.0 0 0 62 109.65177445505313 1
36.0 0 2 40 96.61747432894974 1.0
36.0 1 2 40 96.61747432894974 0.5
36.5 0 3 43 96.77168077823814 1.0
36.5 0 2 40 96.61747432894974 0.5
36.5 1 1 40 102.71248423707439 2
36.5 1 4 43 82.61360115294542 1.0
37.5 0 4 43 82.61360115294542 1.0
37.5 1 3 43 96.77168077823814 0.5
38.0 0 3 43 96.77168077823814 0.5
38.0 1 0 64 98.72239236173661 1
38.0 1 4 43 82.61360115294542 1.0
38.5 0 1 40 102.71248423707439 2
38.5 1 2 40 96.61747432894974 1.0
39.0 0 0 64 98.72239236173661 1
39.0 0 4 43 82.61360115294542 1.0
39.0 1 3 43 96.77168077823814 1.0
39.5 0 2 40 96.61747432894974 1.0
39.5 1 1 40 102.71248423707439 2
40.0 0 3 43 96.77168077823814 1.0
40.0 1 4 43 82.61360115294542 1.5
41.5 0 1 40 102.71248423707439 2
41.5 0 4 43 82.61360115294542 1.5
41.5 1 0 60 102.90524229868491 1
41.5 1 2 40 96.61747432894974 1.5
41.5 1 4 43 82.61360115294542 1.0
42.5 0 0 60 102.90524229868491 1
42.5 0 4 43 82.61360115294542 1.0
42.5 1 4 43 82.61360115294542 2.5
43.0 0 2 40 96.61747432894974 1.5
43.0 1 1 40 102.71248423707439 2
44.0 1 0 64 86.34732480634119 1
45.0 0 4 43 82.61360115294542 2.5
45.0 0 1 40 102.71248423707439 2
45.0 0 0 64 86.34732480634119 1
45.0 1 0 64 77.73103945235093 1
45.0 1 1 48 83.76436678076021 1.0
45.0 1 2 40 96.61747432894974 4
45.0 1 4 43 82.61360115294542 0.5
45.5 0 4 43 82.61360115294542 0.5
45.5 1 3 43 96.77168077823814 2
46.0 0 0 64 77.73103945235093 1
46.0 0 1 48 83.76436678076021 1.0
46.0 1 1 48 83.76436678076021 1.0
46.5 1 0 67 81.93316519546026 1
47.0 0 1 48 83.76436678076021 1.0
47.0 1 2 48 93.94392001441182 0.5
47.5 0 3 43 96.77168077823814 2
47.5 0 0 67 81.93316519546026 1
47.5 0 2 48 93.94392001441182 0.5
47.5 1 0 72 82.58854260493604 1
47.5 1 1 48 83.76436678076021 0.5
48.0 0 1 48 83.76436678076021 0.5
48.0 1 2 48 93.94392001441182 1.5
48.0 1 4 43 82.61360115294542 1.0
48.5 0 0 72 82.58854260493604 1
48.5 1 1 60 89.00738605656638 1.5
49.0 0 2 40 96.61747432894974 4
49.0 0 4 43 82.61360115294542 1.0
49.0 1 0 74 94.01909565843991 1
49.0 1 3 43 96.77168077823814 2
49.5 0 2 48 93.94392001441182 1.5
49.5 1 2 48 93.94392001441182 1.0
50.0 0 1 60 89.00738605656638 1.5
50.0 0 0 74 94.01909565843991 1
50.0 1 1 60 89.00738605656638 1.5
50.5 0 2 48 93.94392001441182 1.0
50.5 1 0 72 87.88938929922536 1
50.5 1 2 48 93.94392001441182 1.5
51.0 0 3 43 96.77168077823814 2
51.0 1 3 43 96.77168077823814 0.5
51.5 0 1 60 89.00738605656638 1.5
51.5 0 0 72 87.88938929922536 1
51.5 0 3 43 96.77168077823814 0.5
51.5 1 0 69 103.86903260673752 1
51.5 1 1 60 89.00738605656638 2
51.5 1 4 43 82.61360115294542 0.5
52.0 0 2 48 93.94392001441182 1.5
52.0 0 4 43 82.61360115294542 0.5
52.0 1 3 43 96.77168077823814 1.5
52.0 1 2 48 93.94392001441182 1.5
52.5 0 0 69 103.86903260673752 1
52.5 1 0 69 111.09745991713204 1
52.5 1 1 52 105.6424067735543 1.0
53.5 0 1 60 89.00738605656638 2
53.5 0 3 43 96.77168077823814 1.5
53.5 0 2 48 93.94392001441182 1.5
53.5 0 0 69 111.09745991713204 1
53.5 0 1 52 105.6424067735543 1.0
53.5 1 0 64 107.9362277067195 1
53.5 1 1 52 105.6424067735543 1.0
53.5 1 2 48 93.94392001441182 1.0
53.5 1 4 43 82.61360115294542 1.0
54.5 0 0 64 107.9362277067195 1
54.5 0 1 52 105.6424067735543 1.0
54.5 0 2 48 93.94392001441182 1.0
54.5 0 4 43 82.61360115294542 1.0
54.5 1 0 69 64.68131868131869 1
54.5 1 1 52 105.6424067735543 2
54.5 1 2 48 93.94392001441182 1.0
54.5 1 4 43 82.61360115294542 1.5
55.5 0 0 69 64.68131868131869 1
55.5 0 2 48 93.94392001441182 1.0
55.5 1 1 55 58.51306070978202 1.5
55.5 1 2 48 93.94392001441182 1.0
56.0 0 4 43 82.61360115294542 1.5
56.0 1 0 69 60.2093316519546 1
56.0 1 4 43 82.61360115294542 1.0
56.5 0 1 52 105.6424067735543 2
56.5 0 2 48 93.94392001441182 1.0
56.5 1 2 48 93.94392001441182 1.0
57.0 0 1 55 58.51306070978202 1.5
57.0 0 0 69 60.2093316519546 1
57.0 0 4 43 82.61360115294542 1.0
57.0 1 0 72 55.56386236714105 1
57.0 1 1 55 58.51306070978202 1.0
57.0 1 4 43 82.61360115294542 0.5
57.5 0 2 48 93.94392001441182 1.0
57.5 0 4 43 82.61360115294542 0.5
57.5 1 3 43 96.77168077823814 1.0
57.5 1 2 48 49.00816069176725 1.5
58.0 0 0 72 55.56386236714105 1
58.0 0 1 55 58.51306070978202 1.0
58.0 1 1 55 58.51306070978202 2
58.5 0 3 43 96.77168077823814 1.0
58.5 1 0 67 38.81318681318681 1
58.5 1 4 43 82.61360115294542 1.0
59.0 0 2 48 49.00816069176725 1.5
59.0 1 2 48 49.00816069176725 1.0
59.5 0 0 67 38.81318681318681 1
59.5 0 4 43 82.61360115294542 1.0
59.5 1 0 64 32.240136912268056 1
59.5 1 3 43 96.77168077823814 0.5
59.5 1 1 50 36.96270942172581 1.0
60.0 0 1 55 58.51306070978202 2
60.0 0 2 48 49.00816069176725 1.0
60.0 0 3 43 96.77168077823814 0.5
60.0 1 2 48 49.00816069176725 1.5
60.0 1 4 43 82.61360115294542 0.5
60.5 0 0 64 32.240136912268056 1
60.5 0 1 50 36.96270942172581 1.0
60.5 0 4 43 82.61360115294542 0.5
60.5 1 3 43 96.77168077823814 0.5
60.5 1 1 50 36.96270942172581 1.5
61.0 0 3 43 96.77168077823814 0.5
61.0 1 0 69 33.74364979283012 1
61.0 1 4 43 82.61360115294542 1.0
61.5 0 2 48 49.00816069176725 1.5
61.5 1 3 45 46.19774815348586 1.5
61.5 1 2 48 49.00816069176725 1.0
62.0 0 1 50 36.96270942172581 1.5
62.0 0 0 69 33.74364979283012 1
62.0 0 4 43 82.61360115294542 1.0
62.0 1 1 50 36.96270942172581 2
62.0 1 4 43 82.61360115294542 1.0
62.5 0 2 48 49.00816069176725 1.0
62.5 1 0 64 61.115294541524044 1
62.5 1 2 48 49.00816069176725 1.5
63.0 0 3 45 46.19774815348586 1.5
63.0 0 4 43 82.61360115294542 1.0
63.0 1 3 45 46.19774815348586 0.5
63.0 1 4 43 82.61360115294542 8
63.5 0 0 64 61.115294541524044 1
63.5 0 3 45 46.19774815348586 0.5
63.5 1 1 45 54.40731399747793 0.5
64.0 0 1 50 36.96270942172581 2
64.0 0 2 48 49.00816069176725 1.5
64.0 0 1 45 54.40731399747793 0.5
64.0 1 0 62 49.85822374346964 1
64.0 1 2 48 49.00816069176725 1.5
64.0 1 4 45 61.49695550351288 1.0
65.0 0 0 62 49.85822374346964 1
65.0 0 4 45 61.49695550351288 1.0
65.0 1 1 45 54.40731399747793 0.5
65.5 0 2 48 49.00816069176725 1.5
65.5 0 1 45 54.40731399747793 0.5
65.5 1 0 62 55.04341560079265 1
65.5 1 2 48 49.00816069176725 1.5
65.5 1 4 45 61.49695550351288 1.0
66.5 0 0 62 55.04341560079265 1
66.5 0 4 45 61.49695550351288 1.0
66.5 1 0 64 24.87677895874617 1
66.5 1 4 45 61.49695550351288 1.5
67.0 0 2 48 49.00816069176725 1.5
67.0 1 2 48 49.00816069176725 1.5
67.5 0 0 64 24.87677895874617 1
68.0 0 4 45 61.49695550351288 1.5
68.0 1 4 45 61.49695550351288 1.0
68.5 0 2 48 49.00816069176725 1.5
68.5 1 0 62 33.358133669609074 1
68.5 1 2 48 49.00816069176725 4
69.0 0 4 45 61.49695550351288 1.0
69.0 1 4 45 61.49695550351288 0.5
69.5 0 0 62 33.358133669609074 1
69.5 0 4 45 61.49695550351288 0.5
69.5 1 3 45 46.19774815348586 0.5
70.0 0 3 45 46.19774815348586 0.5
70.0 1 1 45 30.640245000900734 0.5
70.5 0 1 45 30.640245000900734 0.5
70.5 1 4 45 61.49695550351288 0.5
71.0 0 4 43 82.61360115294542 8
71.0 0 4 45 61.49695550351288 0.5
71.0 1 0 62 28.365699873896595 1
71.0 1 3 45 46.19774815348586 1.0
72.0 0 0 62 28.365699873896595 1
72.0 0 3 45 46.19774815348586 1.0
72.0 1 4 45 61.49695550351288 0.5
72.5 0 2 48 49.00816069176725 4
72.5 0 4 45 61.49695550351288 0.5
72.5 1 2 45 41.027976941091694 1.0
73.5 0 2 45 41.027976941091694 1.0
73.5 1 4 45 61.49695550351288 1.0
74.0 1 0 62 49.04863988470545 1
74.5 0 4 45 61.49695550351288 1.0
74.5 1 3 45 46.19774815348586 0.5
75.0 0 0 62 49.04863988470545 1
75.0 0 3 45 46.19774815348586 0.5
75.0 1 4 45 61.49695550351288 0.5
75.5 0 4 45 61.49695550351288 0.5
75.5 1 1 45 51.7665285534138 1.0
76.5 0 1 45 51.7665285534138 1.0
76.5 1 3 45 46.19774815348586 0.5
77.0 0 3 45 46.19774815348586 0.5
77.0 1 4 45 61.49695550351288 1.0
77.5 1 0 62 54.54224464060529 1
78.0 0 4 45 61.49695550351288 1.0
78.0 1 2 45 41.027976941091694 1.0
78.5 0 0 62 54.54224464060529 1
79.0 0 2 45 41.027976941091694 1.0
79.0 1 4 45 61.49695550351288 2.5
80.5 1 0 64 57.183030084669426 1
81.5 0 4 45 61.49695550351288 2.5
81.5 0 0 64 57.183030084669426 1
81.5 1 4 45 61.49695550351288 0.5
82.0 0 4 45 61.49695550351288 0.5
82.0 1 1 45 51.7665285534138 2
84.0 0 1 45 51.7665285534138 2
84.0 1 0 67 33.24247883264276 1
84.5 1 4 45 61.49695550351288 1.0
85.0 0 0 67 33.24247883264276 1
85.5 0 4 45 61.49695550351288 1.0
85.5 1 3 45 46.19774815348586 2
85.5 1 1 52 35.76760943974058 2
87.5 0 3 45 46.19774815348586 2
87.5 0 1 52 35.76760943974058 2
88.0 1 0 69 41.16483516483517 1
88.0 1 4 45 61.49695550351288 0.5
88.5 0 4 45 61.49695550351288 0.5
88.5 1 3 45 46.19774815348586 2
89.0 0 0 69 41.16483516483517 1
89.5 1 1 52 35.76760943974058 2
90.5 0 3 45 46.19774815348586 2
91.0 1 4 45 61.49695550351288 1.0
91.5 0 1 52 35.76760943974058 2
92.0 0 4 45 61.49695550351288 1.0
92.0 1 0 69 30.19690145919654 1
92.0 1 2 45 41.027976941091694 2.5
93.0 0 0 69 30.19690145919654 1
93.5 1 1 52 35.76760943974058 2
94.5 0 2 45 41.027976941091694 2.5
94.5 1 4 45 61.49695550351288 1.5
95.5 0 1 52 35.76760943974058 2
95.5 1 0 76 47.371644748693924 1
96.0 0 4 45 61.49695550351288 1.5
96.0 1 2 45 41.027976941091694 2.5
96.5 0 0 76 47.371644748693924 1
97.0 1 1 67 40.37452711223203 2
98.5 0 2 45 41.027976941091694 2.5
98.5 1 4 45 61.49695550351288 1.5
99.0 0 1 67 40.37452711223203 2
99.0 1 0 76 35.63267879661322 1
99.5 1 2 55 38.19828859664925 3.5
100.0 0 4 45 61.49695550351288 1.5
100.0 0 0 76 35.63267879661322 1
100.0 1 3 45 46.19774815348586 2
100.5 1 1 67 40.37452711223203 2
102.0 0 3 45 46.19774815348586 2
102.5 0 1 67 40.37452711223203 2
102.5 1 0 74 39.27580616105206 1
102.5 1 4 45 61.49695550351288 1.0
103.0 0 2 55 38.19828859664925 3.5
103.0 1 2 55 38.19828859664925 3.5
103.5 0 0 74 39.27580616105206 1
103.5 0 4 45 61.49695550351288 1.0
103.5 1 3 45 46.19774815348586 2
104.0 1 1 67 40.37452711223203 2
105.5 0 3 45 46.19774815348586 2
105.5 1 0 74 39.41073680417942 1
106.0 0 1 67 40.37452711223203 2
106.0 1 4 45 61.49695550351288 1.0
106.5 0 2 55 38.19828859664925 3.5
106.5 0 0 74 39.41073680417942 1
106.5 1 1 67 41.02990452170779 1.5
106.5 1 2 55 38.19828859664925 2.5
107.0 0 4 45 61.49695550351288 1.0
107.0 1 0 76 36.8856061970816 1
107.0 1 3 45 46.19774815348586 2
108.0 0 1 67 41.02990452170779 1.5
108.0 0 0 76 36.8856061970816 1
108.0 1 1 67 41.02990452170779 2
109.0 0 2 55 38.19828859664925 2.5
109.0 0 3 45 46.19774815348586 2
109.0 1 0 76 48.23905602594127 1
109.0 1 2 55 38.19828859664925 1.5
109.5 1 4 45 61.49695550351288 1.0
110.0 0 1 67 41.02990452170779 2
110.0 0 0 76 48.23905602594127 1
110.0 1 1 67 41.02990452170779 2
110.5 0 2 55 38.19828859664925 1.5
110.5 0 4 45 61.49695550351288 1.0
110.5 1 3 45 46.19774815348586 2
110.5 1 2 55 38.19828859664925 2.0
111.5 1 0 69 22.216717708520985 1
112.0 0 1 67 41.02990452170779 2
112.5 0 3 45 46.19774815348586 2
112.5 0 2 55 38.19828859664925 2.0
112.5 0 0 69 22.216717708520985 1
112.5 1 2 55 38.19828859664925 3.0
113.0 1 1 60 23.893712844532516 2
113.0 1 4 45 61.49695550351288 1.5
114.5 0 4 45 61.49695550351288 1.5
114.5 1 0 74 20.0 1
114.5 1 3 45 46.19774815348586 1.0
115.0 0 1 60 23.893712844532516 2
115.5 0 2 55 38.19828859664925 3.0
115.5 0 0 74 20.0 1
115.5 0 3 45 46.19774815348586 1.0
115.5 1 2 55 38.19828859664925 3.0
115.5 1 4 45 61.49695550351288 1.0
116.0 1 1 60 23.893712844532516 2
116.5 0 4 45 61.49695550351288 1.0
116.5 1 3 45 46.19774815348586 0.5
117.0 0 3 45 46.19774815348586 0.5
117.0 1 0 69 22.216717708520985 1
117.0 1 4 45 61.49695550351288 2.0
118.0 0 1 60 23.893712844532516 2
118.0 0 0 69 22.216717708520985 1
118.5 0 2 55 38.19828859664925 3.0
118.5 1 1 60 23.893712844532516 2
118.5 1 2 55 38.19828859664925 2.5
119.0 0 4 45 61.49695550351288 2.0
119.0 1 4 45 61.49695550351288 0.5
119.5 0 4 45 61.49695550351288 0.5
119.5 1 3 45 46.19774815348586 2
120.0 1 0 84 62.50315258511979 1
120.5 0 1 60 23.893712844532516 2
121.0 0 2 55 38.19828859664925 2.5
121.0 0 0 84 62.50315258511979 1
121.0 1 2 55 38.19828859664925 4
121.5 0 3 45 46.19774815348586 2
122.0 1 1 79 62.21401549270401 2
122.0 1 4 45 61.49695550351288 0.5
122.5 0 4 45 61.49695550351288 0.5
122.5 1 3 45 46.19774815348586 2
124.0 0 1 79 62.21401549270401 2
124.5 0 3 45 46.19774815348586 2
125.0 0 2 55 38.19828859664925 4
125.0 1 2 64 68.46323185011708 4
125.0 1 4 45 61.49695550351288 2.5
125.5 1 0 81 55.12051882543685 1
126.5 0 0 81 55.12051882543685 1
127.5 0 4 45 61.49695550351288 2.5
127.5 1 1 79 62.21401549270401 2
127.5 1 4 45 61.49695550351288 5.0
129.0 0 2 64 68.46323185011708 4
129.5 0 1 79 62.21401549270401 2
130.0 1 3 50 69.55231489821654 2
130.5 1 2 64 68.46323185011708 4
131.0 1 0 81 65.85714285714286 1
132.0 0 3 50 69.55231489821654 2
132.0 0 0 81 65.85714285714286 1
132.5 0 4 45 61.49695550351288 5.0
132.5 1 4 45 69.16294361376328 5.5
133.0 1 1 79 62.21401549270401 2
134.5 0 2 64 68.46323185011708 4
135.0 0 1 79 62.21401549270401 2
135.5 1 3 50 69.55231489821654 2
136.0 1 2 64 68.46323185011708 4
136.5 1 0 79 64.31507836425868 1
137.5 0 3 50 69.55231489821654 2
137.5 0 0 79 64.31507836425868 1
138.0 0 4 45 69.16294361376328 5.5
138.0 1 1 76 60.594847775175644 2
138.0 1 4 45 69.16294361376328 5.5
140.0 0 2 64 68.46323185011708 4
140.0 0 1 76 60.594847775175644 2
140.5 1 0 79 54.098901098901095 1
141.0 1 3 50 69.55231489821654 2
141.0 1 2 64 68.46323185011708 4
141.5 0 0 79 54.098901098901095 1
142.0 1 1 76 60.594847775175644 2
143.0 0 3 50 69.55231489821654 2
143.5 0 4 45 69.16294361376328 5.5
143.5 1 4 45 69.16294361376328 5.0
144.0 0 1 76 60.594847775175644 2
144.5 1 0 81 59.34192037470726 1
145.0 0 2 64 68.46323185011708 4
145.0 1 2 64 68.46323185011708 4
145.5 0 0 81 59.34192037470726 1
146.0 1 3 50 69.55231489821654 2
146.0 1 1 76 60.594847775175644 2
148.0 0 3 50 69.55231489821654 2
148.0 0 1 76 60.594847775175644 2
148.5 0 4 45 69.16294361376328 5.0
148.5 1 4 45 69.16294361376328 4.0
149.0 0 2 64 68.46323185011708 4
149.0 1 0 81 80.15979102864348 1
149.0 1 2 64 68.46323185011708 4
150.0 0 0 81 80.15979102864348 1
150.0 1 3 50 69.55231489821654 2
151.0 1 1 79 81.29706359214556 2
152.0 0 3 50 69.55231489821654 2
152.5 0 4 45 69.16294361376328 4.0
152.5 1 4 45 69.16294361376328 4.0
153.0 0 2 64 68.46323185011708 4
153.0 0 1 79 81.29706359214556 2
154.0 1 0 81 85.36425869212755 1
154.0 1 3 50 69.55231489821654 2
154.0 1 2 64 68.46323185011708 4
155.0 0 0 81 85.36425869212755 1
156.0 0 3 50 69.55231489821654 2
156.0 1 1 79 81.29706359214556 2
156.5 0 4 45 69.16294361376328 4.0
156.5 1 4 45 69.16294361376328 5.0
158.0 0 2 64 68.46323185011708 4
158.0 0 1 79 81.29706359214556 2
159.0 1 3 50 69.55231489821654 2
159.0 1 2 64 68.46323185011708 4
159.5 1 0 79 84.90163934426229 1
160.5 0 0 79 84.90163934426229 1
161.0 0 3 50 69.55231489821654 2
161.5 0 4 45 69.16294361376328 5.0
161.5 1 1 79 81.29706359214556 2
161.5 1 4 45 69.16294361376328 5.0
163.0 0 2 64 68.46323185011708 4
163.5 0 1 79 81.29706359214556 2
164.0 1 3 50 69.55231489821654 2
164.5 1 0 76 44.73085930462979 1
164.5 1 2 64 68.46323185011708 4
165.5 0 0 76 44.73085930462979 1
166.0 0 3 50 69.55231489821654 2
166.5 0 4 45 69.16294361376328 5.0
166.5 1 1 67 45.193478652495045 2
166.5 1 4 45 69.16294361376328 5.5
168.5 0 2 64 68.46323185011708 4
168.5 0 1 67 45.193478652495045 2
169.5 1 3 50 69.55231489821654 2
169.5 1 2 57 57.45867411277247 4
170.0 1 0 74 45.23203026481715 1
171.0 0 0 74 45.23203026481715 1
171.5 0 3 50 69.55231489821654 2
172.0 0 4 45 69.16294361376328 5.5
172.0 1 1 67 45.193478652495045 2
172.0 1 4 45 69.16294361376328 5.0
173.5 0 2 57 57.45867411277247 4
174.0 0 1 67 45.193478652495045 2
174.5 1 3 50 69.55231489821654 2
175.0 1 0 74 39.33363357953522 1
175.0 1 2 57 57.45867411277247 4
176.0 0 0 74 39.33363357953522 1
176.5 0 3 50 69.55231489821654 2
177.0 0 4 45 69.16294361376328 5.0
177.0 1 1 67 45.193478652495045 2
177.0 1 4 45 69.16294361376328 5.5
179.0 0 2 57 57.45867411277247 4
179.0 0 1 67 45.193478652495045 2
180.0 1 3 50 69.55231489821654 2
180.0 1 2 57 57.45867411277247 4
180.5 1 0 74 50.62925598991173 1
181.5 0 0 74 50.62925598991173 1
182.0 0 3 50 69.55231489821654 2
182.5 0 4 45 69.16294361376328 5.5
182.5 1 1 64 56.48910106287155 2
182.5 1 4 45 69.16294361376328 5.0
184.0 0 2 57 57.45867411277247 4
184.5 0 1 64 56.48910106287155 2
185.0 1 3 50 69.55231489821654 2
185.5 1 2 57 57.45867411277247 4
186.5 1 0 74 62.69591064673031 1
187.0 0 3 50 69.55231489821654 2
187.5 0 4 45 69.16294361376328 5.0
187.5 0 0 74 62.69591064673031 1
187.5 1 4 45 69.16294361376328 5.5
188.5 1 1 64 56.48910106287155 2
189.5 0 2 57 57.45867411277247 4
190.5 0 1 64 56.48910106287155 2
190.5 1 3 50 69.55231489821654 2
191.5 1 2 57 57.45867411277247 4
192.5 0 3 50 69.55231489821654 2
192.5 1 0 76 55.60241397946315 1
193.0 0 4 45 69.16294361376328 5.5
193.0 1 4 45 69.16294361376328 6.0
193.5 0 0 76 55.60241397946315 1
194.5 1 1 64 56.48910106287155 2
195.5 0 2 57 57.45867411277247 4
196.5 0 1 64 56.48910106287155 2
196.5 1 3 50 69.55231489821654 2
197.5 1 2 57 57.45867411277247 4
198.5 0 3 50 69.55231489821654 2
198.5 1 0 69 57.375788146279945 1
199.0 0 4 45 69.16294361376328 6.0
199.0 1 4 45 69.16294361376328 6.0
199.5 0 0 69 57.375788146279945 1
200.5 1 1 55 56.720410736804176 2
201.5 0 2 57 57.45867411277247 4
202.5 0 1 55 56.720410736804176 2
202.5 1 3 50 69.55231489821654 2
203.5 1 0 69 62.21401549270401 1
203.5 1 2 57 57.45867411277247 4
204.5 0 3 50 69.55231489821654 2
204.5 0 0 69 62.21401549270401 1
205.0 0 4 45 69.16294361376328 6.0
205.0 1 4 45 69.16294361376328 6.0
205.5 1 1 55 56.720410736804176 2
207.5 0 2 57 57.45867411277247 4
207.5 0 1 55 56.720410736804176 2
208.5 1 3 50 69.55231489821654 2
208.5 1 2 57 57.45867411277247 4
209.0 1 0 69 50.14736083588542 1
210.0 0 0 69 50.14736083588542 1
210.5 0 3 50 69.55231489821654 2
211.0 0 4 45 69.16294361376328 6.0
211.0 1 1 55 56.720410736804176 2
211.0 1 4 45 69.16294361376328 5.0
212.5 0 2 57 57.45867411277247 4
213.0 0 1 55 56.720410736804176 2
213.5 1 3 50 69.55231489821654 2
214.0 1 2 57 57.45867411277247 4
214.5 1 0 72 94.21185372005043 1
215.5 0 3 50 69.55231489821654 2
215.5 0 0 72 94.21185372005043 1
216.0 0 4 45 69.16294361376328 5.0
216.0 1 4 45 69.16294361376328 5.5
216.5 1 1 64 93.9805440461178 2
218.0 0 2 57 57.45867411277247 4
218.5 0 1 64 93.9805440461178 2
219.0 1 3 50 69.55231489821654 2
219.5 1 0 76 94.19257791388937 1
219.5 1 2 57 81.70378310214375 4
220.5 0 0 76 94.19257791388937 1
221.0 0 3 50 69.55231489821654 2
221.5 0 4 45 69.16294361376328 5.5
221.5 1 1 64 93.9805440461178 2
221.5 1 4 45 69.16294361376328 5.5
223.5 0 2 57 81.70378310214375 4
223.5 0 1 64 93.9805440461178 2
224.5 1 0 74 99.82111331291658 1
224.5 1 3 50 69.55231489821654 2
224.5 1 2 57 81.70378310214375 4
225.5 0 0 74 99.82111331291658 1
226.5 0 3 50 69.55231489821654 2
226.5 1 1 64 93.9805440461178 2
227.0 0 4 45 69.16294361376328 5.5
227.0 1 4 45 69.16294361376328 5.0
228.5 0 2 57 81.70378310214375 4
228.5 0 1 64 93.9805440461178 2
229.5 1 3 50 69.55231489821654 2
229.5 1 2 57 81.70378310214375 4
230.0 1 0 76 89.89407313997476 1
231.0 0 0 76 89.89407313997476 1
231.5 0 3 50 69.55231489821654 2
232.0 0 4 45 69.16294361376328 5.0
232.0 1 1 69 83.57160871914968 2
232.0 1 4 45 69.16294361376328 5.0
233.5 0 2 57 81.70378310214375 4
234.0 0 1 69 83.57160871914968 2
234.5 1 3 50 69.55231489821654 2
235.0 1 2 57 81.70378310214375 4
236.0 1 0 79 83.91857323004864 1
236.5 0 3 50 69.55231489821654 2
237.0 0 4 45 69.16294361376328 5.0
237.0 0 0 79 83.91857323004864 1
237.0 1 4 45 69.16294361376328 5.5
238.0 1 1 69 83.57160871914968 2
239.0 0 2 57 81.70378310214375 4
240.0 0 1 69 83.57160871914968 2
240.0 1 3 50 69.55231489821654 2
241.0 1 2 57 81.70378310214375 4
242.0 0 3 50 69.55231489821654 2
242.0 1 0 76 77.84669428931723 1
242.5 0 4 45 69.16294361376328 5.5
242.5 1 4 45 69.16294361376328 6.0
243.0 0 0 76 77.84669428931723 1
244.0 1 1 69 83.57160871914968 2
245.0 0 2 57 81.70378310214375 4
246.0 0 1 69 83.57160871914968 2
246.0 1 3 50 69.55231489821654 2
247.0 1 2 57 81.70378310214375 3.5
248.0 0 3 50 69.55231489821654 2
248.5 0 4 45 69.16294361376328 6.0
248.5 1 0 69 88.08214736083588 1
248.5 1 4 45 69.16294361376328 6.0
249.5 0 0 69 88.08214736083588 1
250.5 0 2 57 81.70378310214375 3.5
250.5 1 1 57 81.56692487840029 2
252.0 1 3 50 69.55231489821654 2
252.5 0 1 57 81.56692487840029 2
253.5 1 2 57 81.70378310214375 3.0
254.0 0 3 50 69.55231489821654 2
254.5 0 4 45 69.16294361376328 6.0
254.5 1 0 69 76.0540443163394 1
254.5 1 4 45 69.16294361376328 6.5
255.5 0 0 69 76.0540443163394 1
256.5 0 2 57 81.70378310214375 3.0
256.5 1 1 57 81.56692487840029 2
258.5 0 1 57 81.56692487840029 2
258.5 1 3 50 69.55231489821654 2
259.5 1 2 57 81.70378310214375 3.0
260.5 0 3 50 69.55231489821654 2
260.5 1 0 69 80.50675553954241 1
261.0 0 4 45 69.16294361376328 6.5
261.0 1 4 45 69.16294361376328 6.0
261.5 0 0 69 80.50675553954241 1
262.5 0 2 57 81.70378310214375 3.0
262.5 1 1 57 81.56692487840029 2
264.5 0 1 57 81.56692487840029 2
264.5 1 3 50 69.55231489821654 2
265.5 1 2 57 81.70378310214375 4
266.5 0 3 50 69.55231489821654 2
267.0 0 4 45 69.16294361376328 6.0
267.0 1 4 45 69.16294361376328 6.0
269.5 0 2 57 81.70378310214375 4
270.5 1 3 50 69.55231489821654 2
272.5 0 3 50 69.55231489821654 2
273.0 0 4 45 69.16294361376328 6.0
273.0 1 4 45 69.16294361376328 8
281.0 0 4 45 69.16294361376328 8
