2.5
4.0
5.0
7.0
11.0
16.0
21.0
27.0
76.0
78.5
81.0
84.5
88.0
91.5
94.0
96.5
98.5
101.0
103.0
105.0
106.5
108.0
109.5
112.5
115.5
118.5
119.5
121.0
122.0
124.0
126.0
127.5
128.5
130.0
131.0
132.5
133.5
135.0
136.0
137.5
139.0
141.0
143.0
144.5
147.0
149.5
152.5
156.0
159.0
162.5
166.5
170.5
174.0
177.5
181.0
184.5
186.0
188.0
190.0
193.0
195.5
197.5
203.0
208.5
214.5
218.5
223.0
227.5
232.5
237.5
242.0
247.0
251.5
256.5
262.5
268.5
274.5
279.0
284.0
289.0
293.5
298.5
303.5
309.5
315.5
321.5
327.0
333.0
338.0
