5.5
6.0
6.5
8.5
8.5
9.5
10.0
11.0
12.0
14.0
14.5
14.5
14.5
16.5
19.0
20.0
20.0
20.5
20.5
22.5
24.0
24.5
24.5
25.0
25.0
26.0
26.5
27.0
27.5
27.5
29.0
29.5
29.5
30.0
30.0
31.0
31.0
32.0
32.0
33.0
33.5
33.5
34.5
35.5
37.0
37.5
38.0
38.0
38.0
40.0
42.5
43.5
44.0
44.0
46.0
47.5
48.0
48.0
48.5
50.0
50.5
51.0
51.0
53.0
53.5
57.0
78.5
81.0
83.5
88.0
91.5
95.0
96.5
99.0
101.0
103.0
105.0
107.0
108.0
109.5
111.0
115.5
118.5
120.5
121.5
122.0
123.0
125.5
127.5
129.0
129.5
131.0
132.0
134.0
135.0
136.5
137.5
139.0
140.5
142.5
144.5
146.0
149.5
152.0
155.0
159.0
162.0
165.5
170.0
174.0
177.5
181.0
184.5
188.0
188.0
190.0
192.0
195.5
198.0
200.0
208.5
214.0
220.0
223.0
227.5
232.0
237.5
242.5
247.0
252.0
256.5
261.5
268.5
274.5
280.5
284.0
289.0
294.0
298.5
303.5
308.5
315.5
321.5
327.5
332.5
338.5
343.5
