2.5 1 0 79 100.85830903790087 1
3.5 0 0 79 100.85830903790087 1
4.0 1 0 69 126.99999999999999 1
5.0 0 0 69 126.99999999999999 1
5.0 1 0 60 102.85481049562681 1
5.5 1 1 67 90.68862973760935 2
6.0 0 0 60 102.85481049562681 1
6.0 1 1 57 106.28629737609329 2
6.5 1 1 45 92.31078717201167 2
7.0 1 0 60 52.692711370262394 1
7.5 0 1 67 90.68862973760935 2
8.0 0 1 57 106.28629737609329 2
8.0 0 0 60 52.692711370262394 1
8.5 0 1 45 92.31078717201167 2
8.5 1 1 57 106.28629737609329 2
8.5 1 1 45 92.31078717201167 2
9.5 1 1 43 62.86239067055393 0.5
10.0 0 1 43 62.86239067055393 0.5
10.0 1 1 43 62.86239067055393 2
10.5 0 1 57 106.28629737609329 2
10.5 0 1 45 92.31078717201167 2
11.0 1 0 67 26.92536443148688 1
12.0 0 1 43 62.86239067055393 2
12.0 0 0 67 26.92536443148688 1
14.0 1 1 52 47.45189504373177 0.5
14.5 0 1 52 47.45189504373177 0.5
14.5 1 1 52 47.45189504373177 2
16.0 1 0 84 52.94227405247815 1
16.5 0 1 52 47.45189504373177 2
17.0 0 0 84 52.94227405247815 1
18.5 1 1 67 90.68862973760935 2
20.0 1 1 64 60.7411078717201 2
20.5 0 1 67 90.68862973760935 2
21.0 1 0 79 20.0 1
22.0 0 1 64 60.7411078717201 2
22.0 0 0 79 20.0 1
24.5 1 1 52 47.45189504373177 2
25.0 1 1 64 60.7411078717201 2
26.5 0 1 52 47.45189504373177 2
27.0 0 1 64 60.7411078717201 2
27.0 1 0 79 46.70320699708455 1
28.0 0 0 79 46.70320699708455 1
29.5 1 1 52 47.45189504373177 2
31.0 1 1 64 60.7411078717201 2
31.5 0 1 52 47.45189504373177 2
33.0 0 1 64 60.7411078717201 2
35.5 1 1 52 47.45189504373177 2
37.5 0 1 52 47.45189504373177 2
38.5 1 0 72 111.36732120338677 1
39.5 0 0 72 111.36732120338677 1
41.0 1 0 74 105.62313096739325 1
41.0 1 1 62 111.17456314177625 2
42.0 0 0 74 105.62313096739325 1
43.0 0 1 62 111.17456314177625 2
43.5 1 0 74 117.63195820572871 1
43.5 1 1 62 111.17456314177625 2
44.5 0 0 74 117.63195820572871 1
44.5 1 2 50 109.02723833543504 2.5
45.5 0 1 62 111.17456314177625 2
46.0 1 1 62 111.17456314177625 2
47.0 0 2 50 109.02723833543504 2.5
47.0 1 0 69 103.86903260673752 1
47.0 1 2 50 109.02723833543504 2.5
48.0 0 1 62 111.17456314177625 2
48.0 0 0 69 103.86903260673752 1
49.5 0 2 50 109.02723833543504 2.5
49.5 1 2 50 109.02723833543504 4
50.0 1 3 43 96.77168077823814 2
50.5 1 0 67 108.9000180147721 1
50.5 1 1 57 109.49756800576472 2
51.5 0 0 67 108.9000180147721 1
52.0 0 3 43 96.77168077823814 2
52.5 0 1 57 109.49756800576472 2
52.5 1 3 43 96.77168077823814 1.5
53.5 0 2 50 109.02723833543504 4
54.0 0 3 43 96.77168077823814 1.5
54.0 1 0 69 115.95496306971715 1
54.0 1 1 57 109.49756800576472 2
54.0 1 2 50 109.02723833543504 3.5
54.0 1 4 43 82.61360115294542 1.0
55.0 0 0 69 115.95496306971715 1
55.0 0 4 43 82.61360115294542 1.0
55.0 1 3 43 96.77168077823814 1.5
56.0 0 1 57 109.49756800576472 2
56.5 0 3 43 96.77168077823814 1.5
56.5 1 0 67 127.0 1
56.5 1 4 43 82.61360115294542 2.5
57.5 0 2 50 109.02723833543504 3.5
57.5 0 0 67 127.0 1
57.5 1 1 57 109.49756800576472 2
57.5 1 2 50 109.02723833543504 1.5
59.0 0 4 43 82.61360115294542 2.5
59.0 0 2 50 109.02723833543504 1.5
59.0 1 0 64 120.58115654836966 1
59.0 1 1 50 120.94546928481354 2
59.0 1 4 43 82.61360115294542 0.5
59.5 0 1 57 109.49756800576472 2
59.5 0 4 43 82.61360115294542 0.5
59.5 1 3 43 96.77168077823814 2
60.0 0 0 64 120.58115654836966 1
61.0 0 1 50 120.94546928481354 2
61.0 1 0 67 121.31363718248963 1
61.0 1 2 50 109.02723833543504 0.5
61.5 0 3 43 96.77168077823814 2
61.5 0 2 50 109.02723833543504 0.5
61.5 1 1 50 120.94546928481354 1.0
62.0 0 0 67 121.31363718248963 1
62.5 0 1 50 120.94546928481354 1.0
62.5 1 2 50 109.02723833543504 1.0
63.0 1 3 43 96.77168077823814 0.5
63.5 0 2 50 109.02723833543504 1.0
63.5 0 3 43 96.77168077823814 0.5
63.5 1 0 62 79.60079264997296 1
63.5 1 1 50 120.94546928481354 1.5
63.5 1 4 43 82.61360115294542 3.0
64.5 0 0 62 79.60079264997296 1
65.0 0 1 50 120.94546928481354 1.5
65.0 1 2 50 109.02723833543504 2.0
65.0 1 5 31 81.80787245541345 2.5
65.5 1 0 62 79.27310394523508 1
65.5 1 1 40 83.0511619528013 2
66.5 0 4 43 82.61360115294542 3.0
66.5 0 0 62 79.27310394523508 1
66.5 1 3 43 96.77168077823814 0.5
67.0 0 2 50 109.02723833543504 2.0
67.0 0 3 43 96.77168077823814 0.5
67.0 1 2 50 109.02723833543504 4
67.0 1 4 43 82.61360115294542 1.0
67.5 0 5 31 81.80787245541345 2.5
67.5 0 1 40 83.0511619528013 2
67.5 1 0 60 83.34029904521708 1
67.5 1 1 40 83.0511619528013 1.5
67.5 1 5 31 81.80787245541345 2.5
68.0 0 4 43 82.61360115294542 1.0
68.0 1 3 43 96.77168077823814 2
68.5 0 0 60 83.34029904521708 1
69.0 0 1 40 83.0511619528013 1.5
69.0 1 0 60 103.13655197261754 1
69.0 1 2 40 96.61747432894974 0.5
69.5 0 2 40 96.61747432894974 0.5
69.5 1 1 40 83.0511619528013 1.0
70.0 0 5 31 81.80787245541345 2.5
70.0 0 3 43 96.77168077823814 2
70.0 0 0 60 103.13655197261754 1
70.0 1 5 31 81.80787245541345 4.5
70.5 0 1 40 83.0511619528013 1.0
70.5 1 0 62 100.36083588542604 1
70.5 1 1 40 103.56061970816069 0.5
70.5 1 4 43 82.61360115294542 1.5
71.0 0 2 50 109.02723833543504 4
71.0 0 1 40 103.56061970816069 0.5
71.0 1 2 40 96.61747432894974 1.0
71.5 0 0 62 100.36083588542604 1
72.0 0 4 43 82.61360115294542 1.5
72.0 0 2 40 96.61747432894974 1.0
72.0 1 0 62 110.69266798774994 1
72.0 1 1 40 103.56061970816069 1.0
72.0 1 4 43 82.61360115294542 0.5
72.5 0 4 43 82.61360115294542 0.5
72.5 1 3 43 96.77168077823814 2
73.0 0 0 62 110.69266798774994 1
73.0 0 1 40 103.56061970816069 1.0
73.0 1 2 40 96.61747432894974 0.5
73.5 0 2 40 96.61747432894974 0.5
73.5 1 1 40 103.56061970816069 0.5
74.0 0 1 40 103.56061970816069 0.5
74.0 1 2 40 96.61747432894974 1.5
74.5 0 5 31 81.80787245541345 4.5
74.5 0 3 43 96.77168077823814 2
74.5 1 4 43 82.61360115294542 2.0
74.5 1 5 31 81.80787245541345 3.5
75.0 1 0 62 109.65177445505313 1
75.5 0 2 40 96.61747432894974 1.5
75.5 1 2 40 96.61747432894974 1.5
76.0 0 0 62 109.65177445505313 1
76.5 0 4 43 82.61360115294542 2.0
76.5 1 4 43 82.61360115294542 2.0
77.0 0 2 40 96.61747432894974 1.5
77.0 1 2 40 96.61747432894974 1.0
78.0 0 5 31 81.80787245541345 3.5
78.0 0 2 40 96.61747432894974 1.0
78.0 1 0 64 98.72239236173661 1
78.0 1 1 40 102.71248423707439 2
78.0 1 5 31 81.80787245541345 3.5
78.5 0 4 43 82.61360115294542 2.0
78.5 1 4 43 82.61360115294542 1.0
79.0 0 0 64 98.72239236173661 1
79.5 0 4 43 82.61360115294542 1.0
79.5 1 3 43 96.77168077823814 1.0
80.0 0 1 40 102.71248423707439 2
80.5 0 3 43 96.77168077823814 1.0
80.5 1 4 43 82.61360115294542 0.5
81.0 0 4 43 82.61360115294542 0.5
81.0 1 0 60 102.90524229868491 1
81.0 1 3 43 96.77168077823814 1.5
81.0 1 1 40 102.71248423707439 0.5
81.5 0 5 31 81.80787245541345 3.5
81.5 0 1 40 102.71248423707439 0.5
81.5 1 2 40 96.61747432894974 2.5
81.5 1 5 31 81.80787245541345 1.5
82.0 0 0 60 102.90524229868491 1
82.0 1 0 64 86.34732480634119 1
82.5 0 3 43 96.77168077823814 1.5
82.5 1 4 43 82.61360115294542 1.0
83.0 0 5 31 81.80787245541345 1.5
83.0 0 0 64 86.34732480634119 1
83.0 1 1 48 83.76436678076021 1.5
83.0 1 5 31 81.80787245541345 2.5
83.5 0 4 43 82.61360115294542 1.0
83.5 1 0 64 77.73103945235093 1
83.5 1 4 43 82.61360115294542 1.5
84.0 0 2 40 96.61747432894974 2.5
84.0 1 1 40 102.71248423707439 0.5
84.5 0 1 48 83.76436678076021 1.5
84.5 0 0 64 77.73103945235093 1
84.5 0 1 40 102.71248423707439 0.5
84.5 1 0 67 81.93316519546026 1
84.5 1 1 48 83.76436678076021 1.0
84.5 1 2 40 96.61747432894974 3.0
85.0 0 4 43 82.61360115294542 1.5
85.0 1 4 43 82.61360115294542 1.5
85.5 0 5 31 81.80787245541345 2.5
85.5 0 0 67 81.93316519546026 1
85.5 0 1 48 83.76436678076021 1.0
85.5 1 2 48 93.94392001441182 1.5
85.5 1 5 31 81.80787245541345 2.0
86.5 0 4 43 82.61360115294542 1.5
86.5 1 0 72 82.58854260493604 1
86.5 1 4 43 82.61360115294542 0.5
87.0 0 2 48 93.94392001441182 1.5
87.0 0 4 43 82.61360115294542 0.5
87.0 1 3 43 96.77168077823814 2
87.0 1 2 48 93.94392001441182 1.0
87.5 0 2 40 96.61747432894974 3.0
87.5 0 5 31 81.80787245541345 2.0
87.5 0 0 72 82.58854260493604 1
87.5 1 2 40 96.61747432894974 4
87.5 1 5 31 81.80787245541345 2.0
88.0 0 2 48 93.94392001441182 1.0
88.0 1 1 60 89.00738605656638 2
88.0 1 2 48 93.94392001441182 2.5
88.5 1 0 74 94.01909565843991 1
89.0 0 3 43 96.77168077823814 2
89.5 0 5 31 81.80787245541345 2.0
89.5 0 0 74 94.01909565843991 1
89.5 1 5 31 81.80787245541345 2.0
90.0 0 1 60 89.00738605656638 2
90.0 1 0 72 87.88938929922536 1
90.0 1 3 43 96.77168077823814 1.0
90.0 1 1 60 89.00738605656638 1.5
90.5 0 2 48 93.94392001441182 2.5
90.5 1 2 48 93.94392001441182 2.0
91.0 0 0 72 87.88938929922536 1
91.0 0 3 43 96.77168077823814 1.0
91.0 1 0 69 103.86903260673752 1
91.0 1 4 43 82.61360115294542 1.5
91.5 0 2 40 96.61747432894974 4
91.5 0 5 31 81.80787245541345 2.0
91.5 0 1 60 89.00738605656638 1.5
91.5 1 1 60 89.00738605656638 2
91.5 1 5 31 81.80787245541345 2.0
92.0 0 0 69 103.86903260673752 1
92.0 1 1 52 105.6424067735543 1.5
92.5 0 2 48 93.94392001441182 2.0
92.5 0 4 43 82.61360115294542 1.5
92.5 1 0 69 111.09745991713204 1
92.5 1 3 43 96.77168077823814 0.5
92.5 1 2 48 93.94392001441182 1.5
93.0 0 3 43 96.77168077823814 0.5
93.0 1 3 43 96.77168077823814 0.5
93.5 0 1 60 89.00738605656638 2
93.5 0 5 31 81.80787245541345 2.0
93.5 0 1 52 105.6424067735543 1.5
93.5 0 0 69 111.09745991713204 1
93.5 0 3 43 96.77168077823814 0.5
93.5 1 0 64 107.9362277067195 1
93.5 1 3 43 96.77168077823814 0.5
93.5 1 1 52 105.6424067735543 1.0
93.5 1 5 31 81.80787245541345 1.0
94.0 0 2 48 93.94392001441182 1.5
94.0 0 3 43 96.77168077823814 0.5
94.0 1 2 48 93.94392001441182 0.5
94.0 1 4 43 82.61360115294542 1.0
94.5 0 0 64 107.9362277067195 1
94.5 0 1 52 105.6424067735543 1.0
94.5 0 5 31 81.80787245541345 1.0
94.5 0 2 48 93.94392001441182 0.5
94.5 1 1 52 105.6424067735543 2
94.5 1 2 48 93.94392001441182 1.5
94.5 1 5 31 81.80787245541345 1.5
95.0 0 4 43 82.61360115294542 1.0
95.0 1 0 69 64.68131868131869 1
95.0 1 4 43 82.61360115294542 1.0
96.0 0 2 48 93.94392001441182 1.5
96.0 0 5 31 81.80787245541345 1.5
96.0 0 0 69 64.68131868131869 1
96.0 0 4 43 82.61360115294542 1.0
96.0 1 0 69 60.2093316519546 1
96.0 1 3 43 96.77168077823814 0.5
96.0 1 2 48 93.94392001441182 1.0
96.0 1 5 31 81.80787245541345 1.5
96.5 0 1 52 105.6424067735543 2
96.5 0 3 43 96.77168077823814 0.5
96.5 1 1 55 58.51306070978202 1.0
96.5 1 4 43 82.61360115294542 0.5
97.0 0 0 69 60.2093316519546 1
97.0 0 2 48 93.94392001441182 1.0
97.0 0 4 43 82.61360115294542 0.5
97.0 1 2 48 93.94392001441182 2.5
97.0 1 4 43 82.61360115294542 0.5
97.5 0 5 31 81.80787245541345 1.5
97.5 0 1 55 58.51306070978202 1.0
97.5 0 4 43 82.61360115294542 0.5
97.5 1 0 72 55.56386236714105 1
97.5 1 1 55 58.51306070978202 1.5
97.5 1 4 43 82.61360115294542 0.5
97.5 1 5 31 81.80787245541345 4.5
98.0 0 4 43 82.61360115294542 0.5
98.0 1 3 43 96.77168077823814 1.5
98.5 0 0 72 55.56386236714105 1
98.5 1 0 67 38.81318681318681 1
99.0 0 1 55 58.51306070978202 1.5
99.0 1 1 55 58.51306070978202 2
99.5 0 2 48 93.94392001441182 2.5
99.5 0 3 43 96.77168077823814 1.5
99.5 0 0 67 38.81318681318681 1
99.5 1 3 43 96.77168077823814 0.5
99.5 1 2 48 49.00816069176725 1.0
100.0 0 3 43 96.77168077823814 0.5
100.0 1 0 64 32.240136912268056 1
100.0 1 1 50 36.96270942172581 1.5
100.0 1 4 43 82.61360115294542 1.5
100.5 0 2 48 49.00816069176725 1.0
100.5 1 2 48 49.00816069176725 1.5
101.0 0 1 55 58.51306070978202 2
101.0 0 0 64 32.240136912268056 1
101.5 0 1 50 36.96270942172581 1.5
101.5 0 4 43 82.61360115294542 1.5
101.5 1 0 69 33.74364979283012 1
101.5 1 3 43 96.77168077823814 0.5
101.5 1 1 50 36.96270942172581 1.5
102.0 0 5 31 81.80787245541345 4.5
102.0 0 2 48 49.00816069176725 1.5
102.0 0 3 43 96.77168077823814 0.5
102.0 1 2 48 49.00816069176725 1.0
102.0 1 4 43 82.61360115294542 0.5
102.0 1 5 31 81.80787245541345 3.0
102.5 0 0 69 33.74364979283012 1
102.5 0 4 43 82.61360115294542 0.5
102.5 1 3 43 96.77168077823814 1.0
103.0 0 1 50 36.96270942172581 1.5
103.0 0 2 48 49.00816069176725 1.0
103.0 1 1 50 36.96270942172581 2
103.0 1 2 48 49.00816069176725 1.5
103.5 0 3 43 96.77168077823814 1.0
103.5 1 0 64 61.115294541524044 1
103.5 1 4 43 82.61360115294542 0.5
104.0 0 4 43 82.61360115294542 0.5
104.0 1 4 43 82.61360115294542 1.5
104.5 0 2 48 49.00816069176725 1.5
104.5 0 0 64 61.115294541524044 1
104.5 1 2 48 49.00816069176725 1.5
105.0 0 5 31 81.80787245541345 3.0
105.0 0 1 50 36.96270942172581 2
105.0 1 1 45 54.40731399747793 1.0
105.0 1 5 31 81.80787245541345 1.0
105.5 0 4 43 82.61360115294542 1.5
105.5 1 0 62 49.85822374346964 1
105.5 1 4 43 82.61360115294542 1.0
106.0 0 2 48 49.00816069176725 1.5
106.0 0 1 45 54.40731399747793 1.0
106.0 0 5 31 81.80787245541345 1.0
106.0 1 3 45 46.19774815348586 1.0
106.0 1 2 48 49.00816069176725 2.0
106.0 1 5 31 81.80787245541345 1.5
106.5 0 0 62 49.85822374346964 1
106.5 0 4 43 82.61360115294542 1.0
106.5 1 4 43 82.61360115294542 8
107.0 0 3 45 46.19774815348586 1.0
107.0 1 0 62 55.04341560079265 1
107.0 1 1 45 54.40731399747793 0.5
107.5 0 5 31 81.80787245541345 1.5
107.5 0 1 45 54.40731399747793 0.5
107.5 1 3 45 46.19774815348586 1.0
107.5 1 5 31 81.80787245541345 0.5
108.0 0 2 48 49.00816069176725 2.0
108.0 0 0 62 55.04341560079265 1
108.0 0 5 31 81.80787245541345 0.5
108.0 1 2 48 49.00816069176725 2.0
108.0 1 5 31 81.80787245541345 0.5
108.5 0 3 45 46.19774815348586 1.0
108.5 0 5 31 81.80787245541345 0.5
108.5 1 1 45 54.40731399747793 0.5
108.5 1 5 31 81.80787245541345 2.5
109.0 0 1 45 54.40731399747793 0.5
109.0 1 4 45 61.49695550351288 1.0
109.5 1 0 64 24.87677895874617 1
110.0 0 2 48 49.00816069176725 2.0
110.0 0 4 45 61.49695550351288 1.0
110.0 1 2 48 49.00816069176725 1.5
110.0 1 4 45 61.49695550351288 1.5
110.5 0 0 64 24.87677895874617 1
111.0 0 5 31 81.80787245541345 2.5
111.0 1 5 31 81.80787245541345 2.0
111.5 0 2 48 49.00816069176725 1.5
111.5 0 4 45 61.49695550351288 1.5
111.5 1 2 48 49.00816069176725 4
111.5 1 4 45 61.49695550351288 0.5
112.0 0 4 45 61.49695550351288 0.5
112.0 1 0 62 33.358133669609074 1
112.0 1 1 45 30.640245000900734 0.5
112.5 0 1 45 30.640245000900734 0.5
112.5 1 4 45 61.49695550351288 1.0
113.0 0 5 31 81.80787245541345 2.0
113.0 0 0 62 33.358133669609074 1
113.0 1 5 31 81.80787245541345 1.5
113.5 0 4 45 61.49695550351288 1.0
113.5 1 3 45 46.19774815348586 0.5
114.0 0 3 45 46.19774815348586 0.5
114.0 1 4 45 61.49695550351288 0.5
114.5 0 4 43 82.61360115294542 8
114.5 0 5 31 81.80787245541345 1.5
114.5 0 4 45 61.49695550351288 0.5
114.5 1 1 45 30.640245000900734 1.0
114.5 1 5 31 81.80787245541345 0.5
115.0 0 5 31 81.80787245541345 0.5
115.0 1 0 62 28.365699873896595 1
115.0 1 5 31 81.80787245541345 1.5
115.5 0 2 48 49.00816069176725 4
115.5 0 1 45 30.640245000900734 1.0
115.5 1 4 45 61.49695550351288 0.5
116.0 0 0 62 28.365699873896595 1
116.0 0 4 45 61.49695550351288 0.5
116.0 1 2 45 41.027976941091694 1.0
116.5 0 5 31 81.80787245541345 1.5
116.5 1 5 31 81.80787245541345 1.0
117.0 0 2 45 41.027976941091694 1.0
117.0 1 3 45 46.19774815348586 0.5
117.5 0 5 31 81.80787245541345 1.0
117.5 0 3 45 46.19774815348586 0.5
117.5 1 4 45 61.49695550351288 1.0
117.5 1 5 31 81.80787245541345 16
118.5 0 4 45 61.49695550351288 1.0
118.5 1 0 62 49.04863988470545 1
118.5 1 2 45 41.027976941091694 1.0
119.5 0 0 62 49.04863988470545 1
119.5 0 2 45 41.027976941091694 1.0
119.5 1 4 45 61.49695550351288 1.5
119.5 1 5 40 85.19655917852639 1.0
120.5 0 5 40 85.19655917852639 1.0
120.5 1 5 40 85.19655917852639 1.5
121.0 0 4 45 61.49695550351288 1.5
121.0 1 4 45 61.49695550351288 0.5
121.5 0 4 45 61.49695550351288 0.5
121.5 1 0 62 54.54224464060529 1
121.5 1 2 45 41.027976941091694 2.5
122.0 0 5 40 85.19655917852639 1.5
122.0 1 5 40 85.19655917852639 1.0
122.5 0 0 62 54.54224464060529 1
123.0 0 5 40 85.19655917852639 1.0
123.0 1 5 40 85.19655917852639 1.5
124.0 0 2 45 41.027976941091694 2.5
124.0 1 3 45 46.19774815348586 0.5
124.5 0 5 40 85.19655917852639 1.5
124.5 0 3 45 46.19774815348586 0.5
124.5 1 1 45 51.7665285534138 1.0
124.5 1 5 40 85.19655917852639 1.5
125.0 1 0 64 57.183030084669426 1
125.5 0 1 45 51.7665285534138 1.0
125.5 1 4 45 61.49695550351288 1.5
126.0 0 5 40 85.19655917852639 1.5
126.0 0 0 64 57.183030084669426 1
126.0 1 5 40 85.19655917852639 2.0
127.0 0 4 45 61.49695550351288 1.5
127.0 1 3 45 46.19774815348586 1.0
128.0 0 5 40 85.19655917852639 2.0
128.0 0 3 45 46.19774815348586 1.0
128.0 1 4 45 61.49695550351288 0.5
128.0 1 5 40 85.19655917852639 2.0
128.5 0 4 45 61.49695550351288 0.5
128.5 1 2 45 41.027976941091694 2.5
129.0 1 0 67 33.24247883264276 1
130.0 0 5 40 85.19655917852639 2.0
130.0 0 0 67 33.24247883264276 1
130.0 1 5 40 85.19655917852639 1.5
131.0 0 2 45 41.027976941091694 2.5
131.0 1 4 45 61.49695550351288 1.0
131.5 0 5 40 85.19655917852639 1.5
131.5 1 5 40 85.19655917852639 4.5
132.0 0 4 45 61.49695550351288 1.0
132.0 1 2 45 41.027976941091694 2.0
132.5 1 1 52 35.76760943974058 2
133.0 1 0 69 41.16483516483517 1
133.5 0 5 31 81.80787245541345 16
134.0 0 2 45 41.027976941091694 2.0
134.0 0 0 69 41.16483516483517 1
134.0 1 3 45 46.19774815348586 1.0
134.5 0 1 52 35.76760943974058 2
135.0 0 3 45 46.19774815348586 1.0
135.0 1 4 45 61.49695550351288 1.5
136.0 0 5 40 85.19655917852639 4.5
136.0 1 5 40 85.19655917852639 2.5
136.5 0 4 45 61.49695550351288 1.5
136.5 1 0 69 30.19690145919654 1
136.5 1 1 52 35.76760943974058 2
136.5 1 2 45 41.027976941091694 1.0
137.5 0 0 69 30.19690145919654 1
137.5 0 2 45 41.027976941091694 1.0
137.5 1 3 45 46.19774815348586 0.5
138.0 0 3 45 46.19774815348586 0.5
138.0 1 4 45 61.49695550351288 2.5
138.5 0 5 40 85.19655917852639 2.5
138.5 0 1 52 35.76760943974058 2
138.5 1 5 40 85.19655917852639 3.0
140.0 1 0 76 47.371644748693924 1
140.0 1 1 52 35.76760943974058 2
140.5 0 4 45 61.49695550351288 2.5
140.5 1 2 45 41.027976941091694 1.0
141.0 0 0 76 47.371644748693924 1
141.5 0 5 40 85.19655917852639 3.0
141.5 0 2 45 41.027976941091694 1.0
141.5 1 4 45 61.49695550351288 0.5
141.5 1 5 40 85.19655917852639 4.0
142.0 0 1 52 35.76760943974058 2
142.0 0 4 45 61.49695550351288 0.5
142.0 1 3 45 46.19774815348586 2
143.5 1 0 76 35.63267879661322 1
143.5 1 1 67 40.37452711223203 2
144.0 0 3 45 46.19774815348586 2
144.0 1 2 45 41.027976941091694 2.0
144.5 0 0 76 35.63267879661322 1
145.5 0 5 40 85.19655917852639 4.0
145.5 0 1 67 40.37452711223203 2
145.5 1 5 40 85.19655917852639 3.0
146.0 0 2 45 41.027976941091694 2.0
146.0 1 4 45 61.49695550351288 3.5
147.0 1 0 74 39.27580616105206 1
147.0 1 1 67 40.37452711223203 2
147.0 1 2 55 38.19828859664925 3.5
148.0 0 0 74 39.27580616105206 1
148.5 0 5 40 85.19655917852639 3.0
148.5 1 0 74 39.41073680417942 1
148.5 1 5 40 85.19655917852639 3.5
149.0 0 1 67 40.37452711223203 2
149.5 0 4 45 61.49695550351288 3.5
149.5 0 0 74 39.41073680417942 1
149.5 1 3 45 46.19774815348586 0.5
150.0 0 3 45 46.19774815348586 0.5
150.0 1 4 45 61.49695550351288 2.5
150.5 0 2 55 38.19828859664925 3.5
150.5 1 0 76 36.8856061970816 1
150.5 1 1 67 41.02990452170779 2
150.5 1 2 55 38.19828859664925 3.5
151.5 0 0 76 36.8856061970816 1
152.0 0 5 40 85.19655917852639 3.5
152.0 1 5 40 85.19655917852639 4.5
152.5 0 4 45 61.49695550351288 2.5
152.5 0 1 67 41.02990452170779 2
152.5 1 0 76 48.23905602594127 1
152.5 1 3 45 46.19774815348586 1.0
152.5 1 1 67 41.02990452170779 2
153.5 0 0 76 48.23905602594127 1
153.5 0 3 45 46.19774815348586 1.0
153.5 1 4 45 61.49695550351288 2.5
154.0 0 2 55 38.19828859664925 3.5
154.0 1 2 55 38.19828859664925 2.0
154.5 0 1 67 41.02990452170779 2
154.5 1 1 67 41.02990452170779 2
155.5 1 0 69 22.216717708520985 1
156.0 0 4 45 61.49695550351288 2.5
156.0 0 2 55 38.19828859664925 2.0
156.0 1 3 45 46.19774815348586 0.5
156.0 1 2 55 38.19828859664925 2.0
156.5 0 5 40 85.19655917852639 4.5
156.5 0 1 67 41.02990452170779 2
156.5 0 0 69 22.216717708520985 1
156.5 0 3 45 46.19774815348586 0.5
156.5 1 4 45 61.49695550351288 3.0
156.5 1 5 40 85.19655917852639 4.0
158.0 0 2 55 38.19828859664925 2.0
158.0 1 0 74 20.0 1
158.0 1 1 60 23.893712844532516 2
158.0 1 2 55 38.19828859664925 3.5
159.0 0 0 74 20.0 1
159.5 0 4 45 61.49695550351288 3.0
159.5 1 3 45 46.19774815348586 0.5
160.0 0 1 60 23.893712844532516 2
160.0 0 3 45 46.19774815348586 0.5
160.0 1 0 69 22.216717708520985 1
160.0 1 4 45 61.49695550351288 1.5
160.5 0 5 40 85.19655917852639 4.0
160.5 1 1 60 23.893712844532516 2
160.5 1 5 40 85.19655917852639 3.5
161.0 0 0 69 22.216717708520985 1
161.5 0 2 55 38.19828859664925 3.5
161.5 0 4 45 61.49695550351288 1.5
161.5 1 3 45 46.19774815348586 2
161.5 1 2 55 38.19828859664925 2.5
162.5 0 1 60 23.893712844532516 2
162.5 1 1 60 23.893712844532516 2
163.5 0 3 45 46.19774815348586 2
163.5 1 4 45 61.49695550351288 2.0
164.0 0 5 40 85.19655917852639 3.5
164.0 0 2 55 38.19828859664925 2.5
164.0 1 2 55 38.19828859664925 2.0
164.0 1 5 40 85.19655917852639 3.0
164.5 0 1 60 23.893712844532516 2
165.5 0 4 45 61.49695550351288 2.0
165.5 1 0 84 62.50315258511979 1
165.5 1 4 45 61.49695550351288 1.5
166.0 0 2 55 38.19828859664925 2.0
166.0 1 2 55 38.19828859664925 4
166.5 0 0 84 62.50315258511979 1
167.0 0 5 40 85.19655917852639 3.0
167.0 0 4 45 61.49695550351288 1.5
167.0 1 3 45 46.19774815348586 0.5
167.0 1 5 40 85.19655917852639 3.5
167.5 0 3 45 46.19774815348586 0.5
167.5 1 4 45 61.49695550351288 2.0
169.5 0 4 45 61.49695550351288 2.0
169.5 1 3 45 46.19774815348586 1.5
170.0 0 2 55 38.19828859664925 4
170.5 0 5 40 85.19655917852639 3.5
170.5 1 5 40 85.19655917852639 3.5
171.0 0 3 45 46.19774815348586 1.5
171.0 1 0 81 55.12051882543685 1
171.0 1 1 79 62.21401549270401 2
171.0 1 4 45 61.49695550351288 0.5
171.5 0 4 45 61.49695550351288 0.5
171.5 1 3 45 46.19774815348586 2
172.0 0 0 81 55.12051882543685 1
173.0 0 1 79 62.21401549270401 2
173.5 0 3 45 46.19774815348586 2
173.5 1 4 45 61.49695550351288 2.0
174.0 0 5 40 85.19655917852639 3.5
174.0 1 5 40 85.19655917852639 2.0
175.5 0 4 45 61.49695550351288 2.0
175.5 1 4 45 61.49695550351288 6.5
176.0 0 5 40 85.19655917852639 2.0
176.0 1 5 40 85.19655917852639 2.0
176.5 1 1 79 62.21401549270401 2
177.0 1 0 81 65.85714285714286 1
177.0 1 2 64 68.46323185011708 4
178.0 0 5 40 85.19655917852639 2.0
178.0 0 0 81 65.85714285714286 1
178.0 1 5 40 85.19655917852639 3.5
178.5 0 1 79 62.21401549270401 2
181.0 0 2 64 68.46323185011708 4
181.0 1 0 79 64.31507836425868 1
181.5 0 5 40 85.19655917852639 3.5
181.5 1 5 40 85.19655917852639 2.5
182.0 0 4 45 61.49695550351288 6.5
182.0 0 0 79 64.31507836425868 1
182.0 1 3 45 46.00306251125923 2
182.5 1 1 79 62.21401549270401 2
182.5 1 2 64 68.46323185011708 4
184.0 0 5 40 85.19655917852639 2.5
184.0 0 3 45 46.00306251125923 2
184.0 1 5 40 85.19655917852639 2.0
184.5 0 1 79 62.21401549270401 2
185.5 1 0 79 54.098901098901095 1
185.5 1 1 76 60.594847775175644 2
186.0 0 5 40 85.19655917852639 2.0
186.0 1 5 40 85.19655917852639 16
186.5 0 2 64 68.46323185011708 4
186.5 0 0 79 54.098901098901095 1
187.5 0 1 76 60.594847775175644 2
187.5 1 3 45 46.00306251125923 2
188.0 1 3 50 69.55231489821654 2
188.5 1 2 64 68.46323185011708 3.0
189.5 0 3 45 46.00306251125923 2
190.0 0 3 50 69.55231489821654 2
190.0 1 0 81 59.34192037470726 1
190.0 1 1 76 60.594847775175644 2
191.0 0 0 81 59.34192037470726 1
191.5 0 2 64 68.46323185011708 3.0
191.5 1 2 64 68.46323185011708 4
192.0 0 1 76 60.594847775175644 2
193.0 1 4 45 69.16294361376328 0.5
193.5 0 4 45 69.16294361376328 0.5
193.5 1 3 50 69.55231489821654 2
193.5 1 3 45 46.00306251125923 2
194.5 1 1 76 60.594847775175644 2
195.0 1 0 81 80.15979102864348 1
195.5 0 2 64 68.46323185011708 4
195.5 0 3 50 69.55231489821654 2
195.5 0 3 45 46.00306251125923 2
196.0 0 0 81 80.15979102864348 1
196.0 1 2 64 68.46323185011708 4
196.5 0 1 76 60.594847775175644 2
196.5 1 3 45 46.00306251125923 2
198.5 0 3 45 46.00306251125923 2
198.5 1 4 45 69.16294361376328 2.5
199.5 1 3 50 69.55231489821654 2
200.0 0 2 64 68.46323185011708 4
200.0 1 0 81 85.36425869212755 1
200.0 1 1 79 81.29706359214556 2
200.5 1 2 64 68.46323185011708 4
201.0 0 4 45 69.16294361376328 2.5
201.0 0 0 81 85.36425869212755 1
201.0 1 3 45 46.00306251125923 2
201.5 0 3 50 69.55231489821654 2
202.0 0 5 40 85.19655917852639 16
202.0 0 1 79 81.29706359214556 2
202.5 1 3 50 69.55231489821654 2
203.0 0 3 45 46.00306251125923 2
204.5 0 2 64 68.46323185011708 4
204.5 0 3 50 69.55231489821654 2
204.5 1 0 79 84.90163934426229 0.5
204.5 1 4 45 69.16294361376328 1.0
205.0 0 0 79 84.90163934426229 0.5
205.0 1 1 79 81.29706359214556 2
205.5 0 4 45 69.16294361376328 1.0
205.5 1 3 45 46.00306251125923 2
206.0 1 2 64 68.46323185011708 4
207.0 0 1 79 81.29706359214556 2
207.0 1 3 50 69.55231489821654 2
207.5 0 3 45 46.00306251125923 2
207.5 1 4 45 69.16294361376328 3.5
209.0 0 3 50 69.55231489821654 2
209.5 1 0 76 44.73085930462979 1
209.5 1 1 79 81.29706359214556 2
210.0 0 2 64 68.46323185011708 4
210.5 0 0 76 44.73085930462979 1
211.0 0 4 45 69.16294361376328 3.5
211.0 1 3 45 46.00306251125923 1.0
211.0 1 2 64 68.46323185011708 4
211.5 0 1 79 81.29706359214556 2
211.5 1 3 50 69.55231489821654 2
212.0 0 3 45 46.00306251125923 1.0
212.0 1 4 45 69.16294361376328 4.0
213.5 0 3 50 69.55231489821654 2
214.0 1 0 74 45.23203026481715 1
214.5 1 1 67 45.193478652495045 2
215.0 0 2 64 68.46323185011708 4
215.0 0 0 74 45.23203026481715 1
215.5 1 2 64 68.46323185011708 4
216.0 0 4 45 69.16294361376328 4.0
216.0 1 3 45 46.00306251125923 0.5
216.5 0 1 67 45.193478652495045 2
216.5 0 3 45 46.00306251125923 0.5
216.5 1 4 45 69.16294361376328 4.0
217.0 1 3 50 69.55231489821654 2
219.0 0 3 50 69.55231489821654 2
219.0 1 0 74 39.33363357953522 1
219.0 1 1 67 45.193478652495045 2
219.5 0 2 64 68.46323185011708 4
220.0 0 0 74 39.33363357953522 1
220.5 0 4 45 69.16294361376328 4.0
220.5 1 3 45 46.00306251125923 1.5
220.5 1 2 57 57.45867411277247 4
221.0 0 1 67 45.193478652495045 2
222.0 0 3 45 46.00306251125923 1.5
222.0 1 3 50 69.55231489821654 2
222.0 1 4 45 69.16294361376328 5.0
224.0 0 3 50 69.55231489821654 2
224.0 1 1 67 45.193478652495045 2
224.5 0 2 57 57.45867411277247 4
225.0 1 0 74 50.62925598991173 1
225.0 1 2 57 57.45867411277247 4
226.0 0 1 67 45.193478652495045 2
226.0 0 0 74 50.62925598991173 1
226.0 1 3 40 45.32840929562241 2
226.5 1 3 50 69.55231489821654 2
227.0 0 4 45 69.16294361376328 5.0
227.0 1 4 45 69.16294361376328 4.5
228.0 0 3 40 45.32840929562241 2
228.5 0 3 50 69.55231489821654 2
229.0 0 2 57 57.45867411277247 4
230.0 1 2 57 57.45867411277247 4
230.5 1 3 40 45.32840929562241 2
231.0 1 0 74 62.69591064673031 1
231.0 1 1 64 56.48910106287155 2
231.5 0 4 45 69.16294361376328 4.5
231.5 1 4 45 69.16294361376328 5.5
232.0 0 0 74 62.69591064673031 1
232.0 1 3 50 69.55231489821654 2
232.5 0 3 40 45.32840929562241 2
233.0 0 1 64 56.48910106287155 2
234.0 0 2 57 57.45867411277247 4
234.0 0 3 50 69.55231489821654 2
235.5 1 3 40 45.32840929562241 2
236.5 1 3 50 69.55231489821654 2
237.0 0 4 45 69.16294361376328 5.5
237.0 1 0 76 55.60241397946315 1
237.0 1 1 64 56.48910106287155 2
237.0 1 2 57 57.45867411277247 4
237.0 1 4 45 69.16294361376328 4.5
237.5 0 3 40 45.32840929562241 2
238.0 0 0 76 55.60241397946315 1
238.5 0 3 50 69.55231489821654 2
239.0 0 1 64 56.48910106287155 2
241.0 0 2 57 57.45867411277247 4
241.5 0 4 45 69.16294361376328 4.5
241.5 1 0 69 57.375788146279945 1
241.5 1 3 50 69.55231489821654 2
241.5 1 4 45 69.16294361376328 5.0
242.5 0 0 69 57.375788146279945 1
242.5 1 3 40 45.32840929562241 2
243.0 1 1 64 56.48910106287155 2
243.0 1 2 57 57.45867411277247 4
243.5 0 3 50 69.55231489821654 2
244.5 0 3 40 45.32840929562241 2
245.0 0 1 64 56.48910106287155 2
246.5 0 4 45 69.16294361376328 5.0
246.5 1 0 69 62.21401549270401 1
246.5 1 1 55 56.720410736804176 2
246.5 1 4 45 69.16294361376328 7.0
247.0 0 2 57 57.45867411277247 4
247.5 0 0 69 62.21401549270401 1
248.5 0 1 55 56.720410736804176 2
248.5 1 3 50 69.55231489821654 2
248.5 1 3 40 45.32840929562241 2
249.0 1 2 57 57.45867411277247 3.5
250.5 0 3 50 69.55231489821654 2
250.5 0 3 40 45.32840929562241 2
251.5 1 0 69 50.14736083588542 1
251.5 1 1 55 56.720410736804176 2
252.5 0 2 57 57.45867411277247 3.5
252.5 0 0 69 50.14736083588542 1
252.5 1 2 57 57.45867411277247 4
253.5 0 4 45 69.16294361376328 7.0
253.5 0 1 55 56.720410736804176 2
253.5 1 4 45 69.16294361376328 6.0
254.5 1 3 50 69.55231489821654 2
254.5 1 3 40 45.32840929562241 2
256.0 1 0 72 94.21185372005043 1
256.5 0 2 57 57.45867411277247 4
256.5 0 3 50 69.55231489821654 2
256.5 0 3 40 45.32840929562241 2
256.5 1 1 55 56.720410736804176 2
257.0 0 0 72 94.21185372005043 1
257.5 1 2 57 57.45867411277247 4
258.0 1 3 40 45.32840929562241 2
258.5 0 1 55 56.720410736804176 2
259.5 0 4 45 69.16294361376328 6.0
259.5 1 4 45 69.16294361376328 6.0
260.0 0 3 40 45.32840929562241 2
260.5 1 3 50 69.55231489821654 2
261.0 1 0 76 94.19257791388937 1
261.0 1 1 64 93.9805440461178 2
261.5 0 2 57 57.45867411277247 4
262.0 0 0 76 94.19257791388937 1
262.5 0 3 50 69.55231489821654 2
262.5 1 2 57 57.45867411277247 4
263.0 0 1 64 93.9805440461178 2
263.0 1 3 40 45.32840929562241 2
264.0 1 3 50 69.55231489821654 2
265.0 0 3 40 45.32840929562241 2
265.5 0 4 45 69.16294361376328 6.0
265.5 1 4 45 69.16294361376328 3.5
266.0 0 3 50 69.55231489821654 2
266.0 1 0 74 99.82111331291658 1
266.0 1 1 64 93.9805440461178 2
266.5 0 2 57 57.45867411277247 4
267.0 0 0 74 99.82111331291658 1
267.5 1 2 57 81.70378310214375 4
268.0 0 1 64 93.9805440461178 2
268.0 1 3 40 45.32840929562241 2
269.0 0 4 45 69.16294361376328 3.5
269.0 1 3 50 69.55231489821654 2
269.0 1 4 45 69.16294361376328 5.0
270.0 0 3 40 45.32840929562241 2
271.0 0 3 50 69.55231489821654 2
271.0 1 1 64 93.9805440461178 2
271.5 0 2 57 81.70378310214375 4
272.0 1 0 76 89.89407313997476 1
272.5 1 2 57 81.70378310214375 4
273.0 0 1 64 93.9805440461178 2
273.0 0 0 76 89.89407313997476 1
273.5 1 3 48 35.883264276706896 2
274.0 0 4 45 69.16294361376328 5.0
274.0 1 3 50 69.55231489821654 2
274.0 1 4 45 69.16294361376328 5.0
275.5 0 3 48 35.883264276706896 2
276.0 0 3 50 69.55231489821654 2
276.5 0 2 57 81.70378310214375 4
277.5 1 2 57 81.70378310214375 4
278.0 1 0 79 83.91857323004864 1
278.0 1 1 69 83.57160871914968 2
278.5 1 3 48 35.883264276706896 2
279.0 0 4 45 69.16294361376328 5.0
279.0 0 0 79 83.91857323004864 1
279.0 1 4 45 69.16294361376328 5.5
279.5 1 3 50 69.55231489821654 2
280.0 0 1 69 83.57160871914968 2
280.5 0 3 48 35.883264276706896 2
281.5 0 2 57 81.70378310214375 4
281.5 0 3 50 69.55231489821654 2
283.5 1 3 48 35.883264276706896 2
284.0 1 0 76 77.84669428931723 1
284.0 1 1 69 83.57160871914968 2
284.5 0 4 45 69.16294361376328 5.5
284.5 1 3 50 69.55231489821654 2
284.5 1 2 57 81.70378310214375 4
284.5 1 4 45 69.16294361376328 5.0
285.0 0 0 76 77.84669428931723 1
285.5 0 3 48 35.883264276706896 2
286.0 0 1 69 83.57160871914968 2
286.5 0 3 50 69.55231489821654 2
288.5 0 2 57 81.70378310214375 4
289.5 0 4 45 69.16294361376328 5.0
289.5 1 0 69 88.08214736083588 0.5
289.5 1 3 50 69.55231489821654 2
289.5 1 4 45 69.16294361376328 5.0
290.0 0 0 69 88.08214736083588 0.5
290.0 1 1 69 83.57160871914968 2
290.5 1 3 48 35.883264276706896 2
290.5 1 2 57 81.70378310214375 4
291.5 0 3 50 69.55231489821654 2
292.0 0 1 69 83.57160871914968 2
292.5 0 3 48 35.883264276706896 2
294.5 0 4 45 69.16294361376328 5.0
294.5 0 2 57 81.70378310214375 4
294.5 1 4 45 69.16294361376328 7.0
295.0 1 1 57 81.56692487840029 1.5
295.5 1 0 69 76.0540443163394 1
296.5 0 1 57 81.56692487840029 1.5
296.5 0 0 69 76.0540443163394 1
296.5 1 3 50 69.55231489821654 2
296.5 1 3 48 35.883264276706896 2
296.5 1 2 57 81.70378310214375 4
298.5 0 3 50 69.55231489821654 2
298.5 0 3 48 35.883264276706896 2
300.5 0 2 57 81.70378310214375 4
300.5 1 0 69 80.50675553954241 1
301.0 1 1 57 81.56692487840029 0.5
301.5 0 4 45 69.16294361376328 7.0
301.5 0 0 69 80.50675553954241 1
301.5 0 1 57 81.56692487840029 0.5
301.5 1 2 57 81.70378310214375 4
301.5 1 4 45 69.16294361376328 6.0
302.5 1 3 50 69.55231489821654 2
302.5 1 3 48 35.883264276706896 2
304.5 0 3 50 69.55231489821654 2
304.5 0 3 48 35.883264276706896 2
305.5 0 2 57 81.70378310214375 4
306.0 1 1 57 81.56692487840029 1.5
307.5 0 4 45 69.16294361376328 6.0
307.5 0 1 57 81.56692487840029 1.5
307.5 1 3 48 35.883264276706896 2
307.5 1 2 57 81.70378310214375 4
307.5 1 4 45 69.16294361376328 6.0
308.5 1 3 50 69.55231489821654 2
309.5 0 3 48 35.883264276706896 2
310.5 0 3 50 69.55231489821654 2
311.5 0 2 57 81.70378310214375 4
312.5 1 2 57 81.70378310214375 4
313.5 0 4 45 69.16294361376328 6.0
313.5 1 3 50 69.55231489821654 2
313.5 1 3 48 35.883264276706896 2
313.5 1 4 45 69.16294361376328 5.0
315.5 0 3 50 69.55231489821654 2
315.5 0 3 48 35.883264276706896 2
316.5 0 2 57 81.70378310214375 4
318.5 0 4 45 69.16294361376328 5.0
318.5 1 3 48 35.883264276706896 2
318.5 1 4 45 69.16294361376328 6.0
319.5 1 3 50 69.55231489821654 2
320.5 0 3 48 35.883264276706896 2
321.5 0 3 50 69.55231489821654 2
324.5 0 4 45 69.16294361376328 6.0
324.5 1 3 50 69.55231489821654 2
324.5 1 4 45 69.16294361376328 5.0
326.5 0 3 50 69.55231489821654 2
329.5 0 4 45 69.16294361376328 5.0
329.5 1 4 45 69.16294361376328 8
337.5 0 4 45 69.16294361376328 8
