5.5
6.0
6.5
8.5
8.5
9.5
10.0
14.0
14.5
18.5
20.0
24.5
25.0
29.5
31.0
35.5
41.0
43.5
46.0
50.5
54.0
57.5
59.0
61.5
63.5
65.5
67.5
69.5
70.5
72.0
73.5
78.0
81.0
83.0
84.0
84.5
85.5
88.0
90.0
91.5
92.0
93.5
94.5
96.5
97.5
99.0
100.0
101.5
103.0
105.0
107.0
108.5
112.0
114.5
117.5
121.5
124.5
128.0
132.5
136.5
140.0
143.5
147.0
150.5
150.5
152.5
154.5
158.0
160.5
162.5
171.0
176.5
182.5
185.5
190.0
194.5
200.0
205.0
209.5
214.5
219.0
224.0
231.0
237.0
243.0
246.5
251.5
256.5
261.0
266.0
271.0
278.0
284.0
290.0
295.0
301.0
306.0
