2.5
4.0
5.0
5.5
6.0
6.5
7.0
8.5
8.5
9.5
10.0
11.0
14.0
14.5
16.0
18.5
20.0
21.0
24.5
25.0
27.0
29.5
31.0
35.5
38.5
41.0
41.0
43.5
43.5
44.5
46.0
47.0
47.0
49.5
50.0
50.5
50.5
52.5
54.0
54.0
54.0
54.0
55.0
56.5
56.5
57.5
57.5
59.0
59.0
59.0
59.5
61.0
61.0
61.5
62.5
63.0
63.5
63.5
63.5
65.0
65.0
65.5
65.5
66.5
67.0
67.0
67.5
67.5
67.5
68.0
69.0
69.0
69.5
70.0
70.5
70.5
70.5
70.5
71.0
72.0
72.0
72.0
72.5
73.0
73.5
74.0
74.5
74.5
74.5
75.0
75.5
76.5
76.5
77.0
78.0
78.0
78.0
78.5
78.5
79.5
80.5
81.0
81.0
81.0
81.5
81.5
82.0
82.5
82.5
83.0
83.0
83.5
83.5
84.0
84.5
84.5
84.5
85.0
85.5
85.5
85.5
86.5
86.5
87.0
87.0
87.5
87.5
88.0
88.0
88.5
89.5
90.0
90.0
90.0
90.5
91.0
91.0
91.0
91.5
91.5
92.0
92.5
92.5
92.5
93.0
93.5
93.5
93.5
93.5
94.0
94.0
94.5
94.5
94.5
95.0
95.0
96.0
96.0
96.0
96.0
96.5
96.5
97.0
97.0
97.5
97.5
97.5
97.5
98.0
98.5
99.0
99.5
99.5
100.0
100.0
100.0
100.0
100.5
101.5
101.5
101.5
102.0
102.0
102.0
102.5
103.0
103.0
103.5
103.5
104.0
104.5
105.0
105.0
105.0
105.5
105.5
106.0
106.0
106.0
106.5
107.0
107.0
107.5
107.5
108.0
108.0
108.5
108.5
108.5
109.0
109.5
110.0
110.0
110.0
111.0
111.5
111.5
111.5
112.0
112.0
112.5
113.0
113.5
114.0
114.5
114.5
115.0
115.0
115.5
115.5
116.0
116.5
117.0
117.5
117.5
117.5
118.5
118.5
119.5
119.5
120.5
121.0
121.5
121.5
121.5
121.5
122.0
123.0
124.0
124.5
124.5
125.0
125.5
125.5
126.0
127.0
128.0
128.0
128.0
128.5
129.0
130.0
131.0
131.0
131.5
132.0
132.5
133.0
134.0
135.0
136.0
136.5
136.5
136.5
137.5
138.0
138.5
140.0
140.0
140.5
141.5
141.5
142.0
143.5
143.5
144.0
145.5
146.0
146.0
147.0
147.0
147.0
148.5
148.5
149.5
150.0
150.5
150.5
150.5
150.5
152.0
152.5
152.5
152.5
153.5
154.0
154.0
154.5
155.5
156.0
156.0
156.5
156.5
158.0
158.0
158.0
159.5
159.5
160.0
160.0
160.5
160.5
161.5
161.5
162.5
163.5
163.5
163.5
164.0
164.0
165.5
165.5
166.0
167.0
167.0
167.5
169.5
170.5
171.0
171.0
171.0
171.5
173.5
174.0
174.0
175.5
176.0
176.5
177.0
177.0
178.0
181.0
181.5
182.0
182.5
182.5
184.0
185.5
185.5
186.0
187.5
188.0
188.5
190.0
190.0
191.5
193.0
193.5
193.5
194.5
195.0
196.0
196.5
198.5
199.5
200.0
200.0
200.5
201.0
202.5
204.5
204.5
205.0
205.5
206.0
207.0
207.5
209.5
209.5
211.0
211.0
211.5
212.0
214.0
214.5
215.5
216.0
216.5
217.0
219.0
219.0
220.5
220.5
222.0
222.0
224.0
225.0
225.0
226.0
226.5
227.0
230.0
230.5
231.0
231.0
231.5
232.0
235.5
236.5
237.0
237.0
237.0
237.0
241.5
241.5
241.5
242.5
243.0
243.0
246.5
246.5
246.5
248.5
248.5
249.0
251.5
251.5
252.5
253.5
254.5
254.5
256.0
256.5
257.5
258.0
259.5
260.5
261.0
261.0
262.5
263.0
264.0
265.5
266.0
266.0
267.5
268.0
269.0
269.0
271.0
272.0
272.5
273.5
274.0
274.0
277.5
278.0
278.0
278.5
279.0
279.5
283.5
284.0
284.0
284.5
284.5
284.5
289.5
289.5
289.5
290.0
290.5
290.5
294.5
295.0
295.5
296.5
296.5
296.5
300.5
301.0
301.5
301.5
302.5
302.5
306.0
307.5
307.5
307.5
308.5
312.5
313.5
313.5
313.5
318.5
318.5
319.5
324.5
324.5
329.5
