50.0
52.5
55.0
59.5
63.0
66.5
68.0
70.5
72.5
74.5
76.5
78.5
79.5
81.0
82.5
87.0
90.0
91.0
92.5
93.0
93.5
96.0
98.0
99.5
100.0
101.5
102.5
105.0
106.0
107.5
108.5
110.0
111.5
113.5
115.5
117.0
121.5
124.0
127.0
131.0
134.0
137.5
142.0
146.0
149.5
152.5
156.0
159.5
159.5
161.5
163.5
167.0
169.5
171.5
182.0
187.5
188.0
193.5
193.5
196.5
199.5
201.0
202.5
205.5
207.0
211.0
211.5
216.0
217.0
220.5
222.0
226.0
226.5
230.5
232.0
235.5
236.5
241.5
242.5
248.5
248.5
254.5
254.5
258.0
260.5
263.0
264.0
268.0
269.0
273.5
274.0
278.5
279.5
283.5
284.5
289.5
290.5
296.5
296.5
302.5
302.5
307.5
308.5
313.5
313.5
318.5
319.5
324.5
