109.02723833543504
109.02723833543504
109.02723833543504
109.02723833543504
109.02723833543504
109.02723833543504
109.02723833543504
109.02723833543504
109.02723833543504
96.61747432894974
96.61747432894974
96.61747432894974
96.61747432894974
96.61747432894974
96.61747432894974
96.61747432894974
96.61747432894974
93.94392001441182
93.94392001441182
96.61747432894974
93.94392001441182
93.94392001441182
93.94392001441182
93.94392001441182
93.94392001441182
93.94392001441182
93.94392001441182
49.00816069176725
49.00816069176725
49.00816069176725
49.00816069176725
49.00816069176725
49.00816069176725
49.00816069176725
49.00816069176725
49.00816069176725
41.027976941091694
41.027976941091694
41.027976941091694
41.027976941091694
41.027976941091694
41.027976941091694
41.027976941091694
41.027976941091694
41.027976941091694
38.19828859664925
38.19828859664925
38.19828859664925
38.19828859664925
38.19828859664925
38.19828859664925
38.19828859664925
38.19828859664925
38.19828859664925
68.46323185011708
68.46323185011708
68.46323185011708
68.46323185011708
68.46323185011708
68.46323185011708
68.46323185011708
68.46323185011708
68.46323185011708
57.45867411277247
57.45867411277247
57.45867411277247
57.45867411277247
57.45867411277247
57.45867411277247
57.45867411277247
57.45867411277247
57.45867411277247
81.70378310214375
81.70378310214375
81.70378310214375
81.70378310214375
81.70378310214375
81.70378310214375
81.70378310214375
81.70378310214375
81.70378310214375
