7.5
10.0
13.0
16.5
20.0
23.5
26.0
28.0
30.0
31.5
34.0
35.5
37.5
39.0
40.0
42.5
45.5
49.0
51.0
52.0
53.5
54.5
56.0
57.5
58.5
59.5
60.5
61.5
63.0
64.0
65.5
66.5
68.0
69.5
71.0
72.5
74.5
76.5
79.0
82.0
85.5
88.5
92.0
96.0
100.0
103.5
107.0
110.5
113.0
114.5
116.5
119.5
122.5
125.0
129.0
132.0
134.5
137.5
140.0
143.0
145.0
148.0
149.0
152.0
153.0
156.0
158.0
161.0
163.0
166.0
168.5
171.5
173.5
176.5
179.0
182.0
184.0
187.0
189.5
192.5
195.5
198.5
201.5
204.5
207.5
210.5
212.5
215.5
218.0
221.0
224.0
227.0
229.0
232.0
234.0
237.0
239.5
242.5
245.5
248.5
251.5
254.5
258.0
261.0
264.0
267.0
270.0
273.0
