0.0
1.0
2.5
3.5
3.5
5.5
6.0
6.5
7.5
8.5
9.0
10.0
10.0
10.0
12.0
12.5
12.5
13.0
13.5
15.5
15.5
16.0
16.5
17.0
18.5
18.5
19.0
19.5
19.5
20.0
20.5
21.0
21.5
22.0
22.5
22.5
23.5
23.5
24.0
24.0
24.5
25.5
26.0
26.0
26.0
27.0
27.5
27.5
28.0
28.0
28.5
28.5
29.5
30.0
30.0
30.5
30.5
31.0
31.5
31.5
31.5
32.0
32.5
33.0
33.0
33.5
34.0
34.0
34.0
34.5
35.0
35.0
35.5
36.0
36.5
36.5
37.0
37.5
38.0
38.0
38.5
39.0
39.0
39.5
40.0
40.0
41.0
41.5
41.5
41.5
42.5
42.5
42.5
43.0
44.0
45.0
45.0
45.0
45.0
45.0
45.5
46.0
46.5
46.5
47.0
47.5
47.5
48.0
48.0
48.5
48.5
49.0
49.0
49.5
50.0
50.0
50.5
50.5
51.0
51.0
51.5
51.5
51.5
52.0
52.0
52.5
52.5
53.5
53.5
53.5
53.5
53.5
53.5
54.5
54.5
54.5
54.5
54.5
55.5
55.5
56.0
56.0
56.0
56.5
56.5
57.0
57.0
57.0
57.5
57.5
58.0
58.5
58.5
58.5
59.0
59.5
59.5
59.5
60.0
60.0
60.0
60.5
60.5
61.0
61.0
61.5
61.5
62.0
62.0
62.0
62.5
62.5
63.0
63.0
63.0
63.5
64.0
64.0
64.0
64.0
64.5
65.0
65.5
65.5
65.5
65.5
65.5
66.5
66.5
66.5
66.5
67.0
67.0
68.0
68.0
68.0
68.5
68.5
68.5
69.0
69.5
69.5
70.0
70.5
70.5
70.5
71.0
71.0
71.5
72.0
72.5
72.5
72.5
72.5
73.5
74.0
74.0
74.5
75.0
75.0
75.0
75.5
76.5
76.5
77.0
77.5
77.5
78.0
79.0
79.0
79.0
79.0
80.5
80.5
81.5
81.5
82.0
82.0
82.0
83.5
84.0
84.5
84.5
85.5
85.5
85.5
87.5
88.0
88.0
88.0
88.5
89.5
90.0
91.0
92.0
92.0
92.0
93.0
93.5
94.5
95.5
96.0
96.0
96.5
97.0
98.5
99.0
99.5
99.5
100.0
100.5
102.5
102.5
103.0
103.0
103.5
104.0
105.5
106.0
106.5
106.5
107.0
107.0
107.0
108.0
109.0
109.0
109.5
110.0
110.5
110.5
111.0
111.5
112.5
113.0
113.0
113.0
114.5
114.5
114.5
115.5
115.5
116.0
116.5
117.0
117.0
118.0
118.5
118.5
119.0
119.5
120.0
121.0
121.5
122.0
122.0
122.5
124.0
125.0
125.0
125.0
125.5
125.5
127.5
127.5
127.5
129.0
130.5
130.5
131.0
132.0
133.0
133.5
134.5
134.5
136.0
136.0
136.5
137.5
138.0
140.0
140.0
140.5
141.0
142.0
143.0
144.5
145.0
145.0
145.5
146.0
148.0
149.0
149.0
149.0
150.5
151.0
152.0
153.0
154.0
154.0
154.5
156.0
156.0
158.0
158.5
159.0
159.5
161.0
161.5
163.0
163.5
164.5
164.5
166.0
166.5
168.5
168.5
169.5
170.0
171.5
172.0
173.5
174.0
175.0
175.0
176.5
177.0
179.0
179.0
180.0
180.5
182.0
182.5
184.0
184.5
185.5
186.5
187.0
188.5
189.5
189.5
191.5
192.5
192.5
194.5
195.0
195.5
197.5
198.5
198.5
200.5
201.0
201.5
203.5
203.5
204.5
205.5
207.0
207.5
208.5
209.0
210.5
211.0
212.5
213.0
214.0
214.5
215.5
216.5
218.0
218.0
219.5
219.5
221.0
221.5
223.5
224.0
224.5
224.5
226.5
227.0
229.0
229.5
229.5
230.0
232.0
232.0
234.0
234.5
235.0
236.0
237.0
238.0
239.5
239.5
241.0
242.0
242.5
244.0
245.0
245.5
247.0
248.5
248.5
250.5
251.0
251.5
253.5
254.5
254.5
256.5
257.0
258.0
259.5
260.5
261.0
262.5
263.5
264.0
265.5
267.0
269.5
270.0
273.0
275.5
