72
62
74
62
50
74
50
62
43
69
50
43
57
43
67
50
43
43
57
69
43
50
43
57
67
31
43
50
50
43
64
31
50
50
67
43
43
50
50
31
62
40
43
50
43
62
40
31
43
40
60
43
40
43
40
60
43
31
43
40
40
62
43
62
40
40
43
40
43
31
62
40
43
40
40
43
31
43
64
43
40
43
31
40
43
43
31
60
40
43
43
43
31
40
64
64
48
40
43
31
43
48
67
31
48
72
48
48
43
60
31
74
43
48
60
31
72
48
43
31
69
60
43
43
48
69
52
64
43
52
48
43
31
69
43
52
48
43
55
48
69
43
43
48
31
72
55
43
43
48
55
67
43
43
48
64
43
50
48
43
31
43
50
69
43
45
48
50
43
31
64
48
45
43
31
45
62
45
48
45
31
45
62
45
48
45
31
64
45
45
45
48
31
45
45
45
62
48
31
45
45
31
45
45
45
31
62
45
31
45
45
45
45
40
45
62
40
45
45
45
40
45
45
40
45
62
40
45
45
45
45
40
64
40
45
45
45
45
40
40
67
45
45
45
52
40
40
69
45
45
45
52
40
45
69
45
45
40
52
45
76
45
45
40
67
45
76
55
40
45
67
74
45
55
40
45
67
74
45
67
55
76
45
40
67
76
55
45
67
45
55
40
69
55
45
60
45
74
45
40
55
45
60
45
69
45
40
60
55
45
45
84
55
40
79
45
45
40
45
64
45
81
40
79
45
40
45
64
40
81
50
79
40
45
45
64
40
79
50
76
45
45
79
64
76
50
81
45
64
45
76
50
81
45
64
45
79
50
45
81
64
45
50
79
45
45
64
79
50
79
45
45
76
64
50
67
45
45
57
74
50
67
40
45
74
57
50
67
40
45
57
74
50
64
40
45
57
74
50
64
40
45
57
76
50
64
45
40
57
69
50
55
45
40
69
57
50
55
45
40
57
69
50
55
40
45
57
72
50
64
40
45
76
57
50
64
45
48
74
57
64
50
48
57
45
76
50
69
48
45
57
79
50
69
48
45
57
76
50
69
45
48
57
69
50
57
45
48
57
69
50
57
45
48
57
69
50
57
45
48
57
50
45
48
50
45
