111.36732120338677
111.17456314177625
105.62313096739325
111.17456314177625
109.02723833543504
117.63195820572871
109.02723833543504
111.17456314177625
96.77168077823814
103.86903260673752
109.02723833543504
96.77168077823814
109.49756800576472
82.61360115294542
108.9000180147721
109.02723833543504
82.61360115294542
96.77168077823814
109.49756800576472
115.95496306971715
82.61360115294542
109.02723833543504
96.77168077823814
109.49756800576472
127.0
81.80787245541345
82.61360115294542
120.94546928481354
109.02723833543504
96.77168077823814
120.58115654836966
81.80787245541345
120.94546928481354
109.02723833543504
121.31363718248963
82.61360115294542
96.77168077823814
120.94546928481354
109.02723833543504
81.80787245541345
79.60079264997296
83.0511619528013
96.77168077823814
109.02723833543504
82.61360115294542
79.27310394523508
96.61747432894974
81.80787245541345
96.77168077823814
83.0511619528013
83.34029904521708
82.61360115294542
83.0511619528013
96.77168077823814
96.61747432894974
103.13655197261754
82.61360115294542
81.80787245541345
96.77168077823814
103.56061970816069
96.61747432894974
100.36083588542604
82.61360115294542
110.69266798774994
103.56061970816069
96.61747432894974
96.77168077823814
103.56061970816069
82.61360115294542
81.80787245541345
109.65177445505313
96.61747432894974
96.77168077823814
96.61747432894974
102.71248423707439
82.61360115294542
81.80787245541345
96.77168077823814
98.72239236173661
82.61360115294542
96.61747432894974
96.77168077823814
81.80787245541345
102.71248423707439
96.77168077823814
82.61360115294542
81.80787245541345
102.90524229868491
96.61747432894974
82.61360115294542
96.77168077823814
82.61360115294542
81.80787245541345
102.71248423707439
86.34732480634119
77.73103945235093
83.76436678076021
96.61747432894974
82.61360115294542
81.80787245541345
96.77168077823814
83.76436678076021
81.93316519546026
81.80787245541345
93.94392001441182
82.58854260493604
83.76436678076021
93.94392001441182
82.61360115294542
89.00738605656638
81.80787245541345
94.01909565843991
96.77168077823814
93.94392001441182
89.00738605656638
81.80787245541345
87.88938929922536
93.94392001441182
96.77168077823814
81.80787245541345
103.86903260673752
89.00738605656638
82.61360115294542
96.77168077823814
93.94392001441182
111.09745991713204
105.6424067735543
107.9362277067195
96.77168077823814
105.6424067735543
93.94392001441182
82.61360115294542
81.80787245541345
64.68131868131869
96.77168077823814
105.6424067735543
93.94392001441182
82.61360115294542
58.51306070978202
93.94392001441182
60.2093316519546
96.77168077823814
82.61360115294542
93.94392001441182
81.80787245541345
55.56386236714105
58.51306070978202
82.61360115294542
96.77168077823814
49.00816069176725
58.51306070978202
38.81318681318681
96.77168077823814
82.61360115294542
49.00816069176725
32.240136912268056
96.77168077823814
36.96270942172581
49.00816069176725
82.61360115294542
81.80787245541345
96.77168077823814
36.96270942172581
33.74364979283012
82.61360115294542
46.19774815348586
49.00816069176725
36.96270942172581
82.61360115294542
81.80787245541345
61.115294541524044
49.00816069176725
46.19774815348586
82.61360115294542
81.80787245541345
54.40731399747793
49.85822374346964
46.19774815348586
49.00816069176725
61.49695550351288
81.80787245541345
54.40731399747793
55.04341560079265
46.19774815348586
49.00816069176725
61.49695550351288
81.80787245541345
24.87677895874617
46.19774815348586
54.40731399747793
61.49695550351288
49.00816069176725
81.80787245541345
46.19774815348586
30.640245000900734
61.49695550351288
33.358133669609074
49.00816069176725
81.80787245541345
61.49695550351288
46.19774815348586
81.80787245541345
30.640245000900734
41.027976941091694
61.49695550351288
81.80787245541345
28.365699873896595
46.19774815348586
81.80787245541345
61.49695550351288
46.19774815348586
30.640245000900734
41.027976941091694
85.19655917852639
61.49695550351288
49.04863988470545
85.19655917852639
46.19774815348586
41.027976941091694
61.49695550351288
85.19655917852639
51.7665285534138
46.19774815348586
85.19655917852639
61.49695550351288
54.54224464060529
85.19655917852639
41.027976941091694
46.19774815348586
51.7665285534138
61.49695550351288
85.19655917852639
57.183030084669426
85.19655917852639
41.027976941091694
61.49695550351288
46.19774815348586
51.7665285534138
85.19655917852639
85.19655917852639
33.24247883264276
41.027976941091694
61.49695550351288
46.19774815348586
35.76760943974058
85.19655917852639
85.19655917852639
41.16483516483517
41.027976941091694
61.49695550351288
46.19774815348586
35.76760943974058
85.19655917852639
61.49695550351288
30.19690145919654
46.19774815348586
41.027976941091694
85.19655917852639
35.76760943974058
61.49695550351288
47.371644748693924
46.19774815348586
41.027976941091694
85.19655917852639
40.37452711223203
61.49695550351288
35.63267879661322
38.19828859664925
85.19655917852639
46.19774815348586
40.37452711223203
39.27580616105206
61.49695550351288
38.19828859664925
85.19655917852639
46.19774815348586
40.37452711223203
39.41073680417942
61.49695550351288
41.02990452170779
38.19828859664925
36.8856061970816
46.19774815348586
85.19655917852639
41.02990452170779
48.23905602594127
38.19828859664925
61.49695550351288
41.02990452170779
46.19774815348586
38.19828859664925
85.19655917852639
22.216717708520985
38.19828859664925
46.19774815348586
23.893712844532516
61.49695550351288
20.0
46.19774815348586
85.19655917852639
38.19828859664925
61.49695550351288
23.893712844532516
46.19774815348586
22.216717708520985
61.49695550351288
85.19655917852639
23.893712844532516
38.19828859664925
61.49695550351288
46.19774815348586
62.50315258511979
38.19828859664925
85.19655917852639
62.21401549270401
61.49695550351288
46.19774815348586
85.19655917852639
46.19774815348586
68.46323185011708
61.49695550351288
55.12051882543685
85.19655917852639
62.21401549270401
61.49695550351288
85.19655917852639
46.00306251125923
68.46323185011708
85.19655917852639
65.85714285714286
69.55231489821654
62.21401549270401
85.19655917852639
46.00306251125923
69.16294361376328
68.46323185011708
85.19655917852639
64.31507836425868
69.55231489821654
60.594847775175644
46.00306251125923
69.16294361376328
54.098901098901095
68.46323185011708
60.594847775175644
69.55231489821654
59.34192037470726
46.00306251125923
68.46323185011708
69.16294361376328
60.594847775175644
69.55231489821654
80.15979102864348
46.00306251125923
68.46323185011708
69.16294361376328
81.29706359214556
69.55231489821654
46.00306251125923
85.36425869212755
68.46323185011708
69.16294361376328
69.55231489821654
81.29706359214556
46.00306251125923
69.16294361376328
68.46323185011708
84.90163934426229
69.55231489821654
81.29706359214556
46.00306251125923
69.16294361376328
44.73085930462979
68.46323185011708
69.55231489821654
45.193478652495045
46.00306251125923
69.16294361376328
57.45867411277247
45.23203026481715
69.55231489821654
45.193478652495045
45.32840929562241
69.16294361376328
39.33363357953522
57.45867411277247
69.55231489821654
45.193478652495045
45.32840929562241
69.16294361376328
57.45867411277247
50.62925598991173
69.55231489821654
56.48910106287155
45.32840929562241
69.16294361376328
57.45867411277247
62.69591064673031
69.55231489821654
56.48910106287155
45.32840929562241
69.16294361376328
57.45867411277247
55.60241397946315
69.55231489821654
56.48910106287155
69.16294361376328
45.32840929562241
57.45867411277247
57.375788146279945
69.55231489821654
56.720410736804176
69.16294361376328
45.32840929562241
62.21401549270401
57.45867411277247
69.55231489821654
56.720410736804176
69.16294361376328
45.32840929562241
57.45867411277247
50.14736083588542
69.55231489821654
56.720410736804176
45.32840929562241
69.16294361376328
57.45867411277247
94.21185372005043
69.55231489821654
93.9805440461178
45.32840929562241
69.16294361376328
94.19257791388937
81.70378310214375
69.55231489821654
93.9805440461178
69.16294361376328
35.883264276706896
99.82111331291658
81.70378310214375
93.9805440461178
69.55231489821654
35.883264276706896
81.70378310214375
69.16294361376328
89.89407313997476
69.55231489821654
83.57160871914968
35.883264276706896
69.16294361376328
81.70378310214375
83.91857323004864
69.55231489821654
83.57160871914968
35.883264276706896
69.16294361376328
81.70378310214375
77.84669428931723
69.55231489821654
83.57160871914968
69.16294361376328
35.883264276706896
81.70378310214375
88.08214736083588
69.55231489821654
81.56692487840029
69.16294361376328
35.883264276706896
81.70378310214375
76.0540443163394
69.55231489821654
81.56692487840029
69.16294361376328
35.883264276706896
81.70378310214375
80.50675553954241
69.55231489821654
81.56692487840029
69.16294361376328
35.883264276706896
81.70378310214375
69.55231489821654
69.16294361376328
35.883264276706896
69.55231489821654
69.16294361376328
