77
62
79
65
62
65
79
55
62
45
65
55
74
59
45
65
55
71
45
59
55
65
45
74
59
55
65
45
72
55
55
65
67
45
55
65
69
55
55
45
64
65
55
50
45
62
64
55
50
45
60
62
55
50
45
62
60
50
55
62
62
45
50
55
62
62
50
45
55
65
62
50
45
55
62
65
45
55
50
45
62
55
60
45
50
55
62
65
45
55
69
55
65
55
69
65
55
45
77
60
55
65
79
65
55
45
60
45
55
77
65
60
55
45
72
65
57
72
45
55
57
65
67
45
65
57
55
74
59
65
45
55
72
65
55
59
45
76
45
55
59
65
69
55
45
65
55
67
47
55
55
65
72
55
65
47
55
65
47
55
65
52
55
47
64
65
52
47
55
64
65
52
47
55
67
65
53
47
55
65
65
47
53
55
65
65
47
55
53
47
65
55
65
53
47
65
55
65
47
53
55
65
67
47
53
65
55
71
47
57
55
65
47
74
57
55
65
47
74
57
55
65
47
81
65
55
69
47
84
65
55
69
79
47
65
55
69
47
79
64
55
83
69
64
47
69
81
64
55
74
69
47
55
60
47
69
79
55
60
47
69
55
74
60
47
69
55
47
55
47
