111.36732120338677
111.17456314177625
105.62313096739325
109.02723833543504
111.17456314177625
109.02723833543504
117.63195820572871
96.77168077823814
111.17456314177625
82.61360115294542
109.02723833543504
96.77168077823814
103.86903260673752
109.49756800576472
82.61360115294542
109.02723833543504
96.77168077823814
108.9000180147721
82.61360115294542
109.49756800576472
96.77168077823814
109.02723833543504
82.61360115294542
115.95496306971715
109.49756800576472
96.77168077823814
109.02723833543504
82.61360115294542
127.0
120.94546928481354
96.77168077823814
109.02723833543504
120.58115654836966
82.61360115294542
120.94546928481354
109.02723833543504
121.31363718248963
96.77168077823814
120.94546928481354
82.61360115294542
79.60079264997296
109.02723833543504
96.77168077823814
83.0511619528013
82.61360115294542
96.61747432894974
79.27310394523508
96.77168077823814
83.0511619528013
82.61360115294542
83.34029904521708
96.61747432894974
96.77168077823814
83.0511619528013
82.61360115294542
96.61747432894974
103.13655197261754
103.56061970816069
96.77168077823814
100.36083588542604
96.61747432894974
82.61360115294542
103.56061970816069
96.77168077823814
110.69266798774994
96.61747432894974
103.56061970816069
82.61360115294542
96.77168077823814
109.65177445505313
96.61747432894974
102.71248423707439
82.61360115294542
96.77168077823814
96.61747432894974
98.72239236173661
82.61360115294542
96.77168077823814
102.71248423707439
82.61360115294542
96.61747432894974
96.77168077823814
102.90524229868491
82.61360115294542
102.71248423707439
96.77168077823814
96.61747432894974
86.34732480634119
82.61360115294542
83.76436678076021
77.73103945235093
83.76436678076021
93.94392001441182
96.77168077823814
81.93316519546026
93.94392001441182
83.76436678076021
82.61360115294542
82.58854260493604
89.00738605656638
96.77168077823814
93.94392001441182
94.01909565843991
93.94392001441182
96.77168077823814
82.61360115294542
89.00738605656638
82.61360115294542
96.77168077823814
87.88938929922536
93.94392001441182
89.00738605656638
96.77168077823814
82.61360115294542
103.86903260673752
93.94392001441182
105.6424067735543
111.09745991713204
82.61360115294542
96.77168077823814
105.6424067735543
93.94392001441182
107.9362277067195
82.61360115294542
93.94392001441182
105.6424067735543
96.77168077823814
64.68131868131869
58.51306070978202
93.94392001441182
82.61360115294542
96.77168077823814
60.2093316519546
49.00816069176725
96.77168077823814
58.51306070978202
82.61360115294542
55.56386236714105
82.61360115294542
96.77168077823814
58.51306070978202
49.00816069176725
38.81318681318681
46.19774815348586
82.61360115294542
49.00816069176725
36.96270942172581
32.240136912268056
61.49695550351288
36.96270942172581
46.19774815348586
49.00816069176725
33.74364979283012
46.19774815348586
49.00816069176725
61.49695550351288
36.96270942172581
61.115294541524044
61.49695550351288
46.19774815348586
49.00816069176725
54.40731399747793
46.19774815348586
61.49695550351288
49.85822374346964
49.00816069176725
54.40731399747793
61.49695550351288
46.19774815348586
55.04341560079265
49.00816069176725
54.40731399747793
61.49695550351288
46.19774815348586
24.87677895874617
49.00816069176725
30.640245000900734
61.49695550351288
46.19774815348586
41.027976941091694
33.358133669609074
61.49695550351288
30.640245000900734
46.19774815348586
41.027976941091694
28.365699873896595
61.49695550351288
46.19774815348586
30.640245000900734
61.49695550351288
41.027976941091694
46.19774815348586
49.04863988470545
51.7665285534138
61.49695550351288
41.027976941091694
46.19774815348586
54.54224464060529
61.49695550351288
51.7665285534138
46.19774815348586
41.027976941091694
57.183030084669426
61.49695550351288
51.7665285534138
41.027976941091694
46.19774815348586
33.24247883264276
61.49695550351288
35.76760943974058
46.19774815348586
41.027976941091694
61.49695550351288
41.16483516483517
35.76760943974058
46.19774815348586
41.027976941091694
61.49695550351288
30.19690145919654
35.76760943974058
46.19774815348586
41.027976941091694
61.49695550351288
47.371644748693924
40.37452711223203
46.19774815348586
38.19828859664925
61.49695550351288
35.63267879661322
40.37452711223203
46.19774815348586
38.19828859664925
39.27580616105206
61.49695550351288
40.37452711223203
46.19774815348586
38.19828859664925
61.49695550351288
39.41073680417942
41.02990452170779
46.19774815348586
36.8856061970816
38.19828859664925
41.02990452170779
61.49695550351288
38.19828859664925
48.23905602594127
41.02990452170779
46.19774815348586
22.216717708520985
38.19828859664925
61.49695550351288
46.19774815348586
23.893712844532516
61.49695550351288
38.19828859664925
20.0
46.19774815348586
23.893712844532516
61.49695550351288
38.19828859664925
46.19774815348586
22.216717708520985
23.893712844532516
61.49695550351288
38.19828859664925
46.19774815348586
61.49695550351288
46.19774815348586
61.49695550351288
