0 1 0 105 100 1
1 0 0 105 0 -1
4 1 0 98 100 1
5 0 0 98 0 -1
8 1 0 88 100 1
9 0 0 88 0 -1
9 1 1 64 80 2
11 0 1 64 0 -1
11 1 1 62 80 2
12 1 0 108 100 1
13 0 1 62 0 -1
13 0 0 108 0 -1
13 1 1 60 80 2
15 0 1 60 0 -1
15 1 2 43 60 4
16 1 0 98 100 1
17 0 0 98 0 -1
19 0 2 43 0 -1
19 1 2 45 60 4
20 1 0 91 100 1
21 0 0 91 0 -1
21 1 1 64 80 2
23 0 2 45 0 -1
23 0 1 64 0 -1
23 1 2 40 60 4
23 1 1 62 80 2
24 1 0 105 100 1
25 0 1 62 0 -1
25 0 0 105 0 -1
25 1 1 60 80 2
27 0 2 40 0 -1
27 0 1 60 0 -1
27 1 2 43 60 4
27 1 3 60 40 2
28 1 0 100 100 1
29 0 3 60 0 -1
29 0 0 100 0 -1
29 1 3 62 40 2
31 0 2 43 0 -1
31 0 3 62 0 -1
31 1 2 45 60 4
31 1 3 60 40 2
32 1 0 91 100 1
33 0 3 60 0 -1
33 0 0 91 0 -1
33 1 4 28 20 8
33 1 1 64 80 2
35 0 2 45 0 -1
35 0 1 64 0 -1
35 1 2 40 60 4
35 1 1 62 80 2
36 1 0 100 100 1
37 0 1 62 0 -1
37 0 0 100 0 -1
37 1 1 60 80 2
39 0 2 40 0 -1
39 0 1 60 0 -1
39 1 2 43 60 4
39 1 3 60 40 2
40 1 0 98 100 1
41 0 4 28 0 -1
41 0 3 60 0 -1
41 0 0 98 0 -1
41 1 4 28 20 8
41 1 3 62 40 2
43 0 2 43 0 -1
43 0 3 62 0 -1
43 1 2 45 60 4
43 1 3 60 40 2
44 1 0 98 100 1
45 0 3 60 0 -1
45 0 0 98 0 -1
45 1 4 28 20 8
45 1 1 62 80 2
47 0 2 45 0 -1
47 0 1 62 0 -1
47 1 2 40 60 4
47 1 1 62 80 2
48 1 0 93 100 1
49 0 4 28 0 -1
49 0 1 62 0 -1
49 0 0 93 0 -1
49 1 4 28 20 8
49 1 1 62 80 2
51 0 2 40 0 -1
51 0 1 62 0 -1
51 1 2 43 60 4
51 1 3 60 40 2
52 1 0 98 100 1
53 0 4 28 0 -1
53 0 3 60 0 -1
53 0 0 98 0 -1
53 1 4 28 20 8
53 1 3 62 40 2
55 0 2 43 0 -1
55 0 3 62 0 -1
55 1 2 45 60 4
55 1 3 60 40 2
56 1 0 98 100 1
57 0 4 28 0 -1
57 0 3 60 0 -1
57 0 0 98 0 -1
57 1 4 28 20 8
57 1 1 62 80 2
59 0 2 45 0 -1
59 0 1 62 0 -1
59 1 2 40 60 4
59 1 1 62 80 2
60 1 0 100 100 1
61 0 4 28 0 -1
61 0 1 62 0 -1
61 0 0 100 0 -1
61 1 4 28 20 8
61 1 1 62 80 2
63 0 2 40 0 -1
63 0 1 62 0 -1
63 1 2 43 60 4
63 1 3 60 40 2
64 1 0 100 100 1
65 0 4 28 0 -1
65 0 3 60 0 -1
65 0 0 100 0 -1
65 1 4 28 20 8
65 1 3 62 40 2
67 0 2 43 0 -1
67 0 3 62 0 -1
67 1 2 45 60 4
67 1 3 60 40 2
68 1 0 98 100 1
69 0 4 28 0 -1
69 0 3 60 0 -1
69 0 0 98 0 -1
69 1 4 28 20 8
69 1 1 62 80 2
71 0 2 45 0 -1
71 0 1 62 0 -1
71 1 2 40 60 4
71 1 1 62 80 2
72 1 0 93 100 1
73 0 4 28 0 -1
73 0 1 62 0 -1
73 0 0 93 0 -1
73 1 4 28 20 8
73 1 1 62 80 2
75 0 2 40 0 -1
75 0 1 62 0 -1
75 1 2 43 60 4
75 1 3 60 40 2
76 1 0 103 100 1
77 0 4 28 0 -1
77 0 3 60 0 -1
77 0 0 103 0 -1
77 1 4 28 20 8
77 1 3 62 40 2
79 0 2 43 0 -1
79 0 3 62 0 -1
79 1 2 45 60 4
79 1 3 60 40 2
80 1 0 91 100 1
81 0 4 28 0 -1
81 0 3 60 0 -1
81 0 0 91 0 -1
81 1 4 28 20 8
81 1 1 60 80 2
83 0 2 45 0 -1
83 0 1 60 0 -1
83 1 2 40 60 4
83 1 1 64 80 2
84 1 0 88 100 1
85 0 4 28 0 -1
85 0 1 64 0 -1
85 0 0 88 0 -1
85 1 4 28 20 8
85 1 1 60 80 2
87 0 2 40 0 -1
87 0 1 60 0 -1
87 1 2 43 60 4
87 1 3 60 40 2
88 1 0 100 100 1
89 0 4 28 0 -1
89 0 3 60 0 -1
89 0 0 100 0 -1
89 1 4 28 20 8
89 1 3 62 40 2
91 0 2 43 0 -1
91 0 3 62 0 -1
91 1 2 45 60 4
91 1 3 60 40 2
92 1 0 91 100 1
93 0 4 28 0 -1
93 0 3 60 0 -1
93 0 0 91 0 -1
93 1 4 28 20 8
93 1 1 60 80 2
95 0 2 45 0 -1
95 0 1 60 0 -1
95 1 2 40 60 4
95 1 1 64 80 2
96 1 0 91 100 1
97 0 4 28 0 -1
97 0 1 64 0 -1
97 0 0 91 0 -1
97 1 4 28 20 8
97 1 1 60 80 2
99 0 2 40 0 -1
99 0 1 60 0 -1
99 1 2 43 60 4
99 1 3 60 40 2
100 1 0 100 100 1
101 0 4 28 0 -1
101 0 3 60 0 -1
101 0 0 100 0 -1
101 1 4 28 20 8
101 1 3 62 40 2
103 0 2 43 0 -1
103 0 3 62 0 -1
103 1 2 45 60 4
103 1 3 60 40 2
104 1 0 86 100 1
105 0 4 28 0 -1
105 0 3 60 0 -1
105 0 0 86 0 -1
105 1 4 28 20 8
105 1 1 60 80 2
107 0 2 45 0 -1
107 0 1 60 0 -1
107 1 2 40 60 4
107 1 1 64 80 2
108 1 0 81 100 1
109 0 4 28 0 -1
109 0 1 64 0 -1
109 0 0 81 0 -1
109 1 4 28 20 8
109 1 1 60 80 2
111 0 2 40 0 -1
111 0 1 60 0 -1
111 1 2 43 60 4
111 1 3 60 40 2
112 1 0 91 100 1
113 0 4 28 0 -1
113 0 3 60 0 -1
113 0 0 91 0 -1
113 1 4 28 20 8
113 1 3 62 40 2
115 0 2 43 0 -1
115 0 3 62 0 -1
115 1 2 45 60 4
115 1 3 60 40 2
116 1 0 91 100 1
117 0 4 28 0 -1
117 0 3 60 0 -1
117 0 0 91 0 -1
117 1 4 28 20 8
117 1 1 57 80 2
119 0 2 45 0 -1
119 0 1 57 0 -1
119 1 2 40 60 4
119 1 1 60 80 2
120 1 0 81 100 1
121 0 4 28 0 -1
121 0 1 60 0 -1
121 0 0 81 0 -1
121 1 4 28 20 8
121 1 1 60 80 2
123 0 2 40 0 -1
123 0 1 60 0 -1
123 1 2 40 60 4
123 1 3 60 40 2
124 1 0 91 100 1
125 0 4 28 0 -1
125 0 3 60 0 -1
125 0 0 91 0 -1
125 1 4 28 20 8
125 1 3 62 40 2
127 0 2 40 0 -1
127 0 3 62 0 -1
127 1 2 43 60 4
127 1 3 60 40 2
128 1 0 86 100 1
129 0 4 28 0 -1
129 0 3 60 0 -1
129 0 0 86 0 -1
129 1 4 28 20 8
129 1 1 57 80 2
131 0 2 43 0 -1
131 0 1 57 0 -1
131 1 2 40 60 4
131 1 1 60 80 2
132 1 0 76 100 1
133 0 4 28 0 -1
133 0 1 60 0 -1
133 0 0 76 0 -1
133 1 4 28 20 8
133 1 1 60 80 2
135 0 2 40 0 -1
135 0 1 60 0 -1
135 1 2 40 60 4
135 1 3 60 40 2
136 1 0 93 100 1
137 0 4 28 0 -1
137 0 3 60 0 -1
137 0 0 93 0 -1
137 1 4 28 20 8
137 1 3 62 40 2
139 0 2 40 0 -1
139 0 3 62 0 -1
139 1 2 43 60 4
139 1 3 60 40 2
140 1 0 88 100 1
141 0 4 28 0 -1
141 0 3 60 0 -1
141 0 0 88 0 -1
141 1 4 28 20 8
141 1 1 57 80 2
143 0 2 43 0 -1
143 0 1 57 0 -1
143 1 2 40 60 4
143 1 1 60 80 2
144 1 0 76 100 1
145 0 4 28 0 -1
145 0 1 60 0 -1
145 0 0 76 0 -1
145 1 4 28 20 8
145 1 1 60 80 2
147 0 2 40 0 -1
147 0 1 60 0 -1
147 1 2 40 60 4
147 1 3 60 40 2
148 1 0 96 100 1
149 0 4 28 0 -1
149 0 3 60 0 -1
149 0 0 96 0 -1
149 1 4 28 20 8
149 1 3 62 40 2
151 0 2 40 0 -1
151 0 3 62 0 -1
151 1 2 43 60 4
151 1 3 60 40 2
152 1 0 84 100 1
153 0 4 28 0 -1
153 0 3 60 0 -1
153 0 0 84 0 -1
153 1 4 28 20 8
153 1 1 57 80 2
155 0 2 43 0 -1
155 0 1 57 0 -1
155 1 2 40 60 4
155 1 1 62 80 2
156 1 0 81 100 1
157 0 4 28 0 -1
157 0 1 62 0 -1
157 0 0 81 0 -1
157 1 4 28 20 8
157 1 1 57 80 2
159 0 2 40 0 -1
159 0 1 57 0 -1
159 1 2 40 60 4
159 1 3 60 40 2
160 1 0 96 100 1
161 0 4 28 0 -1
161 0 3 60 0 -1
161 0 0 96 0 -1
161 1 4 28 20 8
161 1 3 62 40 2
163 0 2 40 0 -1
163 0 3 62 0 -1
163 1 2 43 60 4
163 1 3 60 40 2
164 1 0 81 100 1
165 0 4 28 0 -1
165 0 3 60 0 -1
165 0 0 81 0 -1
165 1 4 28 20 8
165 1 1 57 80 2
167 0 2 43 0 -1
167 0 1 57 0 -1
167 1 2 40 60 4
167 1 1 62 80 2
168 1 0 81 100 1
169 0 4 28 0 -1
169 0 1 62 0 -1
169 0 0 81 0 -1
169 1 4 28 20 8
169 1 1 57 80 2
171 0 2 40 0 -1
171 0 1 57 0 -1
171 1 2 40 60 4
171 1 3 60 40 2
172 1 0 98 100 1
173 0 4 28 0 -1
173 0 3 60 0 -1
173 0 0 98 0 -1
173 1 4 28 20 8
173 1 3 62 40 2
175 0 2 40 0 -1
175 0 3 62 0 -1
175 1 2 43 60 4
175 1 3 60 40 2
176 1 0 84 100 1
177 0 4 28 0 -1
177 0 3 60 0 -1
177 0 0 84 0 -1
177 1 4 28 20 8
177 1 1 57 80 2
179 0 2 43 0 -1
179 0 1 57 0 -1
179 1 2 40 60 4
179 1 1 62 80 2
180 1 0 84 100 1
181 0 4 28 0 -1
181 0 1 62 0 -1
181 0 0 84 0 -1
181 1 4 28 20 8
181 1 1 57 80 2
183 0 2 40 0 -1
183 0 1 57 0 -1
183 1 2 40 60 4
183 1 3 60 40 2
184 1 0 98 100 1
185 0 4 28 0 -1
185 0 3 60 0 -1
185 0 0 98 0 -1
185 1 4 28 20 8
185 1 3 62 40 2
187 0 2 40 0 -1
187 0 3 62 0 -1
187 1 2 43 60 4
187 1 3 60 40 2
188 1 0 93 100 1
189 0 4 28 0 -1
189 0 3 60 0 -1
189 0 0 93 0 -1
189 1 4 28 20 8
189 1 1 57 80 2
191 0 2 43 0 -1
191 0 1 57 0 -1
191 1 2 40 60 4
191 1 1 62 80 2
192 1 0 84 100 1
193 0 4 28 0 -1
193 0 1 62 0 -1
193 0 0 84 0 -1
193 1 4 28 20 8
193 1 1 60 80 2
195 0 2 40 0 -1
195 0 1 60 0 -1
195 1 2 40 60 4
195 1 3 60 40 2
196 1 0 96 100 1
197 0 4 28 0 -1
197 0 3 60 0 -1
197 0 0 96 0 -1
197 1 4 28 20 8
197 1 3 62 40 2
199 0 2 40 0 -1
199 0 3 62 0 -1
199 1 2 43 60 4
199 1 3 60 40 2
200 1 0 96 100 1
201 0 4 28 0 -1
201 0 3 60 0 -1
201 0 0 96 0 -1
201 1 4 28 20 8
201 1 1 57 80 2
203 0 2 43 0 -1
203 0 1 57 0 -1
203 1 2 40 60 4
203 1 1 62 80 2
204 1 0 76 100 1
205 0 4 28 0 -1
205 0 1 62 0 -1
205 0 0 76 0 -1
205 1 4 28 20 8
205 1 1 60 80 2
207 0 2 40 0 -1
207 0 1 60 0 -1
207 1 2 40 60 4
207 1 3 60 40 2
208 1 0 96 100 1
209 0 4 28 0 -1
209 0 3 60 0 -1
209 0 0 96 0 -1
209 1 4 28 20 8
209 1 3 62 40 2
211 0 2 40 0 -1
211 0 3 62 0 -1
211 1 2 43 60 4
211 1 3 60 40 2
212 1 0 93 100 1
213 0 4 28 0 -1
213 0 3 60 0 -1
213 0 0 93 0 -1
213 1 4 28 20 8
213 1 1 57 80 2
215 0 2 43 0 -1
215 0 1 57 0 -1
215 1 2 40 60 4
215 1 1 62 80 2
216 1 0 86 100 1
217 0 4 28 0 -1
217 0 1 62 0 -1
217 0 0 86 0 -1
217 1 4 28 20 8
217 1 1 60 80 2
219 0 2 40 0 -1
219 0 1 60 0 -1
219 1 2 40 60 4
219 1 3 60 40 2
220 1 0 93 100 1
221 0 4 28 0 -1
221 0 3 60 0 -1
221 0 0 93 0 -1
221 1 4 28 20 8
221 1 3 62 40 2
223 0 2 40 0 -1
223 0 3 62 0 -1
223 1 2 43 60 4
223 1 3 60 40 2
224 1 0 79 100 1
225 0 4 28 0 -1
225 0 3 60 0 -1
225 0 0 79 0 -1
225 1 4 28 20 8
225 1 1 60 80 2
227 0 2 43 0 -1
227 0 1 60 0 -1
227 1 2 40 60 4
227 1 1 60 80 2
228 1 0 88 100 1
229 0 4 28 0 -1
229 0 1 60 0 -1
229 0 0 88 0 -1
229 1 4 28 20 8
229 1 1 57 80 2
231 0 2 40 0 -1
231 0 1 57 0 -1
231 1 2 43 60 4
231 1 3 60 40 2
232 1 0 91 100 1
233 0 4 28 0 -1
233 0 3 60 0 -1
233 0 0 91 0 -1
233 1 4 28 20 8
233 1 3 62 40 2
235 0 2 43 0 -1
235 0 3 62 0 -1
235 1 2 43 60 4
235 1 3 60 40 2
236 1 0 81 100 1
237 0 4 28 0 -1
237 0 3 60 0 -1
237 0 0 81 0 -1
237 1 4 28 20 8
237 1 1 60 80 2
239 0 2 43 0 -1
239 0 1 60 0 -1
239 1 2 40 60 4
239 1 1 60 80 2
240 1 0 91 100 1
241 0 4 28 0 -1
241 0 1 60 0 -1
241 0 0 91 0 -1
241 1 4 28 20 8
241 1 1 57 80 2
243 0 2 40 0 -1
243 0 1 57 0 -1
243 1 2 43 60 4
243 1 3 60 40 2
244 1 0 93 100 1
245 0 4 28 0 -1
245 0 3 60 0 -1
245 0 0 93 0 -1
245 1 4 28 20 8
245 1 3 62 40 2
247 0 2 43 0 -1
247 0 3 62 0 -1
247 1 2 43 60 4
247 1 3 60 40 2
248 1 0 79 100 1
249 0 4 28 0 -1
249 0 3 60 0 -1
249 0 0 79 0 -1
249 1 4 28 20 8
249 1 1 60 80 2
251 0 2 43 0 -1
251 0 1 60 0 -1
251 1 2 40 60 4
251 1 1 60 80 2
252 1 0 103 100 1
253 0 4 28 0 -1
253 0 1 60 0 -1
253 0 0 103 0 -1
253 1 4 28 20 8
253 1 1 57 80 2
255 0 2 40 0 -1
255 0 1 57 0 -1
255 1 2 43 60 4
255 1 3 60 40 2
256 1 0 93 100 1
257 0 4 28 0 -1
257 0 3 60 0 -1
257 0 0 93 0 -1
257 1 4 28 20 8
257 1 3 62 40 2
259 0 2 43 0 -1
259 0 3 62 0 -1
259 1 2 43 60 4
259 1 3 60 40 2
260 1 0 86 100 1
261 0 4 28 0 -1
261 0 3 60 0 -1
261 0 0 86 0 -1
261 1 4 28 20 8
261 1 1 64 80 2
263 0 2 43 0 -1
263 0 1 64 0 -1
263 1 2 40 60 4
263 1 1 60 80 2
264 1 0 105 100 1
265 0 4 28 0 -1
265 0 1 60 0 -1
265 0 0 105 0 -1
265 1 4 28 20 8
265 1 1 57 80 2
267 0 2 40 0 -1
267 0 1 57 0 -1
267 1 2 43 60 4
267 1 3 60 40 2
268 1 0 96 100 1
269 0 4 28 0 -1
269 0 3 60 0 -1
269 0 0 96 0 -1
269 1 4 28 20 8
269 1 3 62 40 2
271 0 2 43 0 -1
271 0 3 62 0 -1
271 1 2 43 60 4
271 1 3 60 40 2
272 1 0 86 100 1
273 0 4 28 0 -1
273 0 3 60 0 -1
273 0 0 86 0 -1
273 1 4 28 20 8
273 1 1 64 80 2
275 0 2 43 0 -1
275 0 1 64 0 -1
275 1 2 40 60 4
275 1 1 60 80 2
276 1 0 103 100 1
277 0 4 28 0 -1
277 0 1 60 0 -1
277 0 0 103 0 -1
277 1 4 28 20 8
277 1 1 57 80 2
279 0 2 40 0 -1
279 0 1 57 0 -1
279 1 2 43 60 4
279 1 3 60 40 2
280 1 0 93 100 1
281 0 4 28 0 -1
281 0 3 60 0 -1
281 0 0 93 0 -1
281 1 4 28 20 8
281 1 3 62 40 2
283 0 2 43 0 -1
283 0 3 62 0 -1
283 1 2 43 60 4
283 1 3 60 40 2
284 1 0 81 100 1
285 0 4 28 0 -1
285 0 3 60 0 -1
285 0 0 81 0 -1
285 1 4 28 20 8
285 1 1 64 80 2
287 0 2 43 0 -1
287 0 1 64 0 -1
287 1 2 40 60 4
287 1 1 60 80 2
288 1 0 93 100 1
289 0 4 28 0 -1
289 0 1 60 0 -1
289 0 0 93 0 -1
289 1 4 28 20 8
289 1 1 57 80 2
291 0 2 40 0 -1
291 0 1 57 0 -1
291 1 2 43 60 4
291 1 3 60 40 2
292 1 0 98 100 1
293 0 4 28 0 -1
293 0 3 60 0 -1
293 0 0 98 0 -1
293 1 4 28 20 8
293 1 3 62 40 2
295 0 2 43 0 -1
295 0 3 62 0 -1
295 1 2 43 60 4
295 1 3 60 40 2
296 1 0 76 100 1
297 0 4 28 0 -1
297 0 3 60 0 -1
297 0 0 76 0 -1
297 1 4 28 20 8
297 1 1 60 80 2
299 0 2 43 0 -1
299 0 1 60 0 -1
299 1 2 40 60 4
299 1 1 62 80 2
300 1 0 96 100 1
301 0 4 28 0 -1
301 0 1 62 0 -1
301 0 0 96 0 -1
301 1 4 28 20 8
301 1 1 57 80 2
303 0 2 40 0 -1
303 0 1 57 0 -1
303 1 2 43 60 4
303 1 3 60 40 2
304 1 0 98 100 1
305 0 4 28 0 -1
305 0 3 60 0 -1
305 0 0 98 0 -1
305 1 4 28 20 8
305 1 3 62 40 2
307 0 2 43 0 -1
307 0 3 62 0 -1
307 1 2 43 60 4
307 1 3 60 40 2
308 1 0 81 100 1
309 0 4 28 0 -1
309 0 3 60 0 -1
309 0 0 81 0 -1
309 1 4 28 20 8
309 1 1 60 80 2
311 0 2 43 0 -1
311 0 1 60 0 -1
311 1 2 40 60 4
311 1 1 62 80 2
312 1 0 88 100 1
313 0 4 28 0 -1
313 0 1 62 0 -1
313 0 0 88 0 -1
313 1 4 28 20 8
313 1 1 57 80 2
315 0 2 40 0 -1
315 0 1 57 0 -1
315 1 2 43 60 4
315 1 3 60 40 2
316 1 0 98 100 1
317 0 4 28 0 -1
317 0 3 60 0 -1
317 0 0 98 0 -1
317 1 4 28 20 8
317 1 3 62 40 2
319 0 2 43 0 -1
319 0 3 62 0 -1
319 1 2 43 60 4
319 1 3 60 40 2
320 1 0 79 100 1
321 0 4 28 0 -1
321 0 3 60 0 -1
321 0 0 79 0 -1
321 1 4 28 20 8
321 1 1 60 80 2
323 0 2 43 0 -1
323 0 1 60 0 -1
323 1 2 40 60 4
323 1 1 62 80 2
324 1 0 98 100 1
325 0 4 28 0 -1
325 0 1 62 0 -1
325 0 0 98 0 -1
325 1 4 28 20 8
325 1 1 57 80 2
327 0 2 40 0 -1
327 0 1 57 0 -1
327 1 2 43 60 4
327 1 3 60 40 2
328 1 0 88 100 1
329 0 4 28 0 -1
329 0 3 60 0 -1
329 0 0 88 0 -1
329 1 4 28 20 8
329 1 3 62 40 2
331 0 2 43 0 -1
331 0 3 62 0 -1
331 1 2 43 60 4
331 1 3 60 40 2
332 1 0 84 100 1
333 0 4 28 0 -1
333 0 3 60 0 -1
333 0 0 84 0 -1
333 1 4 28 20 8
333 1 1 62 80 2
335 0 2 43 0 -1
335 0 1 62 0 -1
335 1 2 40 60 4
335 1 1 57 80 2
336 1 0 96 100 1
337 0 4 28 0 -1
337 0 1 57 0 -1
337 0 0 96 0 -1
337 1 4 28 20 8
337 1 1 57 80 2
339 0 2 40 0 -1
339 0 1 57 0 -1
339 1 2 43 60 4
339 1 3 60 40 2
340 1 0 88 100 1
341 0 4 28 0 -1
341 0 3 60 0 -1
341 0 0 88 0 -1
341 1 4 28 20 8
341 1 3 62 40 2
343 0 2 43 0 -1
343 0 3 62 0 -1
343 1 2 40 60 4
343 1 3 60 40 2
344 1 0 81 100 1
345 0 4 28 0 -1
345 0 3 60 0 -1
345 0 0 81 0 -1
345 1 4 28 20 8
345 1 1 62 80 2
347 0 2 40 0 -1
347 0 1 62 0 -1
347 1 2 40 60 4
347 1 1 57 80 2
348 1 0 100 100 1
349 0 4 28 0 -1
349 0 1 57 0 -1
349 0 0 100 0 -1
349 1 4 28 20 8
349 1 1 57 80 2
351 0 2 40 0 -1
351 0 1 57 0 -1
351 1 2 43 60 4
351 1 3 62 40 2
352 1 0 86 100 1
353 0 4 28 0 -1
353 0 3 62 0 -1
353 0 0 86 0 -1
353 1 4 28 20 8
353 1 3 57 40 2
355 0 2 43 0 -1
355 0 3 57 0 -1
355 1 2 40 60 4
355 1 3 60 40 2
356 1 0 81 100 1
357 0 4 28 0 -1
357 0 3 60 0 -1
357 0 0 81 0 -1
357 1 4 28 20 8
357 1 1 62 80 2
359 0 2 40 0 -1
359 0 1 62 0 -1
359 1 2 40 60 4
359 1 1 57 80 2
360 1 0 91 100 1
361 0 4 28 0 -1
361 0 1 57 0 -1
361 0 0 91 0 -1
361 1 4 28 20 8
361 1 1 57 80 2
363 0 2 40 0 -1
363 0 1 57 0 -1
363 1 2 43 60 4
363 1 3 62 40 2
364 1 0 84 100 1
365 0 4 28 0 -1
365 0 3 62 0 -1
365 0 0 84 0 -1
365 1 4 26 20 8
365 1 3 57 40 2
367 0 2 43 0 -1
367 0 3 57 0 -1
367 1 2 40 60 4
367 1 3 60 40 2
368 1 0 79 100 1
369 0 4 28 0 -1
369 0 3 60 0 -1
369 0 0 79 0 -1
369 1 4 28 20 8
369 1 1 60 80 2
371 0 2 40 0 -1
371 0 1 60 0 -1
371 1 2 40 60 4
371 1 1 57 80 2
372 1 0 88 100 1
373 0 4 26 0 -1
373 0 1 57 0 -1
373 0 0 88 0 -1
373 1 4 28 20 8
373 1 1 57 80 2
375 0 2 40 0 -1
375 0 1 57 0 -1
375 1 2 43 60 4
375 1 3 62 40 2
376 1 0 81 100 1
377 0 4 28 0 -1
377 0 3 62 0 -1
377 0 0 81 0 -1
377 1 4 26 20 8
377 1 3 57 40 2
379 0 2 43 0 -1
379 0 3 57 0 -1
379 1 2 40 60 4
379 1 3 60 40 2
380 1 0 81 100 1
381 0 4 28 0 -1
381 0 3 60 0 -1
381 0 0 81 0 -1
381 1 4 28 20 8
381 1 1 60 80 2
383 0 2 40 0 -1
383 0 1 60 0 -1
383 1 2 40 60 4
383 1 1 57 80 2
384 1 0 96 100 1
385 0 4 26 0 -1
385 0 1 57 0 -1
385 0 0 96 0 -1
385 1 4 28 20 8
385 1 1 57 80 2
387 0 2 40 0 -1
387 0 1 57 0 -1
387 1 2 43 60 4
387 1 3 62 40 2
388 1 0 81 100 1
389 0 4 28 0 -1
389 0 3 62 0 -1
389 0 0 81 0 -1
389 1 4 26 20 8
389 1 3 57 40 2
391 0 2 43 0 -1
391 0 3 57 0 -1
391 1 2 40 60 4
391 1 3 60 40 2
392 1 0 81 100 1
393 0 4 28 0 -1
393 0 3 60 0 -1
393 0 0 81 0 -1
393 1 4 28 20 8
393 1 1 60 80 2
395 0 2 40 0 -1
395 0 1 60 0 -1
395 1 2 40 60 4
395 1 1 57 80 2
396 1 0 86 100 1
397 0 4 26 0 -1
397 0 1 57 0 -1
397 0 0 86 0 -1
397 1 4 28 20 8
397 1 1 57 80 2
399 0 2 40 0 -1
399 0 1 57 0 -1
399 1 2 43 60 4
399 1 3 62 40 2
400 1 0 88 100 1
401 0 4 28 0 -1
401 0 3 62 0 -1
401 0 0 88 0 -1
401 1 4 26 20 8
401 1 3 57 40 2
403 0 2 43 0 -1
403 0 3 57 0 -1
403 1 2 40 60 4
403 1 3 60 40 2
404 1 0 86 100 1
405 0 4 28 0 -1
405 0 3 60 0 -1
405 0 0 86 0 -1
405 1 4 28 20 8
405 1 1 57 80 2
407 0 2 40 0 -1
407 0 1 57 0 -1
407 1 2 40 60 4
407 1 1 57 80 2
408 1 0 81 100 1
409 0 4 26 0 -1
409 0 1 57 0 -1
409 0 0 81 0 -1
409 1 4 28 20 8
409 1 1 57 80 2
411 0 2 40 0 -1
411 0 1 57 0 -1
411 1 2 43 60 4
411 1 3 62 40 2
412 1 0 86 100 1
413 0 4 28 0 -1
413 0 3 62 0 -1
413 0 0 86 0 -1
413 1 4 26 20 8
413 1 3 57 40 2
415 0 2 43 0 -1
415 0 3 57 0 -1
415 1 2 40 60 4
415 1 3 60 40 2
416 1 0 86 100 1
417 0 4 28 0 -1
417 0 3 60 0 -1
417 0 0 86 0 -1
417 1 4 28 20 8
417 1 1 57 80 2
419 0 2 40 0 -1
419 0 1 57 0 -1
419 1 2 40 60 4
419 1 1 57 80 2
420 1 0 84 100 1
421 0 4 26 0 -1
421 0 1 57 0 -1
421 0 0 84 0 -1
421 1 4 28 20 8
421 1 1 57 80 2
423 0 2 40 0 -1
423 0 1 57 0 -1
423 1 2 43 60 4
423 1 3 62 40 2
424 1 0 86 100 1
425 0 4 28 0 -1
425 0 3 62 0 -1
425 0 0 86 0 -1
425 1 4 26 20 8
425 1 3 57 40 2
427 0 2 43 0 -1
427 0 3 57 0 -1
427 1 2 40 60 4
427 1 3 60 40 2
428 1 0 81 100 1
429 0 4 28 0 -1
429 0 3 60 0 -1
429 0 0 81 0 -1
429 1 4 28 20 8
429 1 1 57 80 2
431 0 2 40 0 -1
431 0 1 57 0 -1
431 1 2 40 60 4
431 1 1 57 80 2
432 1 0 88 100 1
433 0 4 26 0 -1
433 0 1 57 0 -1
433 0 0 88 0 -1
433 1 4 28 20 8
433 1 1 57 80 2
435 0 2 40 0 -1
435 0 1 57 0 -1
435 1 2 43 60 4
435 1 3 62 40 2
436 1 0 81 100 1
437 0 4 28 0 -1
437 0 3 62 0 -1
437 0 0 81 0 -1
437 1 4 26 20 8
437 1 3 57 40 2
439 0 2 43 0 -1
439 0 3 57 0 -1
439 1 2 40 60 4
439 1 3 60 40 2
440 1 0 91 100 1
441 0 4 28 0 -1
441 0 3 60 0 -1
441 0 0 91 0 -1
441 1 4 28 20 8
441 1 1 57 80 2
443 0 2 40 0 -1
443 0 1 57 0 -1
443 1 2 40 60 4
443 1 1 57 80 2
444 1 0 84 100 1
445 0 4 26 0 -1
445 0 1 57 0 -1
445 0 0 84 0 -1
445 1 4 28 20 8
445 1 1 60 80 2
447 0 2 40 0 -1
447 0 1 60 0 -1
447 1 2 40 60 4
447 1 3 62 40 2
448 1 0 81 100 1
449 0 4 28 0 -1
449 0 3 62 0 -1
449 0 0 81 0 -1
449 1 4 26 20 8
449 1 3 57 40 2
451 0 2 40 0 -1
451 0 3 57 0 -1
451 1 2 40 60 4
451 1 3 60 40 2
452 1 0 88 100 1
453 0 4 28 0 -1
453 0 3 60 0 -1
453 0 0 88 0 -1
453 1 4 28 20 8
453 1 1 57 80 2
455 0 2 40 0 -1
455 0 1 57 0 -1
455 1 2 43 60 4
455 1 1 57 80 2
456 1 0 84 100 1
457 0 4 26 0 -1
457 0 1 57 0 -1
457 0 0 84 0 -1
457 1 4 28 20 8
457 1 1 60 80 2
459 0 2 43 0 -1
459 0 1 60 0 -1
459 1 2 40 60 4
459 1 3 62 40 2
460 1 0 81 100 1
461 0 4 28 0 -1
461 0 3 62 0 -1
461 0 0 81 0 -1
461 1 4 26 20 8
461 1 3 57 40 2
463 0 2 40 0 -1
463 0 3 57 0 -1
463 1 2 40 60 4
463 1 3 60 40 2
464 1 0 93 100 1
465 0 4 28 0 -1
465 0 3 60 0 -1
465 0 0 93 0 -1
465 1 4 28 20 8
465 1 1 57 80 2
467 0 2 40 0 -1
467 0 1 57 0 -1
467 1 2 43 60 4
467 1 1 57 80 2
468 1 0 84 100 1
469 0 4 26 0 -1
469 0 1 57 0 -1
469 0 0 84 0 -1
469 1 4 28 20 8
469 1 1 60 80 2
471 0 2 43 0 -1
471 0 1 60 0 -1
471 1 2 40 60 4
471 1 3 62 40 2
472 1 0 86 100 1
473 0 4 28 0 -1
473 0 3 62 0 -1
473 0 0 86 0 -1
473 1 4 26 20 8
473 1 3 57 40 2
475 0 2 40 0 -1
475 0 3 57 0 -1
475 1 2 40 60 4
475 1 3 60 40 2
476 1 0 98 100 1
477 0 4 28 0 -1
477 0 3 60 0 -1
477 0 0 98 0 -1
477 1 4 28 20 8
477 1 1 57 80 2
479 0 2 40 0 -1
479 0 1 57 0 -1
479 1 2 43 60 4
479 1 1 57 80 2
480 1 0 84 100 1
481 0 4 26 0 -1
481 0 1 57 0 -1
481 0 0 84 0 -1
481 1 4 28 20 8
481 1 1 62 80 2
483 0 2 43 0 -1
483 0 1 62 0 -1
483 1 2 40 60 4
483 1 3 62 40 2
484 1 0 86 100 1
485 0 4 28 0 -1
485 0 3 62 0 -1
485 0 0 86 0 -1
485 1 4 26 20 8
485 1 3 57 40 2
487 0 2 40 0 -1
487 0 3 57 0 -1
487 1 2 40 60 4
487 1 3 60 40 2
488 1 0 93 100 1
489 0 4 28 0 -1
489 0 3 60 0 -1
489 0 0 93 0 -1
489 1 4 28 20 8
489 1 1 57 80 2
491 0 2 40 0 -1
491 0 1 57 0 -1
491 1 2 43 60 4
491 1 1 57 80 2
492 1 0 88 100 1
493 0 4 26 0 -1
493 0 1 57 0 -1
493 0 0 88 0 -1
493 1 4 28 20 8
493 1 1 62 80 2
495 0 2 43 0 -1
495 0 1 62 0 -1
495 1 2 40 60 4
495 1 3 62 40 2
496 1 0 88 100 1
497 0 4 28 0 -1
497 0 3 62 0 -1
497 0 0 88 0 -1
497 1 4 26 20 8
497 1 3 57 40 2
499 0 2 40 0 -1
499 0 3 57 0 -1
499 1 2 40 60 4
499 1 3 60 40 2
500 1 0 98 100 1
501 0 4 28 0 -1
501 0 3 60 0 -1
501 0 0 98 0 -1
501 1 4 28 20 8
501 1 1 57 80 2
503 0 2 40 0 -1
503 0 1 57 0 -1
503 1 2 43 60 4
503 1 1 57 80 2
504 1 0 93 100 1
505 0 4 26 0 -1
505 0 1 57 0 -1
505 0 0 93 0 -1
505 1 4 28 20 8
505 1 1 62 80 2
507 0 2 43 0 -1
507 0 1 62 0 -1
507 1 2 40 60 4
507 1 3 62 40 2
508 1 0 81 100 1
509 0 4 28 0 -1
509 0 3 62 0 -1
509 0 0 81 0 -1
509 1 4 26 20 8
509 1 3 57 40 2
511 0 2 40 0 -1
511 0 3 57 0 -1
511 1 2 40 60 4
511 1 3 60 40 2
512 1 0 100 100 1
513 0 4 28 0 -1
513 0 3 60 0 -1
513 0 0 100 0 -1
513 1 4 28 20 8
513 1 1 62 80 2
515 0 2 40 0 -1
515 0 1 62 0 -1
515 1 2 43 60 4
515 1 1 57 80 2
516 1 0 98 100 1
517 0 4 26 0 -1
517 0 1 57 0 -1
517 0 0 98 0 -1
517 1 4 28 20 8
517 1 1 62 80 2
519 0 2 43 0 -1
519 0 1 62 0 -1
519 1 2 40 60 4
519 1 3 62 40 2
520 1 0 84 100 1
521 0 4 28 0 -1
521 0 3 62 0 -1
521 0 0 84 0 -1
521 1 4 26 20 8
521 1 3 57 40 2
523 0 2 40 0 -1
523 0 3 57 0 -1
523 1 2 40 60 4
523 1 3 60 40 2
524 1 0 100 100 1
525 0 4 28 0 -1
525 0 3 60 0 -1
525 0 0 100 0 -1
525 1 4 28 20 8
525 1 1 62 80 2
527 0 2 40 0 -1
527 0 1 62 0 -1
527 1 2 43 60 4
527 1 1 57 80 2
528 1 0 98 100 1
529 0 4 26 0 -1
529 0 1 57 0 -1
529 0 0 98 0 -1
529 1 4 28 20 8
529 1 1 62 80 2
531 0 2 43 0 -1
531 0 1 62 0 -1
531 1 2 40 60 4
531 1 3 62 40 2
532 1 0 81 100 1
533 0 4 28 0 -1
533 0 3 62 0 -1
533 0 0 81 0 -1
533 1 4 26 20 8
533 1 3 57 40 2
535 0 2 40 0 -1
535 0 3 57 0 -1
535 1 2 40 60 4
535 1 3 60 40 2
536 1 0 100 100 1
537 0 4 28 0 -1
537 0 3 60 0 -1
537 0 0 100 0 -1
537 1 4 28 20 8
537 1 1 62 80 2
539 0 2 40 0 -1
539 0 1 62 0 -1
539 1 2 43 60 4
539 1 1 57 80 2
540 1 0 112 100 1
541 0 4 26 0 -1
541 0 1 57 0 -1
541 0 0 112 0 -1
541 1 4 28 20 8
541 1 1 62 80 2
543 0 2 43 0 -1
543 0 1 62 0 -1
543 1 2 40 60 4
543 1 3 62 40 2
544 1 0 84 100 1
545 0 4 28 0 -1
545 0 3 62 0 -1
545 0 0 84 0 -1
545 1 4 26 20 8
545 1 3 57 40 2
547 0 2 40 0 -1
547 0 3 57 0 -1
547 1 2 40 60 4
547 1 3 60 40 2
548 1 0 96 100 1
549 0 4 28 0 -1
549 0 3 60 0 -1
549 0 0 96 0 -1
549 1 4 28 20 8
549 1 1 64 80 2
551 0 2 40 0 -1
551 0 1 64 0 -1
551 1 2 43 60 4
551 1 1 57 80 2
552 1 0 112 100 1
553 0 4 26 0 -1
553 0 1 57 0 -1
553 0 0 112 0 -1
553 1 4 28 20 8
553 1 1 62 80 2
555 0 2 43 0 -1
555 0 1 62 0 -1
555 1 2 45 60 4
555 1 3 62 40 2
556 1 0 81 100 1
557 0 4 28 0 -1
557 0 3 62 0 -1
557 0 0 81 0 -1
557 1 4 26 20 8
557 1 3 57 40 2
559 0 2 45 0 -1
559 0 3 57 0 -1
559 1 2 40 60 4
559 1 3 60 40 2
560 1 0 96 100 1
561 0 4 28 0 -1
561 0 3 60 0 -1
561 0 0 96 0 -1
561 1 4 28 20 8
561 1 1 64 80 2
563 0 2 40 0 -1
563 0 1 64 0 -1
563 1 2 40 60 4
563 1 1 57 80 2
564 1 0 108 100 1
565 0 4 26 0 -1
565 0 1 57 0 -1
565 0 0 108 0 -1
565 1 4 28 20 8
565 1 1 62 80 2
567 0 2 40 0 -1
567 0 1 62 0 -1
567 1 2 45 60 4
567 1 3 62 40 2
568 1 0 84 100 1
569 0 4 28 0 -1
569 0 3 62 0 -1
569 0 0 84 0 -1
569 1 4 26 20 8
569 1 3 57 40 2
571 0 2 45 0 -1
571 0 3 57 0 -1
571 1 2 40 60 4
571 1 3 60 40 2
572 1 0 98 100 1
573 0 4 28 0 -1
573 0 3 60 0 -1
573 0 0 98 0 -1
573 1 4 28 20 8
573 1 1 64 80 2
575 0 2 40 0 -1
575 0 1 64 0 -1
575 1 2 40 60 4
575 1 1 57 80 2
576 1 0 105 100 1
577 0 4 26 0 -1
577 0 1 57 0 -1
577 0 0 105 0 -1
577 1 4 28 20 8
577 1 1 62 80 2
579 0 2 40 0 -1
579 0 1 62 0 -1
579 1 2 45 60 4
579 1 3 62 40 2
580 1 0 84 100 1
581 0 4 28 0 -1
581 0 3 62 0 -1
581 0 0 84 0 -1
581 1 4 26 20 8
581 1 3 57 40 2
583 0 2 45 0 -1
583 0 3 57 0 -1
583 1 2 40 60 4
583 1 3 60 40 2
584 1 0 84 100 1
585 0 4 28 0 -1
585 0 3 60 0 -1
585 0 0 84 0 -1
585 1 4 28 20 8
585 1 1 64 80 2
587 0 2 40 0 -1
587 0 1 64 0 -1
587 1 2 40 60 4
587 1 1 57 80 2
588 1 0 112 100 1
589 0 4 26 0 -1
589 0 1 57 0 -1
589 0 0 112 0 -1
589 1 4 28 20 8
589 1 1 60 80 2
591 0 2 40 0 -1
591 0 1 60 0 -1
591 1 2 45 60 4
591 1 3 62 40 2
592 1 0 81 100 1
593 0 4 28 0 -1
593 0 3 62 0 -1
593 0 0 81 0 -1
593 1 4 26 20 8
593 1 3 57 40 2
595 0 2 45 0 -1
595 0 3 57 0 -1
595 1 2 40 60 4
595 1 3 60 40 2
596 1 0 88 100 1
597 0 4 28 0 -1
597 0 3 60 0 -1
597 0 0 88 0 -1
597 1 4 28 20 8
597 1 1 64 80 2
599 0 2 40 0 -1
599 0 1 64 0 -1
599 1 2 40 60 4
599 1 1 57 80 2
600 1 0 110 100 1
601 0 4 26 0 -1
601 0 1 57 0 -1
601 0 0 110 0 -1
601 1 4 28 20 8
601 1 1 60 80 2
603 0 2 40 0 -1
603 0 1 60 0 -1
603 1 2 45 60 4
603 1 3 62 40 2
604 1 0 86 100 1
605 0 4 28 0 -1
605 0 3 62 0 -1
605 0 0 86 0 -1
605 1 4 26 20 8
605 1 3 57 40 2
607 0 2 45 0 -1
607 0 3 57 0 -1
607 1 2 40 60 4
607 1 3 60 40 2
608 1 0 88 100 1
609 0 4 28 0 -1
609 0 3 60 0 -1
609 0 0 88 0 -1
609 1 4 28 20 8
609 1 1 64 80 2
611 0 2 40 0 -1
611 0 1 64 0 -1
611 1 2 40 60 4
611 1 1 57 80 2
612 1 0 100 100 1
613 0 4 26 0 -1
613 0 1 57 0 -1
613 0 0 100 0 -1
613 1 4 28 20 8
613 1 1 60 80 2
615 0 2 40 0 -1
615 0 1 60 0 -1
615 1 2 45 60 4
615 1 3 62 40 2
616 1 0 79 100 1
617 0 4 28 0 -1
617 0 3 62 0 -1
617 0 0 79 0 -1
617 1 4 26 20 8
617 1 3 57 40 2
619 0 2 45 0 -1
619 0 3 57 0 -1
619 1 2 40 60 4
619 1 3 60 40 2
620 1 0 93 100 1
621 0 4 28 0 -1
621 0 3 60 0 -1
621 0 0 93 0 -1
621 1 4 28 20 8
621 1 1 64 80 2
623 0 2 40 0 -1
623 0 1 64 0 -1
623 1 2 40 60 4
623 1 1 57 80 2
624 1 0 105 100 1
625 0 4 26 0 -1
625 0 1 57 0 -1
625 0 0 105 0 -1
625 1 4 28 20 8
625 1 1 60 80 2
627 0 2 40 0 -1
627 0 1 60 0 -1
627 1 2 45 60 4
627 1 3 62 40 2
628 1 0 79 100 1
629 0 4 28 0 -1
629 0 3 62 0 -1
629 0 0 79 0 -1
629 1 4 26 20 8
629 1 3 57 40 2
631 0 2 45 0 -1
631 0 3 57 0 -1
631 1 2 40 60 4
631 1 3 60 40 2
632 1 0 91 100 1
633 0 4 28 0 -1
633 0 3 60 0 -1
633 0 0 91 0 -1
633 1 4 28 20 8
633 1 1 64 80 2
635 0 2 40 0 -1
635 0 1 64 0 -1
635 1 2 40 60 4
635 1 1 57 80 2
636 1 0 100 100 1
637 0 4 26 0 -1
637 0 1 57 0 -1
637 0 0 100 0 -1
637 1 4 28 20 8
637 1 1 60 80 2
639 0 2 40 0 -1
639 0 1 60 0 -1
639 1 2 45 60 4
639 1 3 62 40 2
640 1 0 79 100 1
641 0 4 28 0 -1
641 0 3 62 0 -1
641 0 0 79 0 -1
641 1 4 26 20 8
641 1 3 57 40 2
643 0 2 45 0 -1
643 0 3 57 0 -1
643 1 2 40 60 4
643 1 3 60 40 2
644 1 0 88 100 1
645 0 4 28 0 -1
645 0 3 60 0 -1
645 0 0 88 0 -1
645 1 4 28 20 8
645 1 1 64 80 2
647 0 2 40 0 -1
647 0 1 64 0 -1
647 1 2 40 60 4
647 1 1 57 80 2
649 0 4 26 0 -1
649 0 1 57 0 -1
649 1 4 28 20 8
649 1 1 60 80 2
651 0 2 40 0 -1
651 0 1 60 0 -1
651 1 2 45 60 4
651 1 3 62 40 2
653 0 4 28 0 -1
653 0 3 62 0 -1
653 1 4 26 20 8
653 1 3 57 40 2
655 0 2 45 0 -1
655 0 3 57 0 -1
655 1 2 40 60 4
655 1 3 60 40 2
657 0 4 28 0 -1
657 0 3 60 0 -1
657 1 4 28 20 8
659 0 2 40 0 -1
659 1 2 40 60 4
661 0 4 26 0 -1
661 1 4 28 20 8
663 0 2 40 0 -1
663 1 3 62 40 2
665 0 4 28 0 -1
665 0 3 62 0 -1
665 1 4 26 20 8
665 1 3 57 40 2
667 0 3 57 0 -1
667 1 3 60 40 2
669 0 4 28 0 -1
669 0 3 60 0 -1
669 1 4 28 20 8
673 0 4 26 0 -1
673 1 4 28 20 8
677 0 4 28 0 -1
677 1 4 26 20 8
681 0 4 28 0 -1
685 0 4 26 0 -1
685 1 4 28 20 8
693 0 4 28 0 -1
