0
4
8
9
11
12
13
15
16
19
20
21
23
23
24
25
27
27
28
29
31
31
32
33
33
35
35
36
37
39
39
40
41
41
43
43
44
45
45
47
47
48
49
49
51
51
52
53
53
55
55
56
57
57
59
59
60
61
61
63
63
64
65
65
67
67
68
69
69
71
71
72
73
73
75
75
76
77
77
79
79
80
81
81
83
83
84
85
85
87
87
88
89
89
91
91
92
93
93
95
95
96
97
97
99
99
100
101
101
103
103
104
105
105
107
107
108
109
109
111
111
112
113
113
115
115
116
117
117
119
119
120
121
121
123
123
124
125
125
127
127
128
129
129
131
131
132
133
133
135
135
136
137
137
139
139
140
141
141
143
143
144
145
145
147
147
148
149
149
151
151
152
153
153
155
155
156
157
157
159
159
160
161
161
163
163
164
165
165
167
167
168
169
169
171
171
172
173
173
175
175
176
177
177
179
179
180
181
181
183
183
184
185
185
187
187
188
189
189
191
191
192
193
193
195
195
196
197
197
199
199
200
201
201
203
203
204
205
205
207
207
208
209
209
211
211
212
213
213
215
215
216
217
217
219
219
220
221
221
223
223
224
225
225
227
227
228
229
229
231
231
232
233
233
235
235
236
237
237
239
239
240
241
241
243
243
244
245
245
247
247
248
249
249
251
251
252
253
253
255
255
256
257
257
259
259
260
261
261
263
263
264
265
265
267
267
268
269
269
271
271
272
273
273
275
275
276
277
277
279
279
280
281
281
283
283
284
285
285
287
287
288
289
289
291
291
292
293
293
295
295
296
297
297
299
299
300
301
301
303
303
304
305
305
307
307
308
309
309
311
311
312
313
313
315
315
316
317
317
319
319
320
321
321
323
323
324
325
325
327
327
328
329
329
331
331
332
333
333
335
335
336
337
337
339
339
340
341
341
343
343
344
345
345
347
347
348
349
349
351
351
352
353
353
355
355
356
357
357
359
359
360
361
361
363
363
364
365
365
367
367
368
369
369
371
371
372
373
373
375
375
376
377
377
379
379
380
381
381
383
383
384
385
385
387
387
388
389
389
391
391
392
393
393
395
395
396
397
397
399
399
400
401
401
403
403
404
405
405
407
407
408
409
409
411
411
412
413
413
415
415
416
417
417
419
419
420
421
421
423
423
424
425
425
427
427
428
429
429
431
431
432
433
433
435
435
436
437
437
439
439
440
441
441
443
443
444
445
445
447
447
448
449
449
451
451
452
453
453
455
455
456
457
457
459
459
460
461
461
463
463
464
465
465
467
467
468
469
469
471
471
472
473
473
475
475
476
477
477
479
479
480
481
481
483
483
484
485
485
487
487
488
489
489
491
491
492
493
493
495
495
496
497
497
499
499
500
501
501
503
503
504
505
505
507
507
508
509
509
511
511
512
513
513
515
515
516
517
517
519
519
520
521
521
523
523
524
525
525
527
527
528
529
529
531
531
532
533
533
535
535
536
537
537
539
539
540
541
541
543
543
544
545
545
547
547
548
549
549
551
551
552
553
553
555
555
556
557
557
559
559
560
561
561
563
563
564
565
565
567
567
568
569
569
571
571
572
573
573
575
575
576
577
577
579
579
580
581
581
583
583
584
585
585
587
587
588
589
589
591
591
592
593
593
595
595
596
597
597
599
599
600
601
601
603
603
604
605
605
607
607
608
609
609
611
611
612
613
613
615
615
616
617
617
619
619
620
621
621
623
623
624
625
625
627
627
628
629
629
631
631
632
633
633
635
635
636
637
637
639
639
640
641
641
643
643
644
645
645
647
647
649
649
651
651
653
653
655
655
657
659
661
663
665
665
667
669
673
677
685
