105
98
88
64
62
108
60
43
98
45
91
64
40
62
105
60
43
60
100
62
45
60
91
28
64
40
62
100
60
43
60
98
28
62
45
60
98
28
62
40
62
93
28
62
43
60
98
28
62
45
60
98
28
62
40
62
100
28
62
43
60
100
28
62
45
60
98
28
62
40
62
93
28
62
43
60
103
28
62
45
60
91
28
60
40
64
88
28
60
43
60
100
28
62
45
60
91
28
60
40
64
91
28
60
43
60
100
28
62
45
60
86
28
60
40
64
81
28
60
43
60
91
28
62
45
60
91
28
57
40
60
81
28
60
40
60
91
28
62
43
60
86
28
57
40
60
76
28
60
40
60
93
28
62
43
60
88
28
57
40
60
76
28
60
40
60
96
28
62
43
60
84
28
57
40
62
81
28
57
40
60
96
28
62
43
60
81
28
57
40
62
81
28
57
40
60
98
28
62
43
60
84
28
57
40
62
84
28
57
40
60
98
28
62
43
60
93
28
57
40
62
84
28
60
40
60
96
28
62
43
60
96
28
57
40
62
76
28
60
40
60
96
28
62
43
60
93
28
57
40
62
86
28
60
40
60
93
28
62
43
60
79
28
60
40
60
88
28
57
43
60
91
28
62
43
60
81
28
60
40
60
91
28
57
43
60
93
28
62
43
60
79
28
60
40
60
103
28
57
43
60
93
28
62
43
60
86
28
64
40
60
105
28
57
43
60
96
28
62
43
60
86
28
64
40
60
103
28
57
43
60
93
28
62
43
60
81
28
64
40
60
93
28
57
43
60
98
28
62
43
60
76
28
60
40
62
96
28
57
43
60
98
28
62
43
60
81
28
60
40
62
88
28
57
43
60
98
28
62
43
60
79
28
60
40
62
98
28
57
43
60
88
28
62
43
60
84
28
62
40
57
96
28
57
43
60
88
28
62
40
60
81
28
62
40
57
100
28
57
43
62
86
28
57
40
60
81
28
62
40
57
91
28
57
43
62
84
26
57
40
60
79
28
60
40
57
88
28
57
43
62
81
26
57
40
60
81
28
60
40
57
96
28
57
43
62
81
26
57
40
60
81
28
60
40
57
86
28
57
43
62
88
26
57
40
60
86
28
57
40
57
81
28
57
43
62
86
26
57
40
60
86
28
57
40
57
84
28
57
43
62
86
26
57
40
60
81
28
57
40
57
88
28
57
43
62
81
26
57
40
60
91
28
57
40
57
84
28
60
40
62
81
26
57
40
60
88
28
57
43
57
84
28
60
40
62
81
26
57
40
60
93
28
57
43
57
84
28
60
40
62
86
26
57
40
60
98
28
57
43
57
84
28
62
40
62
86
26
57
40
60
93
28
57
43
57
88
28
62
40
62
88
26
57
40
60
98
28
57
43
57
93
28
62
40
62
81
26
57
40
60
100
28
62
43
57
98
28
62
40
62
84
26
57
40
60
100
28
62
43
57
98
28
62
40
62
81
26
57
40
60
100
28
62
43
57
112
28
62
40
62
84
26
57
40
60
96
28
64
43
57
112
28
62
45
62
81
26
57
40
60
96
28
64
40
57
108
28
62
45
62
84
26
57
40
60
98
28
64
40
57
105
28
62
45
62
84
26
57
40
60
84
28
64
40
57
112
28
60
45
62
81
26
57
40
60
88
28
64
40
57
110
28
60
45
62
86
26
57
40
60
88
28
64
40
57
100
28
60
45
62
79
26
57
40
60
93
28
64
40
57
105
28
60
45
62
79
26
57
40
60
91
28
64
40
57
100
28
60
45
62
79
26
57
40
60
88
28
64
40
57
28
60
45
62
26
57
40
60
28
40
28
62
26
57
60
28
28
26
28
