79
71
60
67
56
44
60
56
44
44
44
67
44
44
53
44
53
53
84
53
53
75
65
75
75
79
75
67
67
67
75
65
75
67
79
56
56
56
67
56
44
44
44
75
65
56
44
44
44
44
44
44
75
53
44
53
53
53
53
75
75
75
75
67
67
67
75
67
56
56
56
44
44
44
72
74
63
74
63
51
63
71
51
51
44
68
56
44
71
56
51
44
44
68
44
56
51
65
51
44
44
67
51
51
51
44
63
51
44
51
32
63
41
44
51
44
60
41
32
44
60
41
41
32
62
44
39
44
41
62
39
44
44
41
39
41
44
44
32
63
41
44
44
41
63
41
32
44
44
44
44
60
44
41
41
32
63
44
44
48
32
65
44
41
67
48
41
44
48
48
32
72
44
44
48
41
32
60
48
74
32
72
44
60
48
68
44
44
60
32
53
68
44
48
44
65
44
53
32
48
44
53
48
32
68
44
68
44
48
32
56
44
48
44
72
56
44
32
44
67
56
44
48
65
44
51
44
48
68
44
51
48
44
32
44
51
48
63
44
44
48
44
44
32
63
44
44
48
32
44
63
44
44
32
48
32
44
44
32
44
65
44
48
44
32
44
48
44
63
44
44
32
44
44
44
32
63
32
44
44
47
32
44
44
44
32
63
47
44
39
39
44
63
44
44
47
39
39
44
44
39
65
47
44
39
44
44
44
39
47
68
39
44
44
39
47
53
68
44
44
39
68
53
47
44
44
39
75
53
47
44
39
44
77
68
47
39
44
44
75
68
56
74
39
44
44
77
68
67
56
39
75
44
67
44
56
56
67
71
44
56
44
39
74
60
56
44
44
71
44
60
39
44
56
60
44
44
44
56
39
84
44
56
44
39
44
44
39
80
79
44
44
44
39
39
44
39
79
80
65
39
79
39
47
79
65
39
79
77
39
47
51
65
80
77
65
44
51
47
77
83
65
47
44
51
80
79
65
47
51
80
44
79
47
65
51
44
77
79
47
65
51
44
75
67
65
47
44
51
74
67
47
56
51
44
67
74
56
41
51
44
56
41
74
65
44
51
41
51
77
65
56
44
68
51
44
41
65
56
68
56
44
51
41
56
68
56
56
44
51
41
72
56
56
41
44
51
75
65
56
41
51
44
75
65
56
41
51
44
65
77
56
48
51
44
56
79
71
48
44
51
48
77
71
51
56
44
71
51
44
71
48
56
44
56
71
51
48
56
68
56
56
44
51
48
56
48
56
44
51
56
51
48
44
48
44
51
51
44
44
