78
62
80
66
62
66
79
55
62
46
66
55
75
59
46
66
55
71
46
59
55
66
46
75
59
55
66
46
72
56
55
66
68
46
56
66
70
55
56
46
64
66
55
50
46
62
64
55
50
46
60
62
55
50
46
62
60
50
55
63
62
46
50
55
63
62
50
46
55
65
62
51
46
55
62
65
46
55
51
46
62
55
61
46
51
55
62
66
46
55
69
55
66
55
69
66
55
46
77
61
55
66
79
66
55
46
61
46
55
77
66
61
55
46
72
66
57
73
46
55
57
66
68
46
66
57
55
74
59
66
46
55
72
65
55
59
46
76
46
55
59
65
69
56
46
65
56
68
47
56
56
65
73
56
65
47
56
66
47
56
65
52
56
47
64
65
52
47
56
64
65
52
47
56
68
65
53
47
56
65
65
47
53
56
65
65
47
56
53
47
65
56
65
53
47
65
56
65
47
53
56
65
68
47
53
65
56
71
47
58
56
65
47
74
58
56
65
47
74
58
56
65
47
82
65
56
69
47
84
65
56
69
80
47
65
56
69
47
79
64
56
83
69
64
47
69
81
64
56
75
69
47
56
61
47
69
79
56
61
47
69
56
75
61
47
69
56
47
56
47
