0.0 1 0 72 111.36732120338677 1
1.0 0 0 72 111.36732120338677 1
1.0 1 1 62 111.17456314177625 2
3.0 0 1 62 111.17456314177625 2
3.5 1 2 50 109.02723833543504 4
7.5 0 2 50 109.02723833543504 4
7.5 1 0 74 105.62313096739325 1
7.5 1 3 43 96.77168077823814 2
8.5 0 0 74 105.62313096739325 1
8.5 1 1 62 111.17456314177625 2
9.5 0 3 43 96.77168077823814 2
10.0 1 4 43 82.61360115294542 5.0
10.5 0 1 62 111.17456314177625 2
11.0 1 2 50 109.02723833543504 4
15.0 0 4 43 82.61360115294542 5.0
15.0 0 2 50 109.02723833543504 4
15.0 1 3 43 96.77168077823814 2
15.5 1 0 74 117.63195820572871 1
16.5 0 0 74 117.63195820572871 1
16.5 1 1 62 111.17456314177625 2
17.0 0 3 43 96.77168077823814 2
17.5 1 4 43 82.61360115294542 5.5
18.5 0 1 62 111.17456314177625 2
18.5 1 5 31 81.80787245541345 7.5
19.0 1 2 50 109.02723833543504 4
23.0 0 4 43 82.61360115294542 5.5
23.0 0 2 50 109.02723833543504 4
23.0 1 3 43 96.77168077823814 2
23.5 1 0 69 103.86903260673752 1
24.5 0 0 69 103.86903260673752 1
25.0 0 3 43 96.77168077823814 2
25.0 1 1 57 109.49756800576472 2
25.5 1 4 43 82.61360115294542 6.0
26.0 0 5 31 81.80787245541345 7.5
26.0 1 5 31 81.80787245541345 8.0
27.0 0 1 57 109.49756800576472 2
27.5 1 2 50 109.02723833543504 4
31.5 0 4 43 82.61360115294542 6.0
31.5 0 2 50 109.02723833543504 4
31.5 1 3 43 96.77168077823814 2
32.5 1 0 67 108.9000180147721 1
33.5 0 3 43 96.77168077823814 2
33.5 0 0 67 108.9000180147721 1
34.0 0 5 31 81.80787245541345 8.0
34.0 1 1 57 109.49756800576472 2
34.0 1 4 43 82.61360115294542 6.5
34.0 1 5 31 81.80787245541345 8.5
36.0 0 1 57 109.49756800576472 2
36.5 1 2 50 109.02723833543504 4
40.5 0 4 43 82.61360115294542 6.5
40.5 0 2 50 109.02723833543504 4
40.5 1 3 43 96.77168077823814 2
41.5 1 0 69 115.95496306971715 1
42.5 0 5 31 81.80787245541345 8.5
42.5 0 3 43 96.77168077823814 2
42.5 0 0 69 115.95496306971715 1
42.5 1 5 31 81.80787245541345 9.0
43.0 1 1 57 109.49756800576472 2
43.0 1 4 43 82.61360115294542 6.5
45.0 0 1 57 109.49756800576472 2
45.5 1 2 50 109.02723833543504 4
49.5 0 4 43 82.61360115294542 6.5
49.5 0 2 50 109.02723833543504 4
49.5 1 3 43 96.77168077823814 2
50.0 1 0 67 127.0 1
51.0 0 0 67 127.0 1
51.0 1 1 50 120.94546928481354 2
51.5 0 5 31 81.80787245541345 9.0
51.5 0 3 43 96.77168077823814 2
51.5 1 5 31 81.80787245541345 9.0
52.0 1 4 43 82.61360115294542 5.5
53.0 0 1 50 120.94546928481354 2
53.5 1 2 50 109.02723833543504 4
57.5 0 4 43 82.61360115294542 5.5
57.5 0 2 50 109.02723833543504 4
57.5 1 0 64 120.58115654836966 1
57.5 1 3 43 96.77168077823814 2
58.5 0 0 64 120.58115654836966 1
58.5 1 1 50 120.94546928481354 2
59.5 0 3 43 96.77168077823814 2
60.0 1 4 43 82.61360115294542 5.0
60.5 0 5 31 81.80787245541345 9.0
60.5 0 1 50 120.94546928481354 2
60.5 1 5 31 81.80787245541345 8.0
61.0 1 2 50 109.02723833543504 4
65.0 0 4 43 82.61360115294542 5.0
65.0 0 2 50 109.02723833543504 4
65.0 1 0 67 121.31363718248963 1
65.0 1 3 43 96.77168077823814 2
66.0 0 0 67 121.31363718248963 1
66.0 1 1 50 120.94546928481354 2
67.0 0 3 43 96.77168077823814 2
67.5 1 4 43 82.61360115294542 5.0
68.0 0 1 50 120.94546928481354 2
68.5 0 5 31 81.80787245541345 8.0
68.5 1 2 50 109.02723833543504 4
68.5 1 5 31 81.80787245541345 7.5
72.5 0 4 43 82.61360115294542 5.0
72.5 0 2 50 109.02723833543504 4
72.5 1 0 62 79.60079264997296 1
72.5 1 3 43 96.77168077823814 2
73.5 0 0 62 79.60079264997296 1
73.5 1 1 40 83.0511619528013 2
74.5 0 3 43 96.77168077823814 2
75.0 1 4 43 82.61360115294542 4.5
75.5 0 1 40 83.0511619528013 2
75.5 1 2 40 96.61747432894974 4
76.0 0 5 31 81.80787245541345 7.5
76.0 1 5 31 81.80787245541345 7.5
79.5 0 4 43 82.61360115294542 4.5
79.5 0 2 40 96.61747432894974 4
79.5 1 3 43 96.77168077823814 2
80.0 1 0 62 79.27310394523508 1
81.0 0 0 62 79.27310394523508 1
81.0 1 1 40 83.0511619528013 2
81.5 0 3 43 96.77168077823814 2
82.0 1 4 43 82.61360115294542 5.0
83.0 0 1 40 83.0511619528013 2
83.0 1 2 40 96.61747432894974 4
83.5 0 5 31 81.80787245541345 7.5
83.5 1 5 31 81.80787245541345 7.0
87.0 0 4 43 82.61360115294542 5.0
87.0 0 2 40 96.61747432894974 4
87.0 1 0 60 83.34029904521708 1
87.0 1 3 43 96.77168077823814 2
88.0 0 0 60 83.34029904521708 1
88.0 1 1 40 83.0511619528013 2
89.0 0 3 43 96.77168077823814 2
89.5 1 4 43 82.61360115294542 4.5
90.0 0 1 40 83.0511619528013 2
90.0 1 2 40 96.61747432894974 4
90.5 0 5 31 81.80787245541345 7.0
90.5 1 5 31 81.80787245541345 7.5
94.0 0 4 43 82.61360115294542 4.5
94.0 0 2 40 96.61747432894974 4
94.0 1 0 60 103.13655197261754 1
94.0 1 3 43 96.77168077823814 2
95.0 0 0 60 103.13655197261754 1
95.0 1 1 40 103.56061970816069 2
96.0 0 3 43 96.77168077823814 2
96.5 1 4 43 82.61360115294542 4.5
97.0 0 1 40 103.56061970816069 2
97.0 1 2 40 96.61747432894974 4
98.0 0 5 31 81.80787245541345 7.5
98.0 1 5 31 81.80787245541345 7.0
100.5 1 0 62 100.36083588542604 1
101.0 0 4 43 82.61360115294542 4.5
101.0 0 2 40 96.61747432894974 4
101.0 1 3 43 96.77168077823814 2
101.5 0 0 62 100.36083588542604 1
101.5 1 1 40 103.56061970816069 2
103.0 0 3 43 96.77168077823814 2
103.5 0 1 40 103.56061970816069 2
103.5 1 2 40 96.61747432894974 4
103.5 1 4 43 82.61360115294542 4.0
105.0 0 5 31 81.80787245541345 7.0
105.0 1 5 31 81.80787245541345 7.0
107.0 1 0 62 110.69266798774994 1
107.5 0 2 40 96.61747432894974 4
107.5 0 4 43 82.61360115294542 4.0
107.5 1 3 43 96.77168077823814 2
108.0 0 0 62 110.69266798774994 1
108.0 1 1 40 103.56061970816069 2
109.5 0 3 43 96.77168077823814 2
110.0 0 1 40 103.56061970816069 2
110.0 1 2 40 96.61747432894974 4
110.0 1 4 43 82.61360115294542 4.0
112.0 0 5 31 81.80787245541345 7.0
112.0 1 5 31 81.80787245541345 6.5
114.0 0 2 40 96.61747432894974 4
114.0 0 4 43 82.61360115294542 4.0
114.0 1 0 62 109.65177445505313 1
114.0 1 3 43 96.77168077823814 2
115.0 0 0 62 109.65177445505313 1
115.5 1 1 40 102.71248423707439 2
116.0 0 3 43 96.77168077823814 2
116.5 1 4 43 82.61360115294542 5.0
117.5 0 1 40 102.71248423707439 2
117.5 1 2 40 96.61747432894974 4
118.5 0 5 31 81.80787245541345 6.5
118.5 1 5 31 81.80787245541345 6.5
121.5 0 4 43 82.61360115294542 5.0
121.5 0 2 40 96.61747432894974 4
121.5 1 3 43 96.77168077823814 2
122.5 1 0 64 98.72239236173661 1
123.5 0 3 43 96.77168077823814 2
123.5 0 0 64 98.72239236173661 1
124.0 1 1 40 102.71248423707439 2
124.0 1 4 43 82.61360115294542 6.0
125.0 0 5 31 81.80787245541345 6.5
125.0 1 5 31 81.80787245541345 7.5
126.0 0 1 40 102.71248423707439 2
126.0 1 2 40 96.61747432894974 4
130.0 0 4 43 82.61360115294542 6.0
130.0 0 2 40 96.61747432894974 4
130.0 1 3 43 96.77168077823814 2
131.0 1 0 60 102.90524229868491 1
132.0 0 3 43 96.77168077823814 2
132.0 0 0 60 102.90524229868491 1
132.5 0 5 31 81.80787245541345 7.5
132.5 1 1 40 102.71248423707439 2
132.5 1 4 43 82.61360115294542 6.0
132.5 1 5 31 81.80787245541345 8.5
134.5 0 1 40 102.71248423707439 2
134.5 1 2 40 96.61747432894974 4
138.5 0 4 43 82.61360115294542 6.0
138.5 0 2 40 96.61747432894974 4
138.5 1 3 43 96.77168077823814 2
139.0 1 0 64 86.34732480634119 1
140.0 0 0 64 86.34732480634119 1
140.0 1 1 48 83.76436678076021 2
140.5 0 3 43 96.77168077823814 2
141.0 0 5 31 81.80787245541345 8.5
141.0 1 4 43 82.61360115294542 5.0
141.0 1 5 31 81.80787245541345 8.5
142.0 0 1 48 83.76436678076021 2
142.0 1 2 48 93.94392001441182 4
145.0 1 0 64 77.73103945235093 1
146.0 0 4 43 82.61360115294542 5.0
146.0 0 2 48 93.94392001441182 4
146.0 0 0 64 77.73103945235093 1
146.0 1 3 43 96.77168077823814 2
146.0 1 1 48 83.76436678076021 2
148.0 0 3 43 96.77168077823814 2
148.0 0 1 48 83.76436678076021 2
148.0 1 2 48 93.94392001441182 4
148.5 1 4 43 82.61360115294542 3.5
149.5 0 5 31 81.80787245541345 8.5
149.5 1 5 31 81.80787245541345 7.5
151.5 1 0 67 81.93316519546026 1
152.0 0 2 48 93.94392001441182 4
152.0 0 4 43 82.61360115294542 3.5
152.0 1 3 43 96.77168077823814 2
152.5 0 0 67 81.93316519546026 1
152.5 1 1 48 83.76436678076021 2
154.0 0 3 43 96.77168077823814 2
154.5 0 1 48 83.76436678076021 2
154.5 1 2 48 93.94392001441182 4
154.5 1 4 43 82.61360115294542 4.0
157.0 0 5 31 81.80787245541345 7.5
157.0 1 5 31 81.80787245541345 6.0
157.5 1 0 72 82.58854260493604 1
158.5 0 2 48 93.94392001441182 4
158.5 0 4 43 82.61360115294542 4.0
158.5 0 0 72 82.58854260493604 1
158.5 1 3 43 96.77168077823814 2
158.5 1 1 60 89.00738605656638 2
160.5 0 3 43 96.77168077823814 2
160.5 0 1 60 89.00738605656638 2
160.5 1 2 48 93.94392001441182 4
161.0 1 4 43 82.61360115294542 3.5
163.0 0 5 31 81.80787245541345 6.0
163.0 1 5 31 81.80787245541345 6.5
164.5 0 2 48 93.94392001441182 4
164.5 0 4 43 82.61360115294542 3.5
164.5 1 0 74 94.01909565843991 1
164.5 1 3 43 96.77168077823814 2
165.5 0 0 74 94.01909565843991 1
165.5 1 1 60 89.00738605656638 2
166.5 0 3 43 96.77168077823814 2
167.0 1 4 43 82.61360115294542 4.5
167.5 0 1 60 89.00738605656638 2
167.5 1 2 48 93.94392001441182 4
169.5 0 5 31 81.80787245541345 6.5
169.5 1 5 31 81.80787245541345 6.0
171.5 0 4 43 82.61360115294542 4.5
171.5 0 2 48 93.94392001441182 4
171.5 1 0 72 87.88938929922536 1
171.5 1 3 43 96.77168077823814 2
172.5 0 0 72 87.88938929922536 1
172.5 1 1 60 89.00738605656638 2
173.5 0 3 43 96.77168077823814 2
174.0 1 4 43 82.61360115294542 4.5
174.5 0 1 60 89.00738605656638 2
174.5 1 2 48 93.94392001441182 4
175.5 0 5 31 81.80787245541345 6.0
175.5 1 5 31 81.80787245541345 7.0
178.0 1 0 69 103.86903260673752 1
178.5 0 4 43 82.61360115294542 4.5
178.5 0 2 48 93.94392001441182 4
178.5 1 3 43 96.77168077823814 2
179.0 0 0 69 103.86903260673752 1
179.0 1 1 52 105.6424067735543 2
180.5 0 3 43 96.77168077823814 2
181.0 0 1 52 105.6424067735543 2
181.0 1 2 48 93.94392001441182 4
181.0 1 4 43 82.61360115294542 4.0
182.5 0 5 31 81.80787245541345 7.0
182.5 1 5 31 81.80787245541345 7.0
184.0 1 0 69 111.09745991713204 1
185.0 0 2 48 93.94392001441182 4
185.0 0 4 43 82.61360115294542 4.0
185.0 0 0 69 111.09745991713204 1
185.0 1 3 43 96.77168077823814 2
185.0 1 1 52 105.6424067735543 2
187.0 0 3 43 96.77168077823814 2
187.0 0 1 52 105.6424067735543 2
187.0 1 2 48 93.94392001441182 4
187.5 1 4 43 82.61360115294542 3.5
189.5 0 5 31 81.80787245541345 7.0
189.5 1 5 31 81.80787245541345 6.5
190.5 1 0 64 107.9362277067195 1
191.0 0 2 48 93.94392001441182 4
191.0 0 4 43 82.61360115294542 3.5
191.0 1 3 43 96.77168077823814 2
191.5 0 0 64 107.9362277067195 1
191.5 1 1 52 105.6424067735543 2
193.0 0 3 43 96.77168077823814 2
193.5 0 1 52 105.6424067735543 2
193.5 1 2 48 93.94392001441182 4
193.5 1 4 43 82.61360115294542 4.0
196.0 0 5 31 81.80787245541345 6.5
196.0 1 5 31 81.80787245541345 6.0
196.5 1 0 69 64.68131868131869 1
197.5 0 2 48 93.94392001441182 4
197.5 0 4 43 82.61360115294542 4.0
197.5 0 0 69 64.68131868131869 1
197.5 1 3 43 96.77168077823814 2
197.5 1 1 55 58.51306070978202 2
199.5 0 3 43 96.77168077823814 2
199.5 0 1 55 58.51306070978202 2
199.5 1 2 48 49.00816069176725 4
200.0 1 4 43 82.61360115294542 8
202.0 0 5 31 81.80787245541345 6.0
202.0 1 5 31 81.80787245541345 6.5
203.0 1 0 69 60.2093316519546 1
203.5 0 2 48 49.00816069176725 4
203.5 1 3 45 46.19774815348586 2
204.0 0 0 69 60.2093316519546 1
204.0 1 1 55 58.51306070978202 2
205.5 0 3 45 46.19774815348586 2
206.0 0 1 55 58.51306070978202 2
206.0 1 2 48 49.00816069176725 4
206.0 1 4 45 61.49695550351288 4.0
208.0 0 4 43 82.61360115294542 8
208.5 0 5 31 81.80787245541345 6.5
208.5 1 5 31 81.80787245541345 16
209.0 1 0 72 55.56386236714105 1
210.0 0 2 48 49.00816069176725 4
210.0 0 4 45 61.49695550351288 4.0
210.0 0 0 72 55.56386236714105 1
210.0 1 3 45 46.19774815348586 2
210.0 1 1 55 58.51306070978202 2
212.0 0 3 45 46.19774815348586 2
212.0 0 1 55 58.51306070978202 2
212.0 1 2 48 49.00816069176725 4
212.5 1 4 45 61.49695550351288 3.5
214.5 1 5 40 85.19655917852639 6.5
215.5 1 0 67 38.81318681318681 1
216.0 0 2 48 49.00816069176725 4
216.0 0 4 45 61.49695550351288 3.5
216.0 1 3 45 46.19774815348586 2
216.5 0 0 67 38.81318681318681 1
216.5 1 1 50 36.96270942172581 2
218.0 0 3 45 46.19774815348586 2
218.5 0 1 50 36.96270942172581 2
218.5 1 2 48 49.00816069176725 4
218.5 1 4 45 61.49695550351288 4.0
221.0 0 5 40 85.19655917852639 6.5
221.0 1 5 40 85.19655917852639 6.0
221.5 1 0 64 32.240136912268056 1
222.5 0 2 48 49.00816069176725 4
222.5 0 4 45 61.49695550351288 4.0
222.5 0 0 64 32.240136912268056 1
222.5 1 3 45 46.19774815348586 2
222.5 1 1 50 36.96270942172581 2
224.5 0 5 31 81.80787245541345 16
224.5 0 3 45 46.19774815348586 2
224.5 0 1 50 36.96270942172581 2
224.5 1 2 48 49.00816069176725 4
225.0 1 4 45 61.49695550351288 3.5
227.0 0 5 40 85.19655917852639 6.0
227.0 1 5 40 85.19655917852639 6.5
228.0 1 0 69 33.74364979283012 1
228.5 0 2 48 49.00816069176725 4
228.5 0 4 45 61.49695550351288 3.5
228.5 1 3 45 46.19774815348586 2
229.0 0 0 69 33.74364979283012 1
229.0 1 1 50 36.96270942172581 2
230.5 0 3 45 46.19774815348586 2
231.0 0 1 50 36.96270942172581 2
231.0 1 2 48 49.00816069176725 4
231.0 1 4 45 61.49695550351288 4.0
233.5 0 5 40 85.19655917852639 6.5
233.5 1 5 40 85.19655917852639 6.0
234.5 1 0 64 61.115294541524044 1
235.0 0 2 48 49.00816069176725 4
235.0 0 4 45 61.49695550351288 4.0
235.0 1 3 45 46.19774815348586 0.5
235.5 0 0 64 61.115294541524044 1
235.5 0 3 45 46.19774815348586 0.5
235.5 1 1 45 54.40731399747793 2
237.5 0 1 45 54.40731399747793 2
237.5 1 2 48 49.00816069176725 4
237.5 1 4 45 61.49695550351288 4.0
239.5 0 5 40 85.19655917852639 6.0
239.5 1 5 40 85.19655917852639 6.5
241.5 0 2 48 49.00816069176725 4
241.5 0 4 45 61.49695550351288 4.0
241.5 1 0 62 49.85822374346964 1
241.5 1 3 45 46.19774815348586 1.0
242.5 0 0 62 49.85822374346964 1
242.5 0 3 45 46.19774815348586 1.0
242.5 1 1 45 54.40731399747793 1.5
244.0 0 1 45 54.40731399747793 1.5
244.0 1 4 45 61.49695550351288 4.5
244.5 1 2 48 49.00816069176725 4
246.0 0 5 40 85.19655917852639 6.5
246.0 1 5 40 85.19655917852639 6.5
248.5 0 4 45 61.49695550351288 4.5
248.5 0 2 48 49.00816069176725 4
248.5 1 0 62 55.04341560079265 1
248.5 1 3 45 46.19774815348586 1.0
249.5 0 0 62 55.04341560079265 1
249.5 0 3 45 46.19774815348586 1.0
249.5 1 1 45 54.40731399747793 1.5
251.0 0 1 45 54.40731399747793 1.5
251.0 1 4 45 61.49695550351288 4.5
251.5 1 2 48 49.00816069176725 4
252.5 0 5 40 85.19655917852639 6.5
252.5 1 5 40 85.19655917852639 7.0
255.0 1 0 64 24.87677895874617 1
255.5 0 4 45 61.49695550351288 4.5
255.5 0 2 48 49.00816069176725 4
255.5 1 3 45 46.19774815348586 1.0
256.0 0 0 64 24.87677895874617 1
256.5 0 3 45 46.19774815348586 1.0
256.5 1 1 45 30.640245000900734 1.5
258.0 0 1 45 30.640245000900734 1.5
258.0 1 4 45 61.49695550351288 1.0
259.0 0 4 45 61.49695550351288 1.0
259.0 1 2 45 41.027976941091694 4
259.5 0 5 40 85.19655917852639 7.0
259.5 1 5 40 85.19655917852639 7.0
262.5 1 0 62 33.358133669609074 1
263.0 0 2 45 41.027976941091694 4
263.0 1 3 45 46.19774815348586 1.0
263.5 0 0 62 33.358133669609074 1
264.0 0 3 45 46.19774815348586 1.0
264.0 1 1 45 30.640245000900734 1.5
265.5 0 1 45 30.640245000900734 1.5
265.5 1 4 45 61.49695550351288 1.0
266.5 0 5 40 85.19655917852639 7.0
266.5 0 4 45 61.49695550351288 1.0
266.5 1 2 45 41.027976941091694 4
266.5 1 5 40 85.19655917852639 7.5
270.5 0 2 45 41.027976941091694 4
270.5 1 0 62 28.365699873896595 1
270.5 1 3 45 46.19774815348586 1.5
271.5 0 0 62 28.365699873896595 1
272.0 0 3 45 46.19774815348586 1.5
272.0 1 1 45 30.640245000900734 1.0
273.0 0 1 45 30.640245000900734 1.0
273.0 1 4 45 61.49695550351288 1.5
274.0 0 5 40 85.19655917852639 7.5
274.0 1 5 40 85.19655917852639 7.5
274.5 0 4 45 61.49695550351288 1.5
274.5 1 2 45 41.027976941091694 4
278.5 0 2 45 41.027976941091694 4
278.5 1 3 45 46.19774815348586 2
279.0 1 0 62 49.04863988470545 1
280.0 0 0 62 49.04863988470545 1
280.5 0 3 45 46.19774815348586 2
280.5 1 1 45 51.7665285534138 0.5
281.0 0 1 45 51.7665285534138 0.5
281.0 1 4 45 61.49695550351288 2.0
281.5 0 5 40 85.19655917852639 7.5
281.5 1 5 40 85.19655917852639 8.0
283.0 0 4 45 61.49695550351288 2.0
283.0 1 2 45 41.027976941091694 4
287.0 0 2 45 41.027976941091694 4
287.0 1 3 45 46.19774815348586 2
288.0 1 0 62 54.54224464060529 1
289.0 0 3 45 46.19774815348586 2
289.0 0 0 62 54.54224464060529 1
289.5 0 5 40 85.19655917852639 8.0
289.5 1 4 45 61.49695550351288 2.5
289.5 1 5 40 85.19655917852639 8.5
292.0 0 4 45 61.49695550351288 2.5
292.0 1 2 45 41.027976941091694 4
296.0 0 2 45 41.027976941091694 4
296.0 1 3 45 46.19774815348586 2
296.5 1 0 64 57.183030084669426 1
297.5 0 0 64 57.183030084669426 1
298.0 0 5 40 85.19655917852639 8.5
298.0 0 3 45 46.19774815348586 2
298.0 1 1 45 51.7665285534138 0.5
298.0 1 5 40 85.19655917852639 9.0
298.5 0 1 45 51.7665285534138 0.5
298.5 1 4 45 61.49695550351288 2.0
300.5 0 4 45 61.49695550351288 2.0
300.5 1 2 45 41.027976941091694 4
304.5 0 2 45 41.027976941091694 4
304.5 1 3 45 46.19774815348586 2
305.5 1 0 67 33.24247883264276 1
306.5 0 3 45 46.19774815348586 2
306.5 0 0 67 33.24247883264276 1
307.0 0 5 40 85.19655917852639 9.0
307.0 1 1 52 35.76760943974058 2
307.0 1 4 45 61.49695550351288 2.5
307.0 1 5 40 85.19655917852639 8.5
309.0 0 1 52 35.76760943974058 2
309.5 0 4 45 61.49695550351288 2.5
309.5 1 2 45 41.027976941091694 4
313.5 0 2 45 41.027976941091694 4
313.5 1 3 45 46.19774815348586 2
315.0 1 0 69 41.16483516483517 1
315.5 0 5 40 85.19655917852639 8.5
315.5 0 3 45 46.19774815348586 2
315.5 1 5 40 85.19655917852639 9.0
316.0 0 0 69 41.16483516483517 1
316.0 1 4 45 61.49695550351288 3.0
316.5 1 1 52 35.76760943974058 2
318.5 0 1 52 35.76760943974058 2
319.0 0 4 45 61.49695550351288 3.0
319.0 1 2 45 41.027976941091694 4
323.0 0 2 45 41.027976941091694 4
323.0 1 3 45 46.19774815348586 2
324.5 0 5 40 85.19655917852639 9.0
324.5 1 0 69 30.19690145919654 1
324.5 1 5 40 85.19655917852639 9.5
325.0 0 3 45 46.19774815348586 2
325.5 0 0 69 30.19690145919654 1
325.5 1 4 45 61.49695550351288 3.0
326.0 1 1 52 35.76760943974058 2
328.0 0 1 52 35.76760943974058 2
328.5 0 4 45 61.49695550351288 3.0
328.5 1 2 45 41.027976941091694 4
332.5 0 2 45 41.027976941091694 4
332.5 1 3 45 46.19774815348586 2
333.5 1 0 76 47.371644748693924 1
334.0 0 5 40 85.19655917852639 9.5
334.0 1 5 40 85.19655917852639 9.5
334.5 0 3 45 46.19774815348586 2
334.5 0 0 76 47.371644748693924 1
335.0 1 1 67 40.37452711223203 2
335.0 1 4 45 61.49695550351288 6.5
337.0 0 1 67 40.37452711223203 2
337.5 1 2 55 38.19828859664925 4
341.5 0 4 45 61.49695550351288 6.5
341.5 0 2 55 38.19828859664925 4
341.5 1 3 45 46.19774815348586 2
342.5 1 0 76 35.63267879661322 1
343.5 0 5 40 85.19655917852639 9.5
343.5 0 3 45 46.19774815348586 2
343.5 0 0 76 35.63267879661322 1
343.5 1 5 40 85.19655917852639 9.0
344.0 1 1 67 40.37452711223203 2
344.0 1 4 45 61.49695550351288 6.5
346.0 0 1 67 40.37452711223203 2
346.5 1 2 55 38.19828859664925 4
350.5 0 4 45 61.49695550351288 6.5
350.5 0 2 55 38.19828859664925 4
350.5 1 3 45 46.19774815348586 2
351.5 1 0 74 39.27580616105206 1
352.5 0 5 40 85.19655917852639 9.0
352.5 0 3 45 46.19774815348586 2
352.5 0 0 74 39.27580616105206 1
352.5 1 5 40 85.19655917852639 9.0
353.0 1 1 67 40.37452711223203 2
353.0 1 4 45 61.49695550351288 6.5
355.0 0 1 67 40.37452711223203 2
355.5 1 2 55 38.19828859664925 4
359.5 0 4 45 61.49695550351288 6.5
359.5 0 2 55 38.19828859664925 4
359.5 1 3 45 46.19774815348586 2
360.0 1 0 74 39.41073680417942 1
361.0 0 0 74 39.41073680417942 1
361.0 1 1 67 41.02990452170779 2
361.5 0 5 40 85.19655917852639 9.0
361.5 0 3 45 46.19774815348586 2
361.5 1 5 40 85.19655917852639 9.0
362.0 1 4 45 61.49695550351288 5.5
363.0 0 1 67 41.02990452170779 2
363.5 1 2 55 38.19828859664925 4
366.5 1 0 76 36.8856061970816 1
367.5 0 4 45 61.49695550351288 5.5
367.5 0 2 55 38.19828859664925 4
367.5 0 0 76 36.8856061970816 1
367.5 1 3 45 46.19774815348586 2
367.5 1 1 67 41.02990452170779 2
369.5 0 3 45 46.19774815348586 2
369.5 0 1 67 41.02990452170779 2
370.0 1 2 55 38.19828859664925 4
370.0 1 4 45 61.49695550351288 4.0
370.5 0 5 40 85.19655917852639 9.0
370.5 1 5 40 85.19655917852639 8.0
373.5 1 0 76 48.23905602594127 1
374.0 0 2 55 38.19828859664925 4
374.0 0 4 45 61.49695550351288 4.0
374.0 1 3 45 46.19774815348586 2
374.5 0 0 76 48.23905602594127 1
374.5 1 1 67 41.02990452170779 2
376.0 0 3 45 46.19774815348586 2
376.5 0 1 67 41.02990452170779 2
376.5 1 4 45 61.49695550351288 4.5
377.0 1 2 55 38.19828859664925 4
378.5 0 5 40 85.19655917852639 8.0
378.5 1 5 40 85.19655917852639 6.5
381.0 0 4 45 61.49695550351288 4.5
381.0 0 2 55 38.19828859664925 4
381.0 1 0 69 22.216717708520985 1
381.0 1 3 45 46.19774815348586 2
382.0 0 0 69 22.216717708520985 1
382.5 1 1 60 23.893712844532516 2
383.0 0 3 45 46.19774815348586 2
383.5 1 4 45 61.49695550351288 5.5
384.5 0 1 60 23.893712844532516 2
385.0 0 5 40 85.19655917852639 6.5
385.0 1 2 55 38.19828859664925 4
385.0 1 5 40 85.19655917852639 7.0
389.0 0 4 45 61.49695550351288 5.5
389.0 0 2 55 38.19828859664925 4
389.0 1 3 45 46.19774815348586 2
389.5 1 0 74 20.0 1
390.5 0 0 74 20.0 1
391.0 0 3 45 46.19774815348586 2
391.0 1 1 60 23.893712844532516 2
391.5 1 4 45 61.49695550351288 6.0
392.0 0 5 40 85.19655917852639 7.0
392.0 1 5 40 85.19655917852639 8.0
393.0 0 1 60 23.893712844532516 2
393.5 1 2 55 38.19828859664925 4
397.0 1 0 69 22.216717708520985 1
397.5 0 4 45 61.49695550351288 6.0
397.5 0 2 55 38.19828859664925 4
397.5 1 3 45 46.19774815348586 2
398.0 0 0 69 22.216717708520985 1
398.5 1 1 60 23.893712844532516 2
399.5 0 3 45 46.19774815348586 2
400.0 0 5 40 85.19655917852639 8.0
400.0 1 4 45 61.49695550351288 5.0
400.0 1 5 40 85.19655917852639 8.5
400.5 0 1 60 23.893712844532516 2
401.0 1 2 55 38.19828859664925 4
405.0 0 4 45 61.49695550351288 5.0
405.0 0 2 55 38.19828859664925 4
405.0 1 0 84 62.50315258511979 1
405.0 1 3 45 46.19774815348586 2
406.0 0 0 84 62.50315258511979 1
407.0 0 3 45 46.19774815348586 2
407.0 1 1 79 62.21401549270401 2
407.5 1 4 45 61.49695550351288 6.5
408.5 0 5 40 85.19655917852639 8.5
408.5 1 5 40 85.19655917852639 7.5
409.0 0 1 79 62.21401549270401 2
410.0 1 2 64 68.46323185011708 4
414.0 0 4 45 61.49695550351288 6.5
414.0 0 2 64 68.46323185011708 4
414.0 1 3 45 46.00306251125923 2
416.0 0 5 40 85.19655917852639 7.5
416.0 0 3 45 46.00306251125923 2
416.0 1 5 40 85.19655917852639 16
416.5 1 0 81 55.12051882543685 1
417.0 1 3 50 69.55231489821654 2
417.5 0 0 81 55.12051882543685 1
418.5 1 1 79 62.21401549270401 2
419.0 0 3 50 69.55231489821654 2
419.5 1 4 45 69.16294361376328 6.0
420.5 0 1 79 62.21401549270401 2
421.5 1 2 64 68.46323185011708 4
425.5 0 4 45 69.16294361376328 6.0
425.5 0 2 64 68.46323185011708 4
425.5 1 3 45 46.00306251125923 2
427.5 0 3 45 46.00306251125923 2
428.0 1 0 81 65.85714285714286 1
428.5 1 3 50 69.55231489821654 2
429.0 0 0 81 65.85714285714286 1
430.0 1 1 79 62.21401549270401 2
430.5 0 3 50 69.55231489821654 2
431.0 1 4 45 69.16294361376328 6.0
432.0 0 5 40 85.19655917852639 16
432.0 0 1 79 62.21401549270401 2
433.0 1 2 64 68.46323185011708 4
437.0 0 4 45 69.16294361376328 6.0
437.0 0 2 64 68.46323185011708 4
437.0 1 3 45 46.00306251125923 2
439.0 0 3 45 46.00306251125923 2
439.5 1 0 79 64.31507836425868 1
440.0 1 3 50 69.55231489821654 2
440.5 0 0 79 64.31507836425868 1
441.0 1 1 76 60.594847775175644 2
442.0 0 3 50 69.55231489821654 2
442.5 1 4 45 69.16294361376328 5.5
443.0 0 1 76 60.594847775175644 2
444.0 1 2 64 68.46323185011708 4
448.0 0 4 45 69.16294361376328 5.5
448.0 0 2 64 68.46323185011708 4
448.0 1 3 45 46.00306251125923 2
449.0 1 0 79 54.098901098901095 1
450.0 0 3 45 46.00306251125923 2
450.0 0 0 79 54.098901098901095 1
450.5 1 1 76 60.594847775175644 2
451.0 1 3 50 69.55231489821654 2
452.5 0 1 76 60.594847775175644 2
453.0 0 3 50 69.55231489821654 2
453.5 1 2 64 68.46323185011708 4
453.5 1 4 45 69.16294361376328 4.0
457.5 0 2 64 68.46323185011708 4
457.5 0 4 45 69.16294361376328 4.0
457.5 1 3 45 46.00306251125923 2
459.0 1 0 81 59.34192037470726 1
459.5 0 3 45 46.00306251125923 2
460.0 0 0 81 59.34192037470726 1
460.5 1 3 50 69.55231489821654 2
460.5 1 1 76 60.594847775175644 2
462.5 0 3 50 69.55231489821654 2
462.5 0 1 76 60.594847775175644 2
463.0 1 4 45 69.16294361376328 4.5
463.5 1 2 64 68.46323185011708 4
467.5 0 4 45 69.16294361376328 4.5
467.5 0 2 64 68.46323185011708 4
467.5 1 3 45 46.00306251125923 2
469.5 0 3 45 46.00306251125923 2
469.5 1 0 81 80.15979102864348 1
470.5 0 0 81 80.15979102864348 1
470.5 1 3 50 69.55231489821654 2
471.5 1 1 79 81.29706359214556 2
472.5 0 3 50 69.55231489821654 2
473.0 1 4 45 69.16294361376328 5.5
473.5 0 1 79 81.29706359214556 2
474.5 1 2 64 68.46323185011708 4
478.5 0 4 45 69.16294361376328 5.5
478.5 0 2 64 68.46323185011708 4
478.5 1 3 45 46.00306251125923 2
480.5 0 3 45 46.00306251125923 2
480.5 1 0 81 85.36425869212755 1
481.5 0 0 81 85.36425869212755 1
481.5 1 3 50 69.55231489821654 2
482.5 1 1 79 81.29706359214556 2
483.5 0 3 50 69.55231489821654 2
484.0 1 4 45 69.16294361376328 5.5
484.5 0 1 79 81.29706359214556 2
485.5 1 2 64 68.46323185011708 4
489.5 0 4 45 69.16294361376328 5.5
489.5 0 2 64 68.46323185011708 4
489.5 1 3 45 46.00306251125923 2
491.5 0 3 45 46.00306251125923 2
491.5 1 0 79 84.90163934426229 1
492.5 0 0 79 84.90163934426229 1
492.5 1 3 50 69.55231489821654 2
493.5 1 1 79 81.29706359214556 2
494.5 0 3 50 69.55231489821654 2
495.0 1 4 45 69.16294361376328 5.5
495.5 0 1 79 81.29706359214556 2
496.5 1 2 64 68.46323185011708 4
500.5 0 4 45 69.16294361376328 5.5
500.5 0 2 64 68.46323185011708 4
500.5 1 3 45 46.00306251125923 2
502.0 1 0 76 44.73085930462979 1
502.5 0 3 45 46.00306251125923 2
503.0 0 0 76 44.73085930462979 1
503.5 1 3 50 69.55231489821654 2
504.0 1 1 67 45.193478652495045 2
505.5 0 3 50 69.55231489821654 2
506.0 0 1 67 45.193478652495045 2
506.0 1 4 45 69.16294361376328 8
507.0 1 2 57 57.45867411277247 4
511.0 0 2 57 57.45867411277247 4
511.0 1 3 40 45.32840929562241 2
513.0 0 3 40 45.32840929562241 2
513.0 1 0 74 45.23203026481715 1
514.0 0 4 45 69.16294361376328 8
514.0 0 0 74 45.23203026481715 1
514.0 1 3 50 69.55231489821654 2
515.0 1 1 67 45.193478652495045 2
516.0 0 3 50 69.55231489821654 2
516.5 1 4 45 69.16294361376328 8
517.0 0 1 67 45.193478652495045 2
518.0 1 2 57 57.45867411277247 4
522.0 0 2 57 57.45867411277247 4
522.0 1 3 40 45.32840929562241 2
523.5 1 0 74 39.33363357953522 1
524.0 0 3 40 45.32840929562241 2
524.5 0 4 45 69.16294361376328 8
524.5 0 0 74 39.33363357953522 1
525.0 1 3 50 69.55231489821654 2
525.5 1 1 67 45.193478652495045 2
527.0 0 3 50 69.55231489821654 2
527.5 0 1 67 45.193478652495045 2
527.5 1 4 45 69.16294361376328 8
528.5 1 2 57 57.45867411277247 4
532.5 0 2 57 57.45867411277247 4
532.5 1 3 40 45.32840929562241 2
534.5 0 3 40 45.32840929562241 2
534.5 1 0 74 50.62925598991173 1
535.5 0 4 45 69.16294361376328 8
535.5 0 0 74 50.62925598991173 1
535.5 1 3 50 69.55231489821654 2
536.5 1 1 64 56.48910106287155 2
537.5 0 3 50 69.55231489821654 2
538.0 1 4 45 69.16294361376328 8
538.5 0 1 64 56.48910106287155 2
539.5 1 2 57 57.45867411277247 4
543.5 0 2 57 57.45867411277247 4
543.5 1 3 40 45.32840929562241 2
545.5 0 3 40 45.32840929562241 2
546.0 0 4 45 69.16294361376328 8
546.5 1 0 74 62.69591064673031 1
546.5 1 3 50 69.55231489821654 2
547.5 0 0 74 62.69591064673031 1
548.5 0 3 50 69.55231489821654 2
548.5 1 1 64 56.48910106287155 2
549.0 1 4 45 69.16294361376328 8
550.5 0 1 64 56.48910106287155 2
551.5 1 2 57 57.45867411277247 4
555.5 0 2 57 57.45867411277247 4
555.5 1 3 40 45.32840929562241 2
557.0 0 4 45 69.16294361376328 8
557.5 0 3 40 45.32840929562241 2
558.5 1 0 76 55.60241397946315 1
558.5 1 3 50 69.55231489821654 2
559.5 0 0 76 55.60241397946315 1
560.5 0 3 50 69.55231489821654 2
560.5 1 1 64 56.48910106287155 2
561.0 1 4 45 69.16294361376328 8
562.5 0 1 64 56.48910106287155 2
563.5 1 2 57 57.45867411277247 4
567.5 0 2 57 57.45867411277247 4
567.5 1 3 40 45.32840929562241 2
569.0 0 4 45 69.16294361376328 8
569.5 0 3 40 45.32840929562241 2
570.5 1 0 69 57.375788146279945 1
570.5 1 3 50 69.55231489821654 2
571.5 0 0 69 57.375788146279945 1
572.5 0 3 50 69.55231489821654 2
572.5 1 1 55 56.720410736804176 2
573.0 1 4 45 69.16294361376328 8
574.5 0 1 55 56.720410736804176 2
575.5 1 2 57 57.45867411277247 4
579.5 0 2 57 57.45867411277247 4
579.5 1 3 40 45.32840929562241 2
581.0 0 4 45 69.16294361376328 8
581.0 1 0 69 62.21401549270401 1
581.5 0 3 40 45.32840929562241 2
582.0 0 0 69 62.21401549270401 1
582.5 1 3 50 69.55231489821654 2
583.0 1 1 55 56.720410736804176 2
584.5 0 3 50 69.55231489821654 2
585.0 0 1 55 56.720410736804176 2
585.0 1 4 45 69.16294361376328 8
586.0 1 2 57 57.45867411277247 4
590.0 0 2 57 57.45867411277247 4
590.0 1 3 40 45.32840929562241 2
592.0 0 3 40 45.32840929562241 2
592.0 1 0 69 50.14736083588542 1
593.0 0 4 45 69.16294361376328 8
593.0 0 0 69 50.14736083588542 1
593.0 1 3 50 69.55231489821654 2
594.0 1 1 55 56.720410736804176 2
595.0 0 3 50 69.55231489821654 2
595.5 1 4 45 69.16294361376328 8
596.0 0 1 55 56.720410736804176 2
597.0 1 2 57 57.45867411277247 4
601.0 0 2 57 57.45867411277247 4
601.0 1 3 40 45.32840929562241 2
603.0 0 3 40 45.32840929562241 2
603.0 1 0 72 94.21185372005043 1
603.5 0 4 45 69.16294361376328 8
604.0 0 0 72 94.21185372005043 1
604.0 1 3 50 69.55231489821654 2
605.0 1 1 64 93.9805440461178 2
606.0 0 3 50 69.55231489821654 2
606.5 1 4 45 69.16294361376328 8
607.0 0 1 64 93.9805440461178 2
608.0 1 2 57 81.70378310214375 4
612.0 0 2 57 81.70378310214375 4
612.5 1 3 48 35.883264276706896 2
613.5 1 0 76 94.19257791388937 1
614.5 0 4 45 69.16294361376328 8
614.5 0 3 48 35.883264276706896 2
614.5 0 0 76 94.19257791388937 1
615.5 1 3 50 69.55231489821654 2
615.5 1 1 64 93.9805440461178 2
617.5 0 3 50 69.55231489821654 2
617.5 0 1 64 93.9805440461178 2
618.0 1 4 45 69.16294361376328 8
618.5 1 2 57 81.70378310214375 4
622.5 0 2 57 81.70378310214375 4
623.0 1 3 48 35.883264276706896 2
624.5 1 0 74 99.82111331291658 1
625.0 0 3 48 35.883264276706896 2
625.5 0 0 74 99.82111331291658 1
626.0 0 4 45 69.16294361376328 8
626.0 1 3 50 69.55231489821654 2
626.5 1 1 64 93.9805440461178 2
628.0 0 3 50 69.55231489821654 2
628.5 0 1 64 93.9805440461178 2
628.5 1 4 45 69.16294361376328 8
629.5 1 2 57 81.70378310214375 4
633.5 0 2 57 81.70378310214375 4
634.0 1 3 48 35.883264276706896 2
635.5 1 0 76 89.89407313997476 1
636.0 0 3 48 35.883264276706896 2
636.5 0 4 45 69.16294361376328 8
636.5 0 0 76 89.89407313997476 1
637.0 1 3 50 69.55231489821654 2
637.5 1 1 69 83.57160871914968 2
639.0 0 3 50 69.55231489821654 2
639.5 0 1 69 83.57160871914968 2
639.5 1 4 45 69.16294361376328 8
640.5 1 2 57 81.70378310214375 4
644.5 0 2 57 81.70378310214375 4
645.0 1 3 48 35.883264276706896 2
647.0 0 3 48 35.883264276706896 2
647.5 0 4 45 69.16294361376328 8
647.5 1 0 79 83.91857323004864 1
648.0 1 3 50 69.55231489821654 2
648.5 0 0 79 83.91857323004864 1
649.5 1 1 69 83.57160871914968 2
650.0 0 3 50 69.55231489821654 2
650.5 1 4 45 69.16294361376328 8
651.5 0 1 69 83.57160871914968 2
652.5 1 2 57 81.70378310214375 4
656.5 0 2 57 81.70378310214375 4
657.0 1 3 48 35.883264276706896 2
658.5 0 4 45 69.16294361376328 8
659.0 0 3 48 35.883264276706896 2
659.5 1 0 76 77.84669428931723 1
660.0 1 3 50 69.55231489821654 2
660.5 0 0 76 77.84669428931723 1
661.5 1 1 69 83.57160871914968 2
662.0 0 3 50 69.55231489821654 2
662.5 1 4 45 69.16294361376328 8
663.5 0 1 69 83.57160871914968 2
664.5 1 2 57 81.70378310214375 4
668.5 0 2 57 81.70378310214375 4
669.0 1 3 48 35.883264276706896 2
670.5 0 4 45 69.16294361376328 8
671.0 0 3 48 35.883264276706896 2
671.5 1 0 69 88.08214736083588 1
672.0 1 3 50 69.55231489821654 2
672.5 0 0 69 88.08214736083588 1
673.5 1 1 57 81.56692487840029 2
674.0 0 3 50 69.55231489821654 2
674.5 1 4 45 69.16294361376328 8
675.5 0 1 57 81.56692487840029 2
676.5 1 2 57 81.70378310214375 4
680.5 0 2 57 81.70378310214375 4
681.0 1 3 48 35.883264276706896 2
682.5 0 4 45 69.16294361376328 8
683.0 0 3 48 35.883264276706896 2
683.0 1 0 69 76.0540443163394 1
684.0 0 0 69 76.0540443163394 1
684.0 1 3 50 69.55231489821654 2
685.0 1 1 57 81.56692487840029 2
686.0 0 3 50 69.55231489821654 2
686.5 1 4 45 69.16294361376328 8
687.0 0 1 57 81.56692487840029 2
688.0 1 2 57 81.70378310214375 4
692.0 0 2 57 81.70378310214375 4
692.5 1 3 48 35.883264276706896 2
694.5 0 4 45 69.16294361376328 8
694.5 0 3 48 35.883264276706896 2
695.0 1 0 69 80.50675553954241 1
695.5 1 3 50 69.55231489821654 2
696.0 0 0 69 80.50675553954241 1
697.0 1 1 57 81.56692487840029 2
697.5 0 3 50 69.55231489821654 2
698.0 1 4 45 69.16294361376328 8
699.0 0 1 57 81.56692487840029 2
700.0 1 2 57 81.70378310214375 4
704.0 0 2 57 81.70378310214375 4
704.5 1 3 48 35.883264276706896 2
706.0 0 4 45 69.16294361376328 8
706.5 0 3 48 35.883264276706896 2
707.5 1 3 50 69.55231489821654 2
709.5 0 3 50 69.55231489821654 2
710.0 1 4 45 69.16294361376328 8
718.0 0 4 45 69.16294361376328 8
