0.0
1.0
3.5
7.5
7.5
8.5
10.0
11.0
15.0
15.5
16.5
17.5
18.5
19.0
23.0
23.5
25.0
25.5
26.0
27.5
31.5
32.5
34.0
34.0
34.0
36.5
40.5
41.5
42.5
43.0
43.0
45.5
49.5
50.0
51.0
51.5
52.0
53.5
57.5
57.5
58.5
60.0
60.5
61.0
65.0
65.0
66.0
67.5
68.5
68.5
72.5
72.5
73.5
75.0
75.5
76.0
79.5
80.0
81.0
82.0
83.0
83.5
87.0
87.0
88.0
89.5
90.0
90.5
94.0
94.0
95.0
96.5
97.0
98.0
100.5
101.0
101.5
103.5
103.5
105.0
107.0
107.5
108.0
110.0
110.0
112.0
114.0
114.0
115.5
116.5
117.5
118.5
121.5
122.5
124.0
124.0
125.0
126.0
130.0
131.0
132.5
132.5
132.5
134.5
138.5
139.0
140.0
141.0
141.0
142.0
145.0
146.0
146.0
148.0
148.5
149.5
151.5
152.0
152.5
154.5
154.5
157.0
157.5
158.5
158.5
160.5
161.0
163.0
164.5
164.5
165.5
167.0
167.5
169.5
171.5
171.5
172.5
174.0
174.5
175.5
178.0
178.5
179.0
181.0
181.0
182.5
184.0
185.0
185.0
187.0
187.5
189.5
190.5
191.0
191.5
193.5
193.5
196.0
196.5
197.5
197.5
199.5
200.0
202.0
203.0
203.5
204.0
206.0
206.0
208.5
209.0
210.0
210.0
212.0
212.5
214.5
215.5
216.0
216.5
218.5
218.5
221.0
221.5
222.5
222.5
224.5
225.0
227.0
228.0
228.5
229.0
231.0
231.0
233.5
234.5
235.0
235.5
237.5
237.5
239.5
241.5
241.5
242.5
244.0
244.5
246.0
248.5
248.5
249.5
251.0
251.5
252.5
255.0
255.5
256.5
258.0
259.0
259.5
262.5
263.0
264.0
265.5
266.5
266.5
270.5
270.5
272.0
273.0
274.0
274.5
278.5
279.0
280.5
281.0
281.5
283.0
287.0
288.0
289.5
289.5
289.5
292.0
296.0
296.5
298.0
298.0
298.5
300.5
304.5
305.5
307.0
307.0
307.0
309.5
313.5
315.0
315.5
316.0
316.5
319.0
323.0
324.5
324.5
325.5
326.0
328.5
332.5
333.5
334.0
335.0
335.0
337.5
341.5
342.5
343.5
344.0
344.0
346.5
350.5
351.5
352.5
353.0
353.0
355.5
359.5
360.0
361.0
361.5
362.0
363.5
366.5
367.5
367.5
370.0
370.0
370.5
373.5
374.0
374.5
376.5
377.0
378.5
381.0
381.0
382.5
383.5
385.0
385.0
389.0
389.5
391.0
391.5
392.0
393.5
397.0
397.5
398.5
400.0
400.0
401.0
405.0
405.0
407.0
407.5
408.5
410.0
414.0
416.0
416.5
417.0
418.5
419.5
421.5
425.5
428.0
428.5
430.0
431.0
433.0
437.0
439.5
440.0
441.0
442.5
444.0
448.0
449.0
450.5
451.0
453.5
453.5
457.5
459.0
460.5
460.5
463.0
463.5
467.5
469.5
470.5
471.5
473.0
474.5
478.5
480.5
481.5
482.5
484.0
485.5
489.5
491.5
492.5
493.5
495.0
496.5
500.5
502.0
503.5
504.0
506.0
507.0
511.0
513.0
514.0
515.0
516.5
518.0
522.0
523.5
525.0
525.5
527.5
528.5
532.5
534.5
535.5
536.5
538.0
539.5
543.5
546.5
546.5
548.5
549.0
551.5
555.5
558.5
558.5
560.5
561.0
563.5
567.5
570.5
570.5
572.5
573.0
575.5
579.5
581.0
582.5
583.0
585.0
586.0
590.0
592.0
593.0
594.0
595.5
597.0
601.0
603.0
604.0
605.0
606.5
608.0
612.5
613.5
615.5
615.5
618.0
618.5
623.0
624.5
626.0
626.5
628.5
629.5
634.0
635.5
637.0
637.5
639.5
640.5
645.0
647.5
648.0
649.5
650.5
652.5
657.0
659.5
660.0
661.5
662.5
664.5
669.0
671.5
672.0
673.5
674.5
676.5
681.0
683.0
684.0
685.0
686.5
688.0
692.5
695.0
695.5
697.0
698.0
700.0
704.5
707.5
710.0
