7.5
15.0
23.0
31.5
40.5
49.5
57.5
65.0
72.5
79.5
87.0
94.0
101.0
107.5
114.0
121.5
130.0
138.5
146.0
152.0
158.5
164.5
171.5
178.5
185.0
191.0
197.5
203.5
210.0
216.0
222.5
228.5
235.0
241.5
248.5
255.5
263.0
270.5
278.5
287.0
296.0
304.5
313.5
323.0
332.5
341.5
350.5
359.5
367.5
374.0
381.0
389.0
397.5
405.0
414.0
417.0
425.5
428.5
437.0
440.0
448.0
451.0
457.5
460.5
467.5
470.5
478.5
481.5
489.5
492.5
500.5
503.5
511.0
514.0
522.0
525.0
532.5
535.5
543.5
546.5
555.5
558.5
567.5
570.5
579.5
582.5
590.0
593.0
601.0
604.0
612.5
615.5
623.0
626.0
634.0
637.0
645.0
648.0
657.0
660.0
669.0
672.0
681.0
684.0
692.5
695.5
704.5
707.5
