72
62
50
74
43
62
43
50
43
74
62
43
31
50
43
69
57
43
31
50
43
67
57
43
31
50
43
69
31
57
43
50
43
67
50
31
43
50
64
43
50
43
31
50
67
43
50
43
50
31
62
43
40
43
40
31
43
62
40
43
40
31
60
43
40
43
40
31
60
43
40
43
40
31
62
43
40
40
43
31
62
43
40
40
43
31
62
43
40
43
40
31
43
64
40
43
31
40
43
60
40
43
31
40
43
64
48
43
31
48
64
43
48
48
43
31
67
43
48
48
43
31
72
43
60
48
43
31
74
43
60
43
48
31
72
43
60
43
48
31
69
43
52
48
43
31
69
43
52
48
43
31
64
43
52
48
43
31
69
43
55
48
43
31
69
45
55
48
45
31
72
45
55
48
45
40
67
45
50
48
45
40
64
45
50
48
45
40
69
45
50
48
45
40
64
45
45
48
45
40
62
45
45
45
48
40
62
45
45
45
48
40
64
45
45
45
45
40
62
45
45
45
45
40
62
45
45
45
40
45
45
62
45
45
40
45
45
62
45
45
40
45
45
64
45
40
45
45
45
67
52
45
40
45
45
69
40
45
52
45
45
69
40
45
52
45
45
76
40
67
45
55
45
76
40
67
45
55
45
74
40
67
45
55
45
74
67
40
45
55
76
45
67
55
45
40
76
45
67
45
55
40
69
45
60
45
55
40
45
74
60
45
40
55
69
45
60
45
40
55
84
45
79
45
40
64
45
40
81
50
79
45
64
45
81
50
79
45
64
45
79
50
76
45
64
45
79
76
50
64
45
45
81
50
76
45
64
45
81
50
79
45
64
45
81
50
79
45
64
45
79
50
79
45
64
45
76
50
67
45
57
40
74
50
67
45
57
40
74
50
67
45
57
40
74
50
64
45
57
40
74
50
64
45
57
40
76
50
64
45
57
40
69
50
55
45
57
40
69
50
55
45
57
40
69
50
55
45
57
40
72
50
64
45
57
48
76
50
64
45
57
48
74
50
64
45
57
48
76
50
69
45
57
48
79
50
69
45
57
48
76
50
69
45
57
48
69
50
57
45
57
48
69
50
57
45
57
48
69
50
57
45
57
48
50
45
