111.36732120338677
111.17456314177625
109.02723833543504
105.62313096739325
96.77168077823814
111.17456314177625
82.61360115294542
109.02723833543504
96.77168077823814
117.63195820572871
111.17456314177625
82.61360115294542
81.80787245541345
109.02723833543504
96.77168077823814
103.86903260673752
109.49756800576472
82.61360115294542
81.80787245541345
109.02723833543504
96.77168077823814
108.9000180147721
109.49756800576472
82.61360115294542
81.80787245541345
109.02723833543504
96.77168077823814
115.95496306971715
81.80787245541345
109.49756800576472
82.61360115294542
109.02723833543504
96.77168077823814
127.0
120.94546928481354
81.80787245541345
82.61360115294542
109.02723833543504
120.58115654836966
96.77168077823814
120.94546928481354
82.61360115294542
81.80787245541345
109.02723833543504
121.31363718248963
96.77168077823814
120.94546928481354
82.61360115294542
109.02723833543504
81.80787245541345
79.60079264997296
96.77168077823814
83.0511619528013
82.61360115294542
96.61747432894974
81.80787245541345
96.77168077823814
79.27310394523508
83.0511619528013
82.61360115294542
96.61747432894974
81.80787245541345
83.34029904521708
96.77168077823814
83.0511619528013
82.61360115294542
96.61747432894974
81.80787245541345
103.13655197261754
96.77168077823814
103.56061970816069
82.61360115294542
96.61747432894974
81.80787245541345
100.36083588542604
96.77168077823814
103.56061970816069
96.61747432894974
82.61360115294542
81.80787245541345
110.69266798774994
96.77168077823814
103.56061970816069
96.61747432894974
82.61360115294542
81.80787245541345
109.65177445505313
96.77168077823814
102.71248423707439
82.61360115294542
96.61747432894974
81.80787245541345
96.77168077823814
98.72239236173661
102.71248423707439
82.61360115294542
81.80787245541345
96.61747432894974
96.77168077823814
102.90524229868491
102.71248423707439
82.61360115294542
81.80787245541345
96.61747432894974
96.77168077823814
86.34732480634119
83.76436678076021
82.61360115294542
81.80787245541345
93.94392001441182
77.73103945235093
96.77168077823814
83.76436678076021
93.94392001441182
82.61360115294542
81.80787245541345
81.93316519546026
96.77168077823814
83.76436678076021
93.94392001441182
82.61360115294542
81.80787245541345
82.58854260493604
96.77168077823814
89.00738605656638
93.94392001441182
82.61360115294542
81.80787245541345
94.01909565843991
96.77168077823814
89.00738605656638
82.61360115294542
93.94392001441182
81.80787245541345
87.88938929922536
96.77168077823814
89.00738605656638
82.61360115294542
93.94392001441182
81.80787245541345
103.86903260673752
96.77168077823814
105.6424067735543
93.94392001441182
82.61360115294542
81.80787245541345
111.09745991713204
96.77168077823814
105.6424067735543
93.94392001441182
82.61360115294542
81.80787245541345
107.9362277067195
96.77168077823814
105.6424067735543
93.94392001441182
82.61360115294542
81.80787245541345
64.68131868131869
96.77168077823814
58.51306070978202
49.00816069176725
82.61360115294542
81.80787245541345
60.2093316519546
46.19774815348586
58.51306070978202
49.00816069176725
61.49695550351288
81.80787245541345
55.56386236714105
46.19774815348586
58.51306070978202
49.00816069176725
61.49695550351288
85.19655917852639
38.81318681318681
46.19774815348586
36.96270942172581
49.00816069176725
61.49695550351288
85.19655917852639
32.240136912268056
46.19774815348586
36.96270942172581
49.00816069176725
61.49695550351288
85.19655917852639
33.74364979283012
46.19774815348586
36.96270942172581
49.00816069176725
61.49695550351288
85.19655917852639
61.115294541524044
46.19774815348586
54.40731399747793
49.00816069176725
61.49695550351288
85.19655917852639
49.85822374346964
46.19774815348586
54.40731399747793
61.49695550351288
49.00816069176725
85.19655917852639
55.04341560079265
46.19774815348586
54.40731399747793
61.49695550351288
49.00816069176725
85.19655917852639
24.87677895874617
46.19774815348586
30.640245000900734
61.49695550351288
41.027976941091694
85.19655917852639
33.358133669609074
46.19774815348586
30.640245000900734
61.49695550351288
41.027976941091694
85.19655917852639
28.365699873896595
46.19774815348586
30.640245000900734
61.49695550351288
85.19655917852639
41.027976941091694
46.19774815348586
49.04863988470545
51.7665285534138
61.49695550351288
85.19655917852639
41.027976941091694
46.19774815348586
54.54224464060529
51.7665285534138
61.49695550351288
85.19655917852639
41.027976941091694
46.19774815348586
57.183030084669426
51.7665285534138
85.19655917852639
61.49695550351288
41.027976941091694
46.19774815348586
33.24247883264276
35.76760943974058
61.49695550351288
85.19655917852639
41.027976941091694
46.19774815348586
41.16483516483517
85.19655917852639
61.49695550351288
35.76760943974058
41.027976941091694
46.19774815348586
30.19690145919654
85.19655917852639
61.49695550351288
35.76760943974058
41.027976941091694
46.19774815348586
47.371644748693924
85.19655917852639
40.37452711223203
61.49695550351288
38.19828859664925
46.19774815348586
35.63267879661322
85.19655917852639
40.37452711223203
61.49695550351288
38.19828859664925
46.19774815348586
39.27580616105206
85.19655917852639
40.37452711223203
61.49695550351288
38.19828859664925
46.19774815348586
39.41073680417942
41.02990452170779
85.19655917852639
61.49695550351288
38.19828859664925
36.8856061970816
46.19774815348586
41.02990452170779
38.19828859664925
61.49695550351288
85.19655917852639
48.23905602594127
46.19774815348586
41.02990452170779
61.49695550351288
38.19828859664925
85.19655917852639
22.216717708520985
46.19774815348586
23.893712844532516
61.49695550351288
38.19828859664925
85.19655917852639
46.19774815348586
20.0
23.893712844532516
61.49695550351288
85.19655917852639
38.19828859664925
22.216717708520985
46.19774815348586
23.893712844532516
61.49695550351288
85.19655917852639
38.19828859664925
62.50315258511979
46.19774815348586
62.21401549270401
61.49695550351288
85.19655917852639
68.46323185011708
46.00306251125923
85.19655917852639
55.12051882543685
69.55231489821654
62.21401549270401
69.16294361376328
68.46323185011708
46.00306251125923
65.85714285714286
69.55231489821654
62.21401549270401
69.16294361376328
68.46323185011708
46.00306251125923
64.31507836425868
69.55231489821654
60.594847775175644
69.16294361376328
68.46323185011708
46.00306251125923
54.098901098901095
60.594847775175644
69.55231489821654
68.46323185011708
69.16294361376328
46.00306251125923
59.34192037470726
69.55231489821654
60.594847775175644
69.16294361376328
68.46323185011708
46.00306251125923
80.15979102864348
69.55231489821654
81.29706359214556
69.16294361376328
68.46323185011708
46.00306251125923
85.36425869212755
69.55231489821654
81.29706359214556
69.16294361376328
68.46323185011708
46.00306251125923
84.90163934426229
69.55231489821654
81.29706359214556
69.16294361376328
68.46323185011708
46.00306251125923
44.73085930462979
69.55231489821654
45.193478652495045
69.16294361376328
57.45867411277247
45.32840929562241
45.23203026481715
69.55231489821654
45.193478652495045
69.16294361376328
57.45867411277247
45.32840929562241
39.33363357953522
69.55231489821654
45.193478652495045
69.16294361376328
57.45867411277247
45.32840929562241
50.62925598991173
69.55231489821654
56.48910106287155
69.16294361376328
57.45867411277247
45.32840929562241
62.69591064673031
69.55231489821654
56.48910106287155
69.16294361376328
57.45867411277247
45.32840929562241
55.60241397946315
69.55231489821654
56.48910106287155
69.16294361376328
57.45867411277247
45.32840929562241
57.375788146279945
69.55231489821654
56.720410736804176
69.16294361376328
57.45867411277247
45.32840929562241
62.21401549270401
69.55231489821654
56.720410736804176
69.16294361376328
57.45867411277247
45.32840929562241
50.14736083588542
69.55231489821654
56.720410736804176
69.16294361376328
57.45867411277247
45.32840929562241
94.21185372005043
69.55231489821654
93.9805440461178
69.16294361376328
81.70378310214375
35.883264276706896
94.19257791388937
69.55231489821654
93.9805440461178
69.16294361376328
81.70378310214375
35.883264276706896
99.82111331291658
69.55231489821654
93.9805440461178
69.16294361376328
81.70378310214375
35.883264276706896
89.89407313997476
69.55231489821654
83.57160871914968
69.16294361376328
81.70378310214375
35.883264276706896
83.91857323004864
69.55231489821654
83.57160871914968
69.16294361376328
81.70378310214375
35.883264276706896
77.84669428931723
69.55231489821654
83.57160871914968
69.16294361376328
81.70378310214375
35.883264276706896
88.08214736083588
69.55231489821654
81.56692487840029
69.16294361376328
81.70378310214375
35.883264276706896
76.0540443163394
69.55231489821654
81.56692487840029
69.16294361376328
81.70378310214375
35.883264276706896
80.50675553954241
69.55231489821654
81.56692487840029
69.16294361376328
81.70378310214375
35.883264276706896
69.55231489821654
69.16294361376328
