2.5
4.0
5.0
5.5
6.0
6.5
7.0
8.5
8.5
9.5
10.0
11.0
11.0
12.0
14.0
14.5
14.5
16.0
18.0
18.5
20.0
21.0
21.5
25.0
26.0
27.0
31.0
31.0
37.0
56.0
58.5
58.5
61.0
61.0
62.0
63.5
64.5
64.5
67.0
67.5
68.0
68.0
70.0
71.5
71.5
71.5
71.5
72.5
74.0
74.0
75.0
75.0
76.5
76.5
76.5
77.0
78.5
78.5
79.0
80.0
80.5
81.0
81.0
81.0
82.5
82.5
83.0
83.0
84.0
84.5
84.5
85.0
85.0
85.0
85.5
86.5
86.5
87.0
87.5
88.0
88.0
88.0
88.0
88.5
89.5
89.5
89.5
90.0
90.5
91.0
91.5
92.0
92.0
92.0
92.5
93.0
94.0
94.0
94.5
95.5
95.5
95.5
96.0
96.0
97.0
98.0
98.5
98.5
98.5
99.0
99.0
99.5
100.0
100.0
100.5
100.5
101.0
101.0
101.5
102.0
102.0
102.0
102.5
103.0
103.0
103.0
104.0
104.0
104.5
104.5
105.0
105.0
105.5
105.5
106.0
107.0
107.5
107.5
107.5
108.0
108.5
108.5
108.5
109.0
109.0
109.5
110.0
110.0
110.0
110.5
111.0
111.0
111.0
111.0
111.5
111.5
112.0
112.0
112.0
112.5
112.5
113.5
113.5
113.5
113.5
114.0
114.0
114.5
114.5
115.0
115.0
115.0
115.0
115.5
116.0
116.5
117.0
117.0
117.5
117.5
117.5
117.5
118.0
119.0
119.0
119.0
119.5
119.5
119.5
120.0
120.5
120.5
121.0
121.0
121.5
122.0
122.5
122.5
122.5
123.0
123.0
123.5
123.5
123.5
124.0
124.5
124.5
125.0
125.0
125.5
125.5
126.0
126.0
126.0
126.5
127.0
127.5
127.5
127.5
128.5
129.0
129.0
129.0
129.5
129.5
130.0
130.5
131.0
131.5
132.0
132.0
132.5
132.5
133.0
133.0
133.5
134.0
134.5
135.0
135.0
135.0
136.0
136.0
137.0
137.0
138.0
138.5
139.0
139.0
139.0
139.0
139.5
140.5
141.5
142.0
142.0
142.5
143.0
143.0
143.5
144.5
145.5
145.5
145.5
146.0
146.5
147.5
148.5
148.5
149.0
149.5
150.0
150.5
151.5
152.5
153.5
154.0
154.0
154.0
155.0
155.5
156.0
157.5
157.5
158.0
159.0
159.0
159.5
161.0
161.0
161.5
163.0
163.5
163.5
164.5
164.5
164.5
166.0
166.0
167.0
167.5
168.0
168.0
168.0
168.0
169.5
170.0
170.0
170.0
171.0
171.5
171.5
172.0
173.0
173.5
173.5
174.0
174.0
175.5
175.5
175.5
177.0
177.0
177.5
177.5
178.0
178.0
179.0
179.0
180.0
181.0
181.0
181.0
181.5
181.5
183.0
183.0
183.5
184.5
184.5
185.0
187.0
188.0
188.5
188.5
188.5
189.0
191.0
191.5
191.5
193.0
193.5
194.0
194.5
194.5
195.5
198.5
199.0
199.5
200.0
200.0
201.5
203.0
203.0
203.5
205.0
205.5
206.0
207.5
207.5
209.0
210.5
211.0
211.0
212.0
212.5
213.5
214.0
216.0
217.0
217.5
217.5
218.0
218.5
220.0
222.0
222.0
222.5
223.0
223.5
224.5
225.0
227.0
227.0
228.5
228.5
229.0
229.5
231.5
232.0
233.0
233.5
234.0
234.5
236.5
236.5
238.0
238.0
239.5
239.5
241.5
242.5
242.5
243.5
244.0
244.5
247.5
248.0
248.5
248.5
249.0
249.5
253.0
254.0
254.5
254.5
254.5
254.5
259.0
259.0
259.0
260.0
260.5
260.5
264.0
264.0
264.0
266.0
266.0
266.5
269.0
269.0
270.0
271.0
272.0
272.0
273.5
274.0
275.0
275.5
277.0
278.0
278.5
278.5
280.0
280.5
281.5
283.0
283.5
283.5
285.0
285.5
286.5
286.5
288.5
289.5
290.0
291.0
291.5
291.5
295.0
295.5
295.5
296.0
296.5
297.0
301.0
301.5
301.5
302.0
302.0
302.0
307.0
307.0
307.0
307.5
308.0
308.0
312.0
312.5
313.0
314.0
314.0
314.0
318.0
318.5
319.0
319.0
320.0
320.0
323.5
325.0
325.0
325.0
326.0
330.0
331.0
331.0
331.0
336.0
336.0
337.0
342.0
342.0
347.0
