2.5
4.0
5.0
5.5
6.0
6.5
7.0
8.5
8.5
9.5
10.0
11.0
11.0
12.0
14.0
14.5
14.5
14.5
16.0
16.5
18.0
18.5
18.5
19.0
20.0
20.5
21.0
21.0
21.5
21.5
23.0
23.5
23.5
24.0
24.0
25.0
26.0
26.0
26.0
27.0
27.0
27.5
27.5
28.5
29.5
31.0
31.0
31.5
32.0
32.0
32.0
34.0
35.5
36.0
36.0
36.5
37.0
38.0
38.5
39.0
39.0
40.5
41.0
41.0
41.5
41.5
43.5
43.5
44.5
45.0
45.0
49.0
49.5
53.5
72.5
75.0
75.0
77.5
77.5
78.5
80.0
81.0
81.0
83.5
84.0
84.5
84.5
86.5
88.0
88.0
88.0
88.0
89.0
90.5
90.5
91.5
91.5
93.0
93.0
93.0
93.5
95.0
95.0
95.5
96.5
97.0
97.5
97.5
97.5
99.0
99.0
99.5
99.5
100.5
101.0
101.0
101.5
101.5
101.5
102.0
103.0
103.0
103.5
104.0
104.5
104.5
104.5
104.5
105.0
106.0
106.0
106.0
106.5
107.0
107.5
108.0
108.5
108.5
108.5
109.0
109.5
110.5
110.5
111.0
112.0
112.0
112.0
112.5
112.5
113.5
114.5
115.0
115.0
115.0
115.5
115.5
116.0
116.5
116.5
117.0
117.0
117.5
117.5
118.0
118.5
118.5
118.5
119.0
119.5
119.5
119.5
120.5
120.5
121.0
121.0
121.5
121.5
122.0
122.0
122.5
123.5
124.0
124.0
124.0
124.5
125.0
125.0
125.0
125.5
125.5
126.0
126.5
126.5
126.5
127.0
127.5
127.5
127.5
127.5
128.0
128.0
128.5
128.5
128.5
129.0
129.0
130.0
130.0
130.0
130.0
130.5
130.5
131.0
131.0
131.5
131.5
131.5
131.5
132.0
132.5
133.0
133.5
133.5
134.0
134.0
134.0
134.0
134.5
135.5
135.5
135.5
136.0
136.0
136.0
136.5
137.0
137.0
137.5
137.5
138.0
138.5
139.0
139.0
139.0
139.5
139.5
140.0
140.0
140.0
140.5
141.0
141.0
141.5
141.5
142.0
142.0
142.5
142.5
142.5
143.0
143.5
144.0
144.0
144.0
145.0
145.5
145.5
145.5
146.0
146.0
146.5
147.0
147.5
148.0
148.5
148.5
149.0
149.0
149.5
149.5
150.0
150.5
151.0
151.5
151.5
151.5
152.5
152.5
153.5
153.5
154.5
155.0
155.5
155.5
155.5
155.5
156.0
157.0
158.0
158.5
158.5
159.0
159.5
159.5
160.0
161.0
162.0
162.0
162.0
162.5
163.0
164.0
165.0
165.0
165.5
166.0
166.5
167.0
168.0
169.0
170.0
170.5
170.5
170.5
171.5
172.0
172.5
174.0
174.0
174.5
175.5
175.5
176.0
177.5
177.5
178.0
179.5
180.0
180.0
181.0
181.0
181.0
182.5
182.5
183.5
184.0
184.5
184.5
184.5
184.5
186.0
186.5
186.5
186.5
187.5
188.0
188.0
188.5
189.5
190.0
190.0
190.5
190.5
192.0
192.0
192.0
193.5
193.5
194.0
194.0
194.5
194.5
195.5
195.5
196.5
197.5
197.5
197.5
198.0
198.0
199.5
199.5
200.0
201.0
201.0
201.5
203.5
204.5
205.0
205.0
205.0
205.5
207.5
208.0
208.0
209.5
210.0
210.5
211.0
211.0
212.0
215.0
215.5
216.0
216.5
216.5
218.0
219.5
219.5
220.0
221.5
222.0
222.5
224.0
224.0
225.5
227.0
227.5
227.5
228.5
229.0
230.0
230.5
232.5
233.5
234.0
234.0
234.5
235.0
236.5
238.5
238.5
239.0
239.5
240.0
241.0
241.5
243.5
243.5
245.0
245.0
245.5
246.0
248.0
248.5
249.5
250.0
250.5
251.0
253.0
253.0
254.5
254.5
256.0
256.0
258.0
259.0
259.0
260.0
260.5
261.0
264.0
264.5
265.0
265.0
265.5
266.0
269.5
270.5
271.0
271.0
271.0
271.0
275.5
275.5
275.5
276.5
277.0
277.0
280.5
280.5
280.5
282.5
282.5
283.0
285.5
285.5
286.5
287.5
288.5
288.5
290.0
290.5
291.5
292.0
293.5
294.5
295.0
295.0
296.5
297.0
298.0
299.5
300.0
300.0
301.5
302.0
303.0
303.0
305.0
306.0
306.5
307.5
308.0
308.0
311.5
312.0
312.0
312.5
313.0
313.5
317.5
318.0
318.0
318.5
318.5
318.5
323.5
323.5
323.5
324.0
324.5
324.5
328.5
329.0
329.5
330.5
330.5
330.5
334.5
335.0
335.5
335.5
336.5
336.5
340.0
341.5
341.5
341.5
342.5
346.5
347.5
347.5
347.5
352.5
352.5
353.5
358.5
358.5
363.5
