5.5
6.0
6.5
8.5
8.5
9.5
10.0
11.0
12.0
14.0
14.5
14.5
14.5
16.5
18.0
18.5
18.5
19.0
20.0
20.5
21.0
21.5
21.5
23.0
23.5
23.5
24.0
24.0
25.0
26.0
26.0
26.0
27.0
27.5
27.5
28.5
29.5
31.0
31.0
31.5
32.0
32.0
32.0
34.0
35.5
36.0
36.0
36.5
37.0
38.0
38.5
39.0
39.0
40.5
41.0
41.0
41.5
41.5
43.5
43.5
44.5
45.0
45.0
49.0
49.5
53.5
75.0
77.5
80.0
84.5
88.0
91.5
93.0
95.5
97.5
99.5
101.5
103.5
104.5
106.0
107.5
112.0
115.0
117.0
118.0
118.5
119.5
122.0
124.0
125.5
126.0
127.5
128.5
130.5
131.5
133.0
134.0
135.5
137.0
139.0
141.0
142.5
146.0
148.5
151.5
155.5
158.5
162.0
166.5
170.5
174.0
177.5
181.0
184.5
184.5
186.5
188.5
192.0
194.5
196.5
205.0
210.5
216.5
219.5
224.0
228.5
234.0
239.0
243.5
248.5
253.0
258.0
265.0
271.0
277.0
280.5
285.5
290.5
295.0
300.0
305.0
312.0
318.0
324.0
329.0
335.0
340.0
