79
69
60
67
57
45
60
57
45
43
43
67
45
43
52
43
52
52
84
52
67
67
67
52
64
67
79
57
57
57
67
57
45
45
45
64
57
45
76
79
43
43
43
45
43
76
64
52
43
52
52
52
67
67
67
52
76
67
57
57
57
67
57
45
45
45
57
45
43
43
43
52
52
67
72
74
63
74
63
51
63
69
51
51
43
67
57
43
69
57
51
43
43
67
43
57
51
64
51
43
43
67
51
51
51
43
63
51
43
51
31
63
40
43
51
43
60
40
31
43
60
40
40
31
62
43
40
43
40
62
40
43
43
40
40
40
43
43
31
63
40
43
43
40
64
40
31
43
43
43
43
60
43
40
40
31
64
43
43
48
31
64
43
40
67
48
40
43
48
48
31
72
43
43
48
40
31
60
48
74
31
72
43
60
48
69
43
43
60
31
52
69
43
48
43
64
43
52
31
48
43
52
48
31
69
43
69
43
48
31
55
43
48
43
72
55
43
31
43
67
55
43
48
64
43
51
43
48
69
43
51
48
43
31
43
51
48
64
43
43
48
45
45
31
63
43
45
48
31
43
63
45
45
31
48
31
45
45
31
45
64
45
48
45
31
45
48
45
63
45
45
31
45
45
45
31
63
31
45
45
45
31
45
45
45
31
63
45
45
40
40
45
63
45
45
45
40
40
45
45
40
64
45
45
40
45
45
45
40
45
67
40
45
45
40
45
52
69
45
45
40
69
52
45
45
45
40
76
52
45
45
40
45
76
67
45
40
45
45
75
67
55
74
40
45
45
76
67
67
55
40
76
45
67
45
55
55
67
69
45
55
45
40
74
60
55
45
45
69
45
60
40
45
55
60
45
45
45
55
40
84
45
55
45
40
45
45
40
81
79
45
45
45
40
40
45
40
79
81
64
40
79
40
45
79
64
40
79
76
40
45
51
64
81
76
64
45
51
45
76
81
64
45
45
51
81
79
64
45
51
79
45
79
45
64
51
45
76
79
45
64
51
45
75
67
64
45
45
51
74
67
45
57
51
45
67
74
57
40
51
45
57
40
74
64
45
51
40
51
76
64
57
45
69
51
45
40
64
57
69
55
45
51
40
57
69
55
57
45
51
40
72
55
57
40
45
51
76
64
57
40
51
45
75
64
57
40
51
45
64
76
57
48
51
45
57
79
69
48
45
51
48
76
69
51
57
45
69
51
45
69
48
57
45
57
69
51
48
57
69
57
57
45
51
48
57
48
57
45
51
57
51
48
45
48
45
51
51
45
45
