78
62
80
66
62
66
78
54
62
46
66
54
74
58
46
66
54
70
46
58
54
66
46
74
58
54
66
46
72
56
54
66
68
46
56
66
70
54
56
46
64
66
54
50
46
62
64
54
50
46
60
62
54
50
46
62
60
50
54
62
62
46
50
54
62
62
50
46
54
64
62
50
46
54
62
64
46
54
50
46
62
54
60
46
50
54
62
66
46
54
68
54
66
54
68
66
54
46
76
60
54
66
78
66
54
46
60
46
54
76
66
60
54
46
72
66
56
72
46
54
56
66
68
46
66
56
54
74
58
66
46
54
72
64
54
58
46
76
46
54
58
64
68
56
46
64
56
68
46
56
56
64
72
56
64
46
56
66
46
56
64
52
56
46
64
64
52
46
56
64
64
52
46
56
68
64
52
46
56
64
64
46
52
56
64
64
46
56
52
46
64
56
64
52
46
64
56
64
46
52
56
64
68
46
52
64
56
70
46
58
56
64
46
74
58
56
64
46
74
58
56
64
46
82
64
56
68
46
84
64
56
68
80
46
64
56
68
46
78
64
56
82
68
64
46
68
80
64
56
74
68
46
56
60
46
68
78
56
60
46
68
56
74
60
46
68
56
46
56
46
