0
16
32
48
48
56
64
64
72
76
80
80
84
92
96
96
100
104
108
110
112
112
112
120
124
128
128
132
140
144
144
148
152
156
158
160
160
160
168
172
176
176
180
188
192
192
196
200
204
206
208
208
208
216
220
224
224
228
236
240
240
244
248
252
254
256
256
256
264
268
272
272
276
284
288
288
292
296
300
302
304
304
304
312
316
320
320
324
332
336
336
340
344
348
350
352
352
352
360
364
368
368
372
380
384
384
388
392
396
398
400
400
400
408
412
416
416
420
428
432
432
436
440
444
446
448
448
448
456
460
464
464
468
476
480
480
484
488
492
494
496
496
496
504
508
512
512
516
524
528
528
532
536
540
542
544
544
544
552
556
560
560
564
572
576
576
580
584
588
590
592
592
592
600
604
608
608
612
620
624
624
628
632
636
638
640
640
640
648
652
656
656
660
668
672
672
676
680
684
686
688
688
688
696
700
704
704
708
716
720
720
724
728
732
734
736
736
736
744
748
752
752
756
764
768
768
772
776
780
782
784
784
784
792
796
800
800
804
812
816
816
820
824
828
830
832
832
832
840
844
848
848
852
860
864
864
868
872
876
878
880
880
880
888
892
896
896
900
908
912
912
916
920
924
926
928
928
928
936
940
944
944
948
956
960
960
964
968
972
974
976
976
976
984
988
992
992
996
1004
1008
1008
1012
1016
1020
1022
1024
1024
1024
1032
1036
1040
1040
1044
1052
1056
1056
1060
1064
1068
1070
1072
1072
1072
1080
1084
1088
1088
1092
1100
1104
1104
1108
1112
1116
1118
1120
1120
1120
1128
1132
1136
1136
1140
1148
1152
1152
1156
1160
1164
1166
1168
1168
1168
1176
1180
1184
1184
1188
1196
1200
1200
1204
1208
1212
1214
1216
1216
1216
1224
1228
1232
1232
1236
1244
1248
1248
1252
1256
1260
1262
1264
1264
1264
1272
1276
1280
1280
1284
1292
1296
1296
1300
1304
1308
1310
1312
1312
1312
1320
1324
1328
1328
1332
1340
1344
1344
1348
1352
1356
1358
1360
1360
1360
1368
1372
1376
1376
1380
1388
1392
1392
1396
1400
1404
1406
1408
1408
1408
1416
1420
1424
1424
1428
1436
1440
1440
1444
1448
1452
1454
1456
1456
1456
1464
1468
1472
1472
1476
1484
1488
1488
1492
1496
1500
1502
1504
1504
1504
1512
1516
1520
1520
1524
1532
1536
1536
1540
1544
1548
1550
1552
1552
1552
1560
1564
1568
1568
1572
1580
1584
1584
1588
1592
1596
1598
1600
1600
1600
1608
1612
1616
1616
1620
1628
1632
1632
1636
1640
1644
1646
1648
1648
1648
1656
1660
1664
1664
1668
1676
1680
1680
1684
1688
1692
1694
1696
1696
1696
1704
1708
1712
1712
1716
1724
1728
1728
1732
1736
1740
1742
1744
1744
1744
1752
1756
1760
1760
1764
1772
1776
1776
1780
1784
1788
1790
1792
1792
1792
1800
1804
1808
1808
1812
1820
1824
1824
1828
1832
1836
1838
1840
1840
1840
1848
1852
1856
1856
1860
1868
1872
1872
1876
1880
1884
1886
1888
1888
1888
1896
1900
1904
1904
1908
1916
1920
1920
1924
1928
1932
1934
1936
1936
1936
1944
1948
1952
1952
1956
1964
1968
1968
1972
1976
1980
1982
1984
1984
1984
1992
1996
2000
2000
2004
2012
2016
2016
2020
2024
2028
2030
2032
2032
2032
2040
2044
2048
2048
2052
2060
2064
2064
2068
2072
2076
2078
2080
2080
2080
2088
2092
2096
2096
2100
2108
2112
2112
2116
2120
2124
2126
2128
2128
2128
2136
2140
2144
2144
2148
2156
2160
2160
2164
2168
2172
2174
2176
2176
2176
2184
2188
2192
2192
2196
2204
2208
2208
2212
2216
2220
2222
2224
2224
2224
2232
2236
2240
2240
2244
2252
2256
2256
2260
2264
2268
2270
2272
2272
2272
2280
2284
2288
2288
2292
2300
2304
2304
2308
2312
2316
2318
2320
2320
2320
2328
2332
2336
2336
2340
2348
2352
2352
2356
2360
2364
2366
2368
2368
2368
2376
2380
2384
2384
2388
2396
2400
2400
2404
2408
2412
2414
2416
2416
2416
2424
2428
2432
2432
2436
2444
2448
2448
2452
2456
2460
2462
2464
2464
2464
2472
2476
2480
2480
2484
2492
2496
2496
2500
2504
2508
2510
2512
2512
2512
2520
2524
2528
2528
2532
2540
2544
2544
2548
2552
2556
2558
2560
2560
2560
2568
2572
2576
2576
2580
2588
2592
2596
2600
2604
2606
2608
2608
2616
2620
2624
2628
2636
2644
2652
2654
2656
