105
98
88
65
108
62
60
98
43
45
41
91
60
62
65
107
60
62
29
28
28
60
101
43
45
41
91
60
62
65
101
60
62
29
28
28
60
98
43
45
41
98
60
62
62
93
60
62
29
28
28
62
98
43
45
41
98
60
62
62
100
60
62
29
28
28
62
100
43
45
41
98
60
62
62
95
60
62
29
28
28
62
103
43
45
41
91
60
62
60
89
60
64
29
28
28
60
101
43
45
41
91
60
62
60
91
60
64
29
28
28
60
101
43
45
41
86
60
62
60
83
60
64
29
28
28
60
91
43
45
41
91
60
62
57
81
60
60
29
28
28
60
91
40
43
41
86
60
62
57
77
60
60
29
28
28
60
93
40
43
41
89
60
62
57
76
60
60
29
28
28
60
96
40
43
41
84
60
62
57
81
60
62
29
28
28
57
96
40
43
41
81
60
62
57
81
60
62
29
28
28
57
98
40
43
41
84
60
62
57
84
60
62
29
28
28
57
98
40
43
41
93
60
62
57
84
60
62
29
28
28
60
96
40
43
41
96
60
62
57
77
60
62
29
28
28
60
96
40
43
41
93
60
62
57
86
60
62
29
28
28
60
93
40
43
41
79
60
62
60
89
60
60
29
28
28
57
91
43
43
40
83
60
62
60
91
60
60
29
28
28
57
93
43
43
40
79
60
62
60
103
60
60
29
28
28
57
93
43
43
40
86
60
62
64
105
60
60
29
28
28
57
96
43
43
40
86
60
62
64
103
60
60
29
28
28
57
93
43
43
40
81
60
62
64
95
60
60
29
28
28
57
98
43
43
40
77
60
62
60
96
60
62
29
28
28
57
98
43
43
40
81
60
62
60
89
60
62
29
28
28
57
98
43
43
40
79
60
62
60
98
60
62
29
28
28
57
89
43
43
40
84
60
62
62
96
60
59
29
28
28
57
88
43
40
40
81
62
59
62
101
60
59
29
26
28
57
86
43
40
40
83
62
59
62
91
60
59
29
26
28
57
84
43
40
40
79
62
59
60
89
60
57
29
26
28
57
81
43
40
40
83
62
59
60
96
60
57
29
26
28
57
83
43
40
40
83
62
59
60
86
60
57
29
26
28
57
88
43
40
40
86
62
59
59
83
60
59
29
26
28
59
86
43
40
40
86
62
59
59
84
60
59
29
26
28
59
86
43
40
40
81
62
59
59
89
60
59
29
26
28
59
81
43
40
40
91
62
59
59
84
60
57
29
26
28
60
81
41
40
43
89
62
59
59
84
60
57
29
26
28
60
81
41
40
43
93
62
59
59
84
60
57
29
26
28
60
86
41
40
43
98
62
59
59
84
60
59
29
26
28
62
86
41
40
43
93
62
59
59
89
60
59
29
26
28
62
88
41
40
43
98
62
59
59
93
60
59
29
26
28
62
81
41
40
43
101
62
59
62
98
60
57
29
26
28
62
84
41
40
43
101
62
59
62
98
60
57
29
26
28
62
81
41
40
43
100
62
59
62
112
60
57
29
26
28
62
84
41
40
43
96
62
59
65
113
60
57
29
26
28
62
83
47
40
41
96
62
59
65
108
60
57
29
26
28
62
84
47
40
41
98
62
59
65
107
60
57
29
26
28
62
84
47
40
41
84
62
59
65
113
60
57
29
26
28
60
83
47
40
41
89
62
59
65
110
60
57
29
26
28
60
86
47
40
41
88
62
59
65
100
60
57
29
26
28
60
79
47
40
41
93
62
59
64
107
60
57
29
26
28
60
79
47
40
41
91
62
59
64
101
60
57
29
26
28
60
79
47
40
41
89
62
59
64
60
57
29
26
28
60
47
40
41
62
59
60
29
26
28
