1.0
3.5
4.5
7.0
7.0
8.5
10.5
11.0
12.5
13.5
14.5
16.0
16.5
17.0
19.5
20.0
20.0
20.5
23.0
24.0
25.5
26.0
26.5
27.5
29.0
30.0
30.5
31.0
32.0
32.5
33.0
34.5
35.0
36.0
36.5
37.0
38.0
38.0
40.5
40.5
41.0
41.5
42.0
42.0
43.5
44.0
45.0
46.0
46.0
47.0
47.0
47.0
48.0
49.5
50.0
50.0
50.5
50.5
52.0
52.5
52.5
53.0
53.5
53.5
54.0
54.5
55.5
56.0
56.0
56.5
57.0
57.5
58.0
59.0
59.5
60.0
61.0
61.0
61.0
63.0
63.0
63.0
64.5
64.5
65.0
65.0
66.0
67.0
67.5
68.0
69.0
69.5
70.0
71.0
71.0
71.0
72.0
72.5
73.5
74.0
74.0
74.0
74.5
74.5
75.0
75.0
76.0
76.0
76.0
77.5
77.5
78.0
79.0
79.0
80.0
80.0
80.0
80.0
80.5
81.5
81.5
83.0
83.0
83.0
83.0
84.0
84.0
84.0
84.5
85.0
85.5
85.5
85.5
85.5
86.0
86.5
87.0
87.0
87.5
88.0
88.5
89.0
89.0
89.5
89.5
90.0
90.5
90.5
91.0
92.0
92.0
92.0
92.0
92.5
93.5
93.5
93.5
93.5
95.0
95.0
95.0
95.0
95.0
95.0
95.5
96.0
96.5
96.5
97.0
97.5
97.5
98.0
98.0
98.0
99.0
99.0
99.5
100.0
100.5
100.5
101.0
101.5
102.0
102.5
102.5
103.0
103.5
103.5
103.5
104.5
105.0
105.5
105.5
106.0
106.0
106.5
107.0
107.5
108.0
108.0
108.5
109.0
109.5
110.0
110.5
111.0
112.0
112.0
113.0
113.0
113.5
113.5
115.0
115.0
115.0
116.5
117.0
117.5
117.5
118.0
118.5
120.0
120.5
121.5
122.5
122.5
122.5
123.5
125.5
126.0
126.5
127.0
127.5
128.0
129.0
131.0
131.5
133.0
133.0
133.0
134.5
137.0
137.0
138.0
138.5
138.5
141.5
141.5
142.5
144.0
145.0
145.5
147.5
148.0
148.5
151.0
151.5
152.5
153.0
155.0
155.0
157.5
158.0
158.5
159.0
161.0
162.0
163.5
164.5
164.5
165.5
167.0
168.5
169.5
170.0
170.5
172.5
173.0
173.5
174.0
175.5
176.0
176.0
176.5
178.0
179.0
179.0
179.0
180.0
181.0
181.5
182.0
183.0
184.5
184.5
184.5
185.5
186.0
187.0
187.5
188.5
189.0
190.0
190.0
190.5
191.0
191.0
193.5
193.5
194.0
194.5
196.5
197.0
197.5
198.5
199.0
199.0
201.5
202.5
203.0
203.0
204.5
206.5
207.5
209.0
209.0
213.0
213.5
214.0
217.0
218.0
219.0
220.0
223.5
224.0
225.0
227.0
229.5
230.0
231.5
234.5
234.5
235.0
237.5
239.0
240.5
242.5
242.5
245.0
245.5
247.0
248.5
250.0
251.0
253.0
253.5
256.0
256.0
258.0
260.0
261.0
262.0
264.0
265.0
267.0
268.5
269.0
271.0
273.0
273.5
276.0
277.0
278.0
279.5
282.0
282.0
284.5
285.5
287.0
288.0
290.5
290.5
293.5
294.0
295.5
296.5
299.0
299.5
302.0
304.0
304.5
305.0
308.0
310.0
310.5
313.0
315.0
316.0
316.5
321.0
321.5
321.5
326.0
327.0
327.5
332.0
332.5
332.5
335.5
338.0
338.5
340.5
343.5
343.5
344.0
346.5
349.0
349.5
352.0
353.0
354.5
355.0
358.0
358.0
360.5
361.5
363.0
364.0
366.5
366.5
369.5
370.0
371.5
373.0
375.0
375.5
379.0
379.0
380.5
381.5
384.0
385.0
387.5
389.0
390.0
390.5
393.5
395.0
396.5
398.5
400.0
401.5
402.5
406.0
407.5
407.5
411.0
412.5
413.5
417.0
418.5
418.5
421.5
423.5
424.5
427.0
429.5
429.5
432.0
433.5
435.5
437.5
439.5
440.5
442.0
444.0
445.5
447.5
450.0
450.5
454.0
456.0
460.0
461.0
466.0
471.0
