72
62
74
62
50
74
50
62
43
69
50
43
43
57
67
43
43
50
57
43
69
43
50
31
57
43
67
31
43
50
50
64
31
43
50
50
67
43
50
50
31
62
43
43
40
50
62
43
43
40
40
31
60
43
40
43
60
40
40
62
43
31
40
43
40
62
40
43
40
43
31
40
62
43
40
43
43
40
31
64
43
43
40
31
43
43
40
43
31
60
43
40
43
64
40
31
48
64
48
67
43
31
40
48
43
48
72
48
31
60
48
31
74
43
43
43
48
31
60
72
43
69
43
60
48
52
43
43
69
31
43
52
48
43
64
48
52
43
69
48
43
69
55
48
43
31
72
55
43
67
43
55
48
43
64
43
50
48
43
50
48
43
31
31
69
43
48
31
50
45
43
64
48
31
45
43
45
48
45
31
62
45
45
45
48
45
62
45
31
45
45
45
48
45
31
64
31
45
45
48
31
45
45
31
62
45
45
40
45
45
45
40
62
45
40
40
45
45
45
40
45
40
62
45
45
45
40
45
40
62
45
45
45
40
45
45
64
45
45
40
45
45
40
67
45
45
52
40
45
45
69
45
40
45
52
45
69
45
40
52
45
76
45
40
45
67
45
76
45
55
40
67
45
74
45
55
40
67
74
45
67
76
45
55
67
76
55
40
45
67
55
45
69
45
55
40
60
45
45
74
45
55
45
60
40
69
45
60
55
45
45
40
55
84
45
45
40
40
45
79
45
40
45
81
64
40
79
40
45
40
81
64
50
79
45
45
79
64
50
76
79
45
45
64
76
50
81
45
64
45
76
50
45
81
64
45
50
79
45
81
45
64
50
79
45
79
45
64
50
79
45
76
45
64
50
67
45
74
45
57
50
67
40
74
45
57
67
50
40
74
45
57
50
64
40
45
74
57
50
64
40
45
76
57
50
64
40
45
69
57
50
55
40
45
69
57
55
50
40
69
45
57
50
55
40
72
45
57
50
64
40
76
45
57
64
50
74
48
45
57
64
50
48
76
45
57
50
69
48
45
79
57
50
69
48
45
76
57
50
69
48
45
69
57
50
57
48
45
69
57
50
57
48
45
69
57
50
57
48
45
57
50
48
45
50
45
