96.77168077823814
96.77168077823814
96.77168077823814
96.77168077823814
96.77168077823814
96.77168077823814
96.77168077823814
96.77168077823814
96.77168077823814
96.77168077823814
96.77168077823814
96.77168077823814
96.77168077823814
96.77168077823814
96.77168077823814
96.77168077823814
96.77168077823814
96.77168077823814
96.77168077823814
96.77168077823814
96.77168077823814
96.77168077823814
96.77168077823814
96.77168077823814
96.77168077823814
96.77168077823814
96.77168077823814
46.19774815348586
46.19774815348586
46.19774815348586
46.19774815348586
46.19774815348586
46.19774815348586
46.19774815348586
46.19774815348586
46.19774815348586
46.19774815348586
46.19774815348586
46.19774815348586
46.19774815348586
46.19774815348586
46.19774815348586
46.19774815348586
46.19774815348586
46.19774815348586
46.19774815348586
46.19774815348586
46.19774815348586
46.19774815348586
46.19774815348586
46.19774815348586
46.19774815348586
46.19774815348586
46.19774815348586
46.00306251125923
69.55231489821654
46.00306251125923
69.55231489821654
46.00306251125923
69.55231489821654
46.00306251125923
69.55231489821654
46.00306251125923
69.55231489821654
46.00306251125923
69.55231489821654
46.00306251125923
69.55231489821654
46.00306251125923
69.55231489821654
46.00306251125923
69.55231489821654
45.32840929562241
69.55231489821654
45.32840929562241
69.55231489821654
45.32840929562241
69.55231489821654
45.32840929562241
69.55231489821654
45.32840929562241
69.55231489821654
45.32840929562241
69.55231489821654
45.32840929562241
69.55231489821654
45.32840929562241
69.55231489821654
45.32840929562241
69.55231489821654
35.883264276706896
69.55231489821654
35.883264276706896
69.55231489821654
35.883264276706896
69.55231489821654
35.883264276706896
69.55231489821654
35.883264276706896
69.55231489821654
35.883264276706896
69.55231489821654
35.883264276706896
69.55231489821654
35.883264276706896
69.55231489821654
35.883264276706896
69.55231489821654
