2.5 1 0 79 100.85830903790087 1
3.5 0 0 79 100.85830903790087 1
4.0 1 0 69 126.99999999999999 1
5.0 0 0 69 126.99999999999999 1
5.0 1 0 60 102.85481049562681 1
5.5 1 1 67 90.68862973760935 2
6.0 0 0 60 102.85481049562681 1
6.0 1 1 57 106.28629737609329 2
6.5 1 1 45 92.31078717201167 2
7.0 1 0 60 52.692711370262394 1
7.5 0 1 67 90.68862973760935 2
8.0 0 1 57 106.28629737609329 2
8.0 0 0 60 52.692711370262394 1
8.5 0 1 45 92.31078717201167 2
8.5 1 1 57 106.28629737609329 2
8.5 1 1 45 92.31078717201167 2
9.5 1 1 43 62.86239067055393 0.5
10.0 0 1 43 62.86239067055393 0.5
10.0 1 1 43 62.86239067055393 2
10.5 0 1 57 106.28629737609329 2
10.5 0 1 45 92.31078717201167 2
11.0 1 0 67 26.92536443148688 1
12.0 0 1 43 62.86239067055393 2
12.0 0 0 67 26.92536443148688 1
14.0 1 1 52 47.45189504373177 0.5
14.5 0 1 52 47.45189504373177 0.5
14.5 1 1 52 47.45189504373177 2
16.0 1 0 84 52.94227405247815 1
16.5 0 1 52 47.45189504373177 2
17.0 0 0 84 52.94227405247815 1
18.5 1 1 67 90.68862973760935 2
20.0 1 1 64 60.7411078717201 2
20.5 0 1 67 90.68862973760935 2
21.0 1 0 79 20.0 1
22.0 0 1 64 60.7411078717201 2
22.0 0 0 79 20.0 1
24.5 1 1 52 47.45189504373177 2
25.0 1 1 64 60.7411078717201 2
26.5 0 1 52 47.45189504373177 2
27.0 0 1 64 60.7411078717201 2
27.0 1 0 79 46.70320699708455 1
28.0 0 0 79 46.70320699708455 1
29.5 1 1 52 47.45189504373177 2
31.0 1 1 64 60.7411078717201 2
31.5 0 1 52 47.45189504373177 2
33.0 0 1 64 60.7411078717201 2
35.5 1 1 52 47.45189504373177 2
37.5 0 1 52 47.45189504373177 2
54.5 1 0 72 111.36732120338677 1
55.5 0 0 72 111.36732120338677 1
57.0 1 0 74 105.62313096739325 1
57.0 1 1 62 111.17456314177625 2
58.0 0 0 74 105.62313096739325 1
59.0 0 1 62 111.17456314177625 2
59.5 1 0 74 117.63195820572871 1
59.5 1 1 62 111.17456314177625 2
60.5 0 0 74 117.63195820572871 1
60.5 1 2 50 109.02723833543504 2.5
61.5 0 1 62 111.17456314177625 2
62.0 1 1 62 111.17456314177625 2
63.0 0 2 50 109.02723833543504 2.5
63.0 1 0 69 103.86903260673752 1
63.0 1 2 50 109.02723833543504 2.5
64.0 0 1 62 111.17456314177625 2
64.0 0 0 69 103.86903260673752 1
65.5 0 2 50 109.02723833543504 2.5
65.5 1 2 50 109.02723833543504 4
66.0 1 3 43 96.77168077823814 2
66.5 1 0 67 108.9000180147721 1
66.5 1 1 57 109.49756800576472 2
67.5 0 0 67 108.9000180147721 1
68.0 0 3 43 96.77168077823814 2
68.5 0 1 57 109.49756800576472 2
68.5 1 3 43 96.77168077823814 1.5
69.5 0 2 50 109.02723833543504 4
70.0 0 3 43 96.77168077823814 1.5
70.0 1 0 69 115.95496306971715 1
70.0 1 1 57 109.49756800576472 2
70.0 1 2 50 109.02723833543504 3.5
70.0 1 4 43 82.61360115294542 1.0
71.0 0 0 69 115.95496306971715 1
71.0 0 4 43 82.61360115294542 1.0
71.0 1 3 43 96.77168077823814 1.5
72.0 0 1 57 109.49756800576472 2
72.5 0 3 43 96.77168077823814 1.5
72.5 1 0 67 127.0 1
72.5 1 4 43 82.61360115294542 2.5
73.5 0 2 50 109.02723833543504 3.5
73.5 0 0 67 127.0 1
73.5 1 1 57 109.49756800576472 2
73.5 1 2 50 109.02723833543504 1.5
75.0 0 4 43 82.61360115294542 2.5
75.0 0 2 50 109.02723833543504 1.5
75.0 1 0 64 120.58115654836966 1
75.0 1 1 50 120.94546928481354 2
75.0 1 4 43 82.61360115294542 0.5
75.5 0 1 57 109.49756800576472 2
75.5 0 4 43 82.61360115294542 0.5
75.5 1 3 43 96.77168077823814 2
76.0 0 0 64 120.58115654836966 1
77.0 0 1 50 120.94546928481354 2
77.0 1 0 67 121.31363718248963 1
77.0 1 2 50 109.02723833543504 0.5
77.5 0 3 43 96.77168077823814 2
77.5 0 2 50 109.02723833543504 0.5
77.5 1 1 50 120.94546928481354 1.0
78.0 0 0 67 121.31363718248963 1
78.5 0 1 50 120.94546928481354 1.0
78.5 1 2 50 109.02723833543504 1.0
79.0 1 3 43 96.77168077823814 0.5
79.5 0 2 50 109.02723833543504 1.0
79.5 0 3 43 96.77168077823814 0.5
79.5 1 0 62 79.60079264997296 1
79.5 1 1 50 120.94546928481354 1.5
79.5 1 4 43 82.61360115294542 3.0
80.5 0 0 62 79.60079264997296 1
81.0 0 1 50 120.94546928481354 1.5
81.0 1 2 50 109.02723833543504 2.0
81.0 1 5 31 81.80787245541345 2.5
81.5 1 0 62 79.27310394523508 1
81.5 1 1 40 83.0511619528013 2
82.5 0 4 43 82.61360115294542 3.0
82.5 0 0 62 79.27310394523508 1
82.5 1 3 43 96.77168077823814 0.5
83.0 0 2 50 109.02723833543504 2.0
83.0 0 3 43 96.77168077823814 0.5
83.0 1 2 50 109.02723833543504 4
83.0 1 4 43 82.61360115294542 1.0
83.5 0 5 31 81.80787245541345 2.5
83.5 0 1 40 83.0511619528013 2
83.5 1 0 60 83.34029904521708 1
83.5 1 1 40 83.0511619528013 1.5
83.5 1 5 31 81.80787245541345 2.5
84.0 0 4 43 82.61360115294542 1.0
84.0 1 3 43 96.77168077823814 2
84.5 0 0 60 83.34029904521708 1
85.0 0 1 40 83.0511619528013 1.5
85.0 1 0 60 103.13655197261754 1
85.0 1 2 40 96.61747432894974 0.5
85.5 0 2 40 96.61747432894974 0.5
85.5 1 1 40 83.0511619528013 1.0
86.0 0 5 31 81.80787245541345 2.5
86.0 0 3 43 96.77168077823814 2
86.0 0 0 60 103.13655197261754 1
86.0 1 5 31 81.80787245541345 4.5
86.5 0 1 40 83.0511619528013 1.0
86.5 1 0 62 100.36083588542604 1
86.5 1 1 40 103.56061970816069 0.5
86.5 1 4 43 82.61360115294542 1.5
87.0 0 2 50 109.02723833543504 4
87.0 0 1 40 103.56061970816069 0.5
87.0 1 2 40 96.61747432894974 1.0
87.5 0 0 62 100.36083588542604 1
88.0 0 4 43 82.61360115294542 1.5
88.0 0 2 40 96.61747432894974 1.0
88.0 1 0 62 110.69266798774994 1
88.0 1 1 40 103.56061970816069 1.0
88.0 1 4 43 82.61360115294542 0.5
88.5 0 4 43 82.61360115294542 0.5
88.5 1 3 43 96.77168077823814 2
89.0 0 0 62 110.69266798774994 1
89.0 0 1 40 103.56061970816069 1.0
89.0 1 2 40 96.61747432894974 0.5
89.5 0 2 40 96.61747432894974 0.5
89.5 1 1 40 103.56061970816069 0.5
90.0 0 1 40 103.56061970816069 0.5
90.0 1 2 40 96.61747432894974 1.5
90.5 0 5 31 81.80787245541345 4.5
90.5 0 3 43 96.77168077823814 2
90.5 1 4 43 82.61360115294542 2.0
90.5 1 5 31 81.80787245541345 3.5
91.0 1 0 62 109.65177445505313 1
91.5 0 2 40 96.61747432894974 1.5
91.5 1 2 40 96.61747432894974 1.5
92.0 0 0 62 109.65177445505313 1
92.5 0 4 43 82.61360115294542 2.0
92.5 1 4 43 82.61360115294542 2.0
93.0 0 2 40 96.61747432894974 1.5
93.0 1 2 40 96.61747432894974 1.0
94.0 0 5 31 81.80787245541345 3.5
94.0 0 2 40 96.61747432894974 1.0
94.0 1 0 64 98.72239236173661 1
94.0 1 1 40 102.71248423707439 2
94.0 1 5 31 81.80787245541345 3.5
94.5 0 4 43 82.61360115294542 2.0
94.5 1 4 43 82.61360115294542 1.0
95.0 0 0 64 98.72239236173661 1
95.5 0 4 43 82.61360115294542 1.0
95.5 1 3 43 96.77168077823814 1.0
96.0 0 1 40 102.71248423707439 2
96.5 0 3 43 96.77168077823814 1.0
96.5 1 4 43 82.61360115294542 0.5
97.0 0 4 43 82.61360115294542 0.5
97.0 1 0 60 102.90524229868491 1
97.0 1 3 43 96.77168077823814 1.5
97.0 1 1 40 102.71248423707439 0.5
97.5 0 5 31 81.80787245541345 3.5
97.5 0 1 40 102.71248423707439 0.5
97.5 1 2 40 96.61747432894974 2.5
97.5 1 5 31 81.80787245541345 1.5
98.0 0 0 60 102.90524229868491 1
98.0 1 0 64 86.34732480634119 1
98.5 0 3 43 96.77168077823814 1.5
98.5 1 4 43 82.61360115294542 1.0
99.0 0 5 31 81.80787245541345 1.5
99.0 0 0 64 86.34732480634119 1
99.0 1 1 48 83.76436678076021 1.5
99.0 1 5 31 81.80787245541345 2.5
99.5 0 4 43 82.61360115294542 1.0
99.5 1 0 64 77.73103945235093 1
99.5 1 4 43 82.61360115294542 1.5
100.0 0 2 40 96.61747432894974 2.5
100.0 1 1 40 102.71248423707439 0.5
100.5 0 1 48 83.76436678076021 1.5
100.5 0 0 64 77.73103945235093 1
100.5 0 1 40 102.71248423707439 0.5
100.5 1 0 67 81.93316519546026 1
100.5 1 1 48 83.76436678076021 1.0
100.5 1 2 40 96.61747432894974 3.0
101.0 0 4 43 82.61360115294542 1.5
101.0 1 4 43 82.61360115294542 1.5
101.5 0 5 31 81.80787245541345 2.5
101.5 0 0 67 81.93316519546026 1
101.5 0 1 48 83.76436678076021 1.0
101.5 1 2 48 93.94392001441182 1.5
101.5 1 5 31 81.80787245541345 2.0
102.5 0 4 43 82.61360115294542 1.5
102.5 1 0 72 82.58854260493604 1
102.5 1 4 43 82.61360115294542 0.5
103.0 0 2 48 93.94392001441182 1.5
103.0 0 4 43 82.61360115294542 0.5
103.0 1 3 43 96.77168077823814 2
103.0 1 2 48 93.94392001441182 1.0
103.5 0 2 40 96.61747432894974 3.0
103.5 0 5 31 81.80787245541345 2.0
103.5 0 0 72 82.58854260493604 1
103.5 1 2 40 96.61747432894974 4
103.5 1 5 31 81.80787245541345 2.0
104.0 0 2 48 93.94392001441182 1.0
104.0 1 1 60 89.00738605656638 2
104.0 1 2 48 93.94392001441182 2.5
104.5 1 0 74 94.01909565843991 1
105.0 0 3 43 96.77168077823814 2
105.5 0 5 31 81.80787245541345 2.0
105.5 0 0 74 94.01909565843991 1
105.5 1 5 31 81.80787245541345 2.0
106.0 0 1 60 89.00738605656638 2
106.0 1 0 72 87.88938929922536 1
106.0 1 3 43 96.77168077823814 1.0
106.0 1 1 60 89.00738605656638 1.5
106.5 0 2 48 93.94392001441182 2.5
106.5 1 2 48 93.94392001441182 2.0
107.0 0 0 72 87.88938929922536 1
107.0 0 3 43 96.77168077823814 1.0
107.0 1 0 69 103.86903260673752 1
107.0 1 4 43 82.61360115294542 1.5
107.5 0 2 40 96.61747432894974 4
107.5 0 5 31 81.80787245541345 2.0
107.5 0 1 60 89.00738605656638 1.5
107.5 1 1 60 89.00738605656638 2
107.5 1 5 31 81.80787245541345 2.0
108.0 0 0 69 103.86903260673752 1
108.0 1 1 52 105.6424067735543 1.5
108.5 0 2 48 93.94392001441182 2.0
108.5 0 4 43 82.61360115294542 1.5
108.5 1 0 69 111.09745991713204 1
108.5 1 3 43 96.77168077823814 0.5
108.5 1 2 48 93.94392001441182 1.5
109.0 0 3 43 96.77168077823814 0.5
109.0 1 3 43 96.77168077823814 0.5
109.5 0 1 60 89.00738605656638 2
109.5 0 5 31 81.80787245541345 2.0
109.5 0 1 52 105.6424067735543 1.5
109.5 0 0 69 111.09745991713204 1
109.5 0 3 43 96.77168077823814 0.5
109.5 1 0 64 107.9362277067195 1
109.5 1 3 43 96.77168077823814 0.5
109.5 1 1 52 105.6424067735543 1.0
109.5 1 5 31 81.80787245541345 1.0
110.0 0 2 48 93.94392001441182 1.5
110.0 0 3 43 96.77168077823814 0.5
110.0 1 2 48 93.94392001441182 0.5
110.0 1 4 43 82.61360115294542 1.0
110.5 0 0 64 107.9362277067195 1
110.5 0 1 52 105.6424067735543 1.0
110.5 0 5 31 81.80787245541345 1.0
110.5 0 2 48 93.94392001441182 0.5
110.5 1 1 52 105.6424067735543 2
110.5 1 2 48 93.94392001441182 1.5
110.5 1 5 31 81.80787245541345 1.5
111.0 0 4 43 82.61360115294542 1.0
111.0 1 0 69 64.68131868131869 1
111.0 1 4 43 82.61360115294542 1.0
112.0 0 2 48 93.94392001441182 1.5
112.0 0 5 31 81.80787245541345 1.5
112.0 0 0 69 64.68131868131869 1
112.0 0 4 43 82.61360115294542 1.0
112.0 1 0 69 60.2093316519546 1
112.0 1 3 43 96.77168077823814 0.5
112.0 1 2 48 93.94392001441182 1.0
112.0 1 5 31 81.80787245541345 1.5
112.5 0 1 52 105.6424067735543 2
112.5 0 3 43 96.77168077823814 0.5
112.5 1 1 55 58.51306070978202 1.0
112.5 1 4 43 82.61360115294542 0.5
113.0 0 0 69 60.2093316519546 1
113.0 0 2 48 93.94392001441182 1.0
113.0 0 4 43 82.61360115294542 0.5
113.0 1 2 48 93.94392001441182 2.5
113.0 1 4 43 82.61360115294542 0.5
113.5 0 5 31 81.80787245541345 1.5
113.5 0 1 55 58.51306070978202 1.0
113.5 0 4 43 82.61360115294542 0.5
113.5 1 0 72 55.56386236714105 1
113.5 1 1 55 58.51306070978202 1.5
113.5 1 4 43 82.61360115294542 0.5
113.5 1 5 31 81.80787245541345 4.5
114.0 0 4 43 82.61360115294542 0.5
114.0 1 3 43 96.77168077823814 1.5
114.5 0 0 72 55.56386236714105 1
114.5 1 0 67 38.81318681318681 1
115.0 0 1 55 58.51306070978202 1.5
115.0 1 1 55 58.51306070978202 2
115.5 0 2 48 93.94392001441182 2.5
115.5 0 3 43 96.77168077823814 1.5
115.5 0 0 67 38.81318681318681 1
115.5 1 3 43 96.77168077823814 0.5
115.5 1 2 48 49.00816069176725 1.0
116.0 0 3 43 96.77168077823814 0.5
116.0 1 0 64 32.240136912268056 1
116.0 1 1 50 36.96270942172581 1.5
116.0 1 4 43 82.61360115294542 1.5
116.5 0 2 48 49.00816069176725 1.0
116.5 1 2 48 49.00816069176725 1.5
117.0 0 1 55 58.51306070978202 2
117.0 0 0 64 32.240136912268056 1
117.5 0 1 50 36.96270942172581 1.5
117.5 0 4 43 82.61360115294542 1.5
117.5 1 0 69 33.74364979283012 1
117.5 1 3 43 96.77168077823814 0.5
117.5 1 1 50 36.96270942172581 1.5
118.0 0 5 31 81.80787245541345 4.5
118.0 0 2 48 49.00816069176725 1.5
118.0 0 3 43 96.77168077823814 0.5
118.0 1 2 48 49.00816069176725 1.0
118.0 1 4 43 82.61360115294542 0.5
118.0 1 5 31 81.80787245541345 3.0
118.5 0 0 69 33.74364979283012 1
118.5 0 4 43 82.61360115294542 0.5
118.5 1 3 43 96.77168077823814 1.0
119.0 0 1 50 36.96270942172581 1.5
119.0 0 2 48 49.00816069176725 1.0
119.0 1 1 50 36.96270942172581 2
119.0 1 2 48 49.00816069176725 1.5
119.5 0 3 43 96.77168077823814 1.0
119.5 1 0 64 61.115294541524044 1
119.5 1 4 43 82.61360115294542 0.5
120.0 0 4 43 82.61360115294542 0.5
120.0 1 4 43 82.61360115294542 1.5
120.5 0 2 48 49.00816069176725 1.5
120.5 0 0 64 61.115294541524044 1
120.5 1 2 48 49.00816069176725 1.5
121.0 0 5 31 81.80787245541345 3.0
121.0 0 1 50 36.96270942172581 2
121.0 1 1 45 54.40731399747793 1.0
121.0 1 5 31 81.80787245541345 1.0
121.5 0 4 43 82.61360115294542 1.5
121.5 1 0 62 49.85822374346964 1
121.5 1 4 43 82.61360115294542 1.0
122.0 0 2 48 49.00816069176725 1.5
122.0 0 1 45 54.40731399747793 1.0
122.0 0 5 31 81.80787245541345 1.0
122.0 1 3 45 46.19774815348586 1.0
122.0 1 2 48 49.00816069176725 2.0
122.0 1 5 31 81.80787245541345 1.5
122.5 0 0 62 49.85822374346964 1
122.5 0 4 43 82.61360115294542 1.0
122.5 1 4 43 82.61360115294542 8
123.0 0 3 45 46.19774815348586 1.0
123.0 1 0 62 55.04341560079265 1
123.0 1 1 45 54.40731399747793 0.5
123.5 0 5 31 81.80787245541345 1.5
123.5 0 1 45 54.40731399747793 0.5
123.5 1 3 45 46.19774815348586 1.0
123.5 1 5 31 81.80787245541345 0.5
124.0 0 2 48 49.00816069176725 2.0
124.0 0 0 62 55.04341560079265 1
124.0 0 5 31 81.80787245541345 0.5
124.0 1 2 48 49.00816069176725 2.0
124.0 1 5 31 81.80787245541345 0.5
124.5 0 3 45 46.19774815348586 1.0
124.5 0 5 31 81.80787245541345 0.5
124.5 1 1 45 54.40731399747793 0.5
124.5 1 5 31 81.80787245541345 2.5
125.0 0 1 45 54.40731399747793 0.5
125.0 1 4 45 61.49695550351288 1.0
125.5 1 0 64 24.87677895874617 1
126.0 0 2 48 49.00816069176725 2.0
126.0 0 4 45 61.49695550351288 1.0
126.0 1 2 48 49.00816069176725 1.5
126.0 1 4 45 61.49695550351288 1.5
126.5 0 0 64 24.87677895874617 1
127.0 0 5 31 81.80787245541345 2.5
127.0 1 5 31 81.80787245541345 2.0
127.5 0 2 48 49.00816069176725 1.5
127.5 0 4 45 61.49695550351288 1.5
127.5 1 2 48 49.00816069176725 4
127.5 1 4 45 61.49695550351288 0.5
128.0 0 4 45 61.49695550351288 0.5
128.0 1 0 62 33.358133669609074 1
128.0 1 1 45 30.640245000900734 0.5
128.5 0 1 45 30.640245000900734 0.5
128.5 1 4 45 61.49695550351288 1.0
129.0 0 5 31 81.80787245541345 2.0
129.0 0 0 62 33.358133669609074 1
129.0 1 5 31 81.80787245541345 1.5
129.5 0 4 45 61.49695550351288 1.0
129.5 1 3 45 46.19774815348586 0.5
130.0 0 3 45 46.19774815348586 0.5
130.0 1 4 45 61.49695550351288 0.5
130.5 0 4 43 82.61360115294542 8
130.5 0 5 31 81.80787245541345 1.5
130.5 0 4 45 61.49695550351288 0.5
130.5 1 1 45 30.640245000900734 1.0
130.5 1 5 31 81.80787245541345 0.5
131.0 0 5 31 81.80787245541345 0.5
131.0 1 0 62 28.365699873896595 1
131.0 1 5 31 81.80787245541345 1.5
131.5 0 2 48 49.00816069176725 4
131.5 0 1 45 30.640245000900734 1.0
131.5 1 4 45 61.49695550351288 0.5
132.0 0 0 62 28.365699873896595 1
132.0 0 4 45 61.49695550351288 0.5
132.0 1 2 45 41.027976941091694 1.0
132.5 0 5 31 81.80787245541345 1.5
132.5 1 5 31 81.80787245541345 1.0
133.0 0 2 45 41.027976941091694 1.0
133.0 1 3 45 46.19774815348586 0.5
133.5 0 5 31 81.80787245541345 1.0
133.5 0 3 45 46.19774815348586 0.5
133.5 1 4 45 61.49695550351288 1.0
133.5 1 5 31 81.80787245541345 16
134.5 0 4 45 61.49695550351288 1.0
134.5 1 0 62 49.04863988470545 1
134.5 1 2 45 41.027976941091694 1.0
135.5 0 0 62 49.04863988470545 1
135.5 0 2 45 41.027976941091694 1.0
135.5 1 4 45 61.49695550351288 1.5
135.5 1 5 40 85.19655917852639 1.0
136.5 0 5 40 85.19655917852639 1.0
136.5 1 5 40 85.19655917852639 1.5
137.0 0 4 45 61.49695550351288 1.5
137.0 1 4 45 61.49695550351288 0.5
137.5 0 4 45 61.49695550351288 0.5
137.5 1 0 62 54.54224464060529 1
137.5 1 2 45 41.027976941091694 2.5
138.0 0 5 40 85.19655917852639 1.5
138.0 1 5 40 85.19655917852639 1.0
138.5 0 0 62 54.54224464060529 1
139.0 0 5 40 85.19655917852639 1.0
139.0 1 5 40 85.19655917852639 1.5
140.0 0 2 45 41.027976941091694 2.5
140.0 1 3 45 46.19774815348586 0.5
140.5 0 5 40 85.19655917852639 1.5
140.5 0 3 45 46.19774815348586 0.5
140.5 1 1 45 51.7665285534138 1.0
140.5 1 5 40 85.19655917852639 1.5
141.0 1 0 64 57.183030084669426 1
141.5 0 1 45 51.7665285534138 1.0
141.5 1 4 45 61.49695550351288 1.5
142.0 0 5 40 85.19655917852639 1.5
142.0 0 0 64 57.183030084669426 1
142.0 1 5 40 85.19655917852639 2.0
143.0 0 4 45 61.49695550351288 1.5
143.0 1 3 45 46.19774815348586 1.0
144.0 0 5 40 85.19655917852639 2.0
144.0 0 3 45 46.19774815348586 1.0
144.0 1 4 45 61.49695550351288 0.5
144.0 1 5 40 85.19655917852639 2.0
144.5 0 4 45 61.49695550351288 0.5
144.5 1 2 45 41.027976941091694 2.5
145.0 1 0 67 33.24247883264276 1
146.0 0 5 40 85.19655917852639 2.0
146.0 0 0 67 33.24247883264276 1
146.0 1 5 40 85.19655917852639 1.5
147.0 0 2 45 41.027976941091694 2.5
147.0 1 4 45 61.49695550351288 1.0
147.5 0 5 40 85.19655917852639 1.5
147.5 1 5 40 85.19655917852639 4.5
148.0 0 4 45 61.49695550351288 1.0
148.0 1 2 45 41.027976941091694 2.0
148.5 1 1 52 35.76760943974058 2
149.0 1 0 69 41.16483516483517 1
149.5 0 5 31 81.80787245541345 16
150.0 0 2 45 41.027976941091694 2.0
150.0 0 0 69 41.16483516483517 1
150.0 1 3 45 46.19774815348586 1.0
150.5 0 1 52 35.76760943974058 2
151.0 0 3 45 46.19774815348586 1.0
151.0 1 4 45 61.49695550351288 1.5
152.0 0 5 40 85.19655917852639 4.5
152.0 1 5 40 85.19655917852639 2.5
152.5 0 4 45 61.49695550351288 1.5
152.5 1 0 69 30.19690145919654 1
152.5 1 1 52 35.76760943974058 2
152.5 1 2 45 41.027976941091694 1.0
153.5 0 0 69 30.19690145919654 1
153.5 0 2 45 41.027976941091694 1.0
153.5 1 3 45 46.19774815348586 0.5
154.0 0 3 45 46.19774815348586 0.5
154.0 1 4 45 61.49695550351288 2.5
154.5 0 5 40 85.19655917852639 2.5
154.5 0 1 52 35.76760943974058 2
154.5 1 5 40 85.19655917852639 3.0
156.0 1 0 76 47.371644748693924 1
156.0 1 1 52 35.76760943974058 2
156.5 0 4 45 61.49695550351288 2.5
156.5 1 2 45 41.027976941091694 1.0
157.0 0 0 76 47.371644748693924 1
157.5 0 5 40 85.19655917852639 3.0
157.5 0 2 45 41.027976941091694 1.0
157.5 1 4 45 61.49695550351288 0.5
157.5 1 5 40 85.19655917852639 4.0
158.0 0 1 52 35.76760943974058 2
158.0 0 4 45 61.49695550351288 0.5
158.0 1 3 45 46.19774815348586 2
159.5 1 0 76 35.63267879661322 1
159.5 1 1 67 40.37452711223203 2
160.0 0 3 45 46.19774815348586 2
160.0 1 2 45 41.027976941091694 2.0
160.5 0 0 76 35.63267879661322 1
161.5 0 5 40 85.19655917852639 4.0
161.5 0 1 67 40.37452711223203 2
161.5 1 5 40 85.19655917852639 3.0
162.0 0 2 45 41.027976941091694 2.0
162.0 1 4 45 61.49695550351288 3.5
163.0 1 0 74 39.27580616105206 1
163.0 1 1 67 40.37452711223203 2
163.0 1 2 55 38.19828859664925 3.5
164.0 0 0 74 39.27580616105206 1
164.5 0 5 40 85.19655917852639 3.0
164.5 1 0 74 39.41073680417942 1
164.5 1 5 40 85.19655917852639 3.5
165.0 0 1 67 40.37452711223203 2
165.5 0 4 45 61.49695550351288 3.5
165.5 0 0 74 39.41073680417942 1
165.5 1 3 45 46.19774815348586 0.5
166.0 0 3 45 46.19774815348586 0.5
166.0 1 4 45 61.49695550351288 2.5
166.5 0 2 55 38.19828859664925 3.5
166.5 1 0 76 36.8856061970816 1
166.5 1 1 67 41.02990452170779 2
166.5 1 2 55 38.19828859664925 3.5
167.5 0 0 76 36.8856061970816 1
168.0 0 5 40 85.19655917852639 3.5
168.0 1 5 40 85.19655917852639 4.5
168.5 0 4 45 61.49695550351288 2.5
168.5 0 1 67 41.02990452170779 2
168.5 1 0 76 48.23905602594127 1
168.5 1 3 45 46.19774815348586 1.0
168.5 1 1 67 41.02990452170779 2
169.5 0 0 76 48.23905602594127 1
169.5 0 3 45 46.19774815348586 1.0
169.5 1 4 45 61.49695550351288 2.5
170.0 0 2 55 38.19828859664925 3.5
170.0 1 2 55 38.19828859664925 2.0
170.5 0 1 67 41.02990452170779 2
170.5 1 1 67 41.02990452170779 2
171.5 1 0 69 22.216717708520985 1
172.0 0 4 45 61.49695550351288 2.5
172.0 0 2 55 38.19828859664925 2.0
172.0 1 3 45 46.19774815348586 0.5
172.0 1 2 55 38.19828859664925 2.0
172.5 0 5 40 85.19655917852639 4.5
172.5 0 1 67 41.02990452170779 2
172.5 0 0 69 22.216717708520985 1
172.5 0 3 45 46.19774815348586 0.5
172.5 1 4 45 61.49695550351288 3.0
172.5 1 5 40 85.19655917852639 4.0
174.0 0 2 55 38.19828859664925 2.0
174.0 1 0 74 20.0 1
174.0 1 1 60 23.893712844532516 2
174.0 1 2 55 38.19828859664925 3.5
175.0 0 0 74 20.0 1
175.5 0 4 45 61.49695550351288 3.0
175.5 1 3 45 46.19774815348586 0.5
176.0 0 1 60 23.893712844532516 2
176.0 0 3 45 46.19774815348586 0.5
176.0 1 0 69 22.216717708520985 1
176.0 1 4 45 61.49695550351288 1.5
176.5 0 5 40 85.19655917852639 4.0
176.5 1 1 60 23.893712844532516 2
176.5 1 5 40 85.19655917852639 3.5
177.0 0 0 69 22.216717708520985 1
177.5 0 2 55 38.19828859664925 3.5
177.5 0 4 45 61.49695550351288 1.5
177.5 1 3 45 46.19774815348586 2
177.5 1 2 55 38.19828859664925 2.5
178.5 0 1 60 23.893712844532516 2
178.5 1 1 60 23.893712844532516 2
179.5 0 3 45 46.19774815348586 2
179.5 1 4 45 61.49695550351288 2.0
180.0 0 5 40 85.19655917852639 3.5
180.0 0 2 55 38.19828859664925 2.5
180.0 1 2 55 38.19828859664925 2.0
180.0 1 5 40 85.19655917852639 3.0
180.5 0 1 60 23.893712844532516 2
181.5 0 4 45 61.49695550351288 2.0
181.5 1 0 84 62.50315258511979 1
181.5 1 4 45 61.49695550351288 1.5
182.0 0 2 55 38.19828859664925 2.0
182.0 1 2 55 38.19828859664925 4
182.5 0 0 84 62.50315258511979 1
183.0 0 5 40 85.19655917852639 3.0
183.0 0 4 45 61.49695550351288 1.5
183.0 1 3 45 46.19774815348586 0.5
183.0 1 5 40 85.19655917852639 3.5
183.5 0 3 45 46.19774815348586 0.5
183.5 1 4 45 61.49695550351288 2.0
185.5 0 4 45 61.49695550351288 2.0
185.5 1 3 45 46.19774815348586 1.5
186.0 0 2 55 38.19828859664925 4
186.5 0 5 40 85.19655917852639 3.5
186.5 1 5 40 85.19655917852639 3.5
187.0 0 3 45 46.19774815348586 1.5
187.0 1 0 81 55.12051882543685 1
187.0 1 1 79 62.21401549270401 2
187.0 1 4 45 61.49695550351288 0.5
187.5 0 4 45 61.49695550351288 0.5
187.5 1 3 45 46.19774815348586 2
188.0 0 0 81 55.12051882543685 1
189.0 0 1 79 62.21401549270401 2
189.5 0 3 45 46.19774815348586 2
189.5 1 4 45 61.49695550351288 2.0
190.0 0 5 40 85.19655917852639 3.5
190.0 1 5 40 85.19655917852639 2.0
191.5 0 4 45 61.49695550351288 2.0
191.5 1 4 45 61.49695550351288 6.5
192.0 0 5 40 85.19655917852639 2.0
192.0 1 5 40 85.19655917852639 2.0
192.5 1 1 79 62.21401549270401 2
193.0 1 0 81 65.85714285714286 1
193.0 1 2 64 68.46323185011708 4
194.0 0 5 40 85.19655917852639 2.0
194.0 0 0 81 65.85714285714286 1
194.0 1 5 40 85.19655917852639 3.5
194.5 0 1 79 62.21401549270401 2
197.0 0 2 64 68.46323185011708 4
197.0 1 0 79 64.31507836425868 1
197.5 0 5 40 85.19655917852639 3.5
197.5 1 5 40 85.19655917852639 2.5
198.0 0 4 45 61.49695550351288 6.5
198.0 0 0 79 64.31507836425868 1
198.0 1 3 45 46.00306251125923 2
198.5 1 1 79 62.21401549270401 2
198.5 1 2 64 68.46323185011708 4
200.0 0 5 40 85.19655917852639 2.5
200.0 0 3 45 46.00306251125923 2
200.0 1 5 40 85.19655917852639 2.0
200.5 0 1 79 62.21401549270401 2
201.5 1 0 79 54.098901098901095 1
201.5 1 1 76 60.594847775175644 2
202.0 0 5 40 85.19655917852639 2.0
202.0 1 5 40 85.19655917852639 16
202.5 0 2 64 68.46323185011708 4
202.5 0 0 79 54.098901098901095 1
203.5 0 1 76 60.594847775175644 2
203.5 1 3 45 46.00306251125923 2
204.0 1 3 50 69.55231489821654 2
204.5 1 2 64 68.46323185011708 3.0
205.5 0 3 45 46.00306251125923 2
206.0 0 3 50 69.55231489821654 2
206.0 1 0 81 59.34192037470726 1
206.0 1 1 76 60.594847775175644 2
207.0 0 0 81 59.34192037470726 1
207.5 0 2 64 68.46323185011708 3.0
207.5 1 2 64 68.46323185011708 4
208.0 0 1 76 60.594847775175644 2
209.0 1 4 45 69.16294361376328 0.5
209.5 0 4 45 69.16294361376328 0.5
209.5 1 3 50 69.55231489821654 2
209.5 1 3 45 46.00306251125923 2
210.5 1 1 76 60.594847775175644 2
211.0 1 0 81 80.15979102864348 1
211.5 0 2 64 68.46323185011708 4
211.5 0 3 50 69.55231489821654 2
211.5 0 3 45 46.00306251125923 2
212.0 0 0 81 80.15979102864348 1
212.0 1 2 64 68.46323185011708 4
212.5 0 1 76 60.594847775175644 2
212.5 1 3 45 46.00306251125923 2
214.5 0 3 45 46.00306251125923 2
214.5 1 4 45 69.16294361376328 2.5
215.5 1 3 50 69.55231489821654 2
216.0 0 2 64 68.46323185011708 4
216.0 1 0 81 85.36425869212755 1
216.0 1 1 79 81.29706359214556 2
216.5 1 2 64 68.46323185011708 4
217.0 0 4 45 69.16294361376328 2.5
217.0 0 0 81 85.36425869212755 1
217.0 1 3 45 46.00306251125923 2
217.5 0 3 50 69.55231489821654 2
218.0 0 5 40 85.19655917852639 16
218.0 0 1 79 81.29706359214556 2
218.5 1 3 50 69.55231489821654 2
219.0 0 3 45 46.00306251125923 2
220.5 0 2 64 68.46323185011708 4
220.5 0 3 50 69.55231489821654 2
220.5 1 0 79 84.90163934426229 0.5
220.5 1 4 45 69.16294361376328 1.0
221.0 0 0 79 84.90163934426229 0.5
221.0 1 1 79 81.29706359214556 2
221.5 0 4 45 69.16294361376328 1.0
221.5 1 3 45 46.00306251125923 2
222.0 1 2 64 68.46323185011708 4
223.0 0 1 79 81.29706359214556 2
223.0 1 3 50 69.55231489821654 2
223.5 0 3 45 46.00306251125923 2
223.5 1 4 45 69.16294361376328 3.5
225.0 0 3 50 69.55231489821654 2
225.5 1 0 76 44.73085930462979 1
225.5 1 1 79 81.29706359214556 2
226.0 0 2 64 68.46323185011708 4
226.5 0 0 76 44.73085930462979 1
227.0 0 4 45 69.16294361376328 3.5
227.0 1 3 45 46.00306251125923 1.0
227.0 1 2 64 68.46323185011708 4
227.5 0 1 79 81.29706359214556 2
227.5 1 3 50 69.55231489821654 2
228.0 0 3 45 46.00306251125923 1.0
228.0 1 4 45 69.16294361376328 4.0
229.5 0 3 50 69.55231489821654 2
230.0 1 0 74 45.23203026481715 1
230.5 1 1 67 45.193478652495045 2
231.0 0 2 64 68.46323185011708 4
231.0 0 0 74 45.23203026481715 1
231.5 1 2 64 68.46323185011708 4
232.0 0 4 45 69.16294361376328 4.0
232.0 1 3 45 46.00306251125923 0.5
232.5 0 1 67 45.193478652495045 2
232.5 0 3 45 46.00306251125923 0.5
232.5 1 4 45 69.16294361376328 4.0
233.0 1 3 50 69.55231489821654 2
235.0 0 3 50 69.55231489821654 2
235.0 1 0 74 39.33363357953522 1
235.0 1 1 67 45.193478652495045 2
235.5 0 2 64 68.46323185011708 4
236.0 0 0 74 39.33363357953522 1
236.5 0 4 45 69.16294361376328 4.0
236.5 1 3 45 46.00306251125923 1.5
236.5 1 2 57 57.45867411277247 4
237.0 0 1 67 45.193478652495045 2
238.0 0 3 45 46.00306251125923 1.5
238.0 1 3 50 69.55231489821654 2
238.0 1 4 45 69.16294361376328 5.0
240.0 0 3 50 69.55231489821654 2
240.0 1 1 67 45.193478652495045 2
240.5 0 2 57 57.45867411277247 4
241.0 1 0 74 50.62925598991173 1
241.0 1 2 57 57.45867411277247 4
242.0 0 1 67 45.193478652495045 2
242.0 0 0 74 50.62925598991173 1
242.0 1 3 40 45.32840929562241 2
242.5 1 3 50 69.55231489821654 2
243.0 0 4 45 69.16294361376328 5.0
243.0 1 4 45 69.16294361376328 4.5
244.0 0 3 40 45.32840929562241 2
244.5 0 3 50 69.55231489821654 2
245.0 0 2 57 57.45867411277247 4
246.0 1 2 57 57.45867411277247 4
246.5 1 3 40 45.32840929562241 2
247.0 1 0 74 62.69591064673031 1
247.0 1 1 64 56.48910106287155 2
247.5 0 4 45 69.16294361376328 4.5
247.5 1 4 45 69.16294361376328 5.5
248.0 0 0 74 62.69591064673031 1
248.0 1 3 50 69.55231489821654 2
248.5 0 3 40 45.32840929562241 2
249.0 0 1 64 56.48910106287155 2
250.0 0 2 57 57.45867411277247 4
250.0 0 3 50 69.55231489821654 2
251.5 1 3 40 45.32840929562241 2
252.5 1 3 50 69.55231489821654 2
253.0 0 4 45 69.16294361376328 5.5
253.0 1 0 76 55.60241397946315 1
253.0 1 1 64 56.48910106287155 2
253.0 1 2 57 57.45867411277247 4
253.0 1 4 45 69.16294361376328 4.5
253.5 0 3 40 45.32840929562241 2
254.0 0 0 76 55.60241397946315 1
254.5 0 3 50 69.55231489821654 2
255.0 0 1 64 56.48910106287155 2
257.0 0 2 57 57.45867411277247 4
257.5 0 4 45 69.16294361376328 4.5
257.5 1 0 69 57.375788146279945 1
257.5 1 3 50 69.55231489821654 2
257.5 1 4 45 69.16294361376328 5.0
258.5 0 0 69 57.375788146279945 1
258.5 1 3 40 45.32840929562241 2
259.0 1 1 64 56.48910106287155 2
259.0 1 2 57 57.45867411277247 4
259.5 0 3 50 69.55231489821654 2
260.5 0 3 40 45.32840929562241 2
261.0 0 1 64 56.48910106287155 2
262.5 0 4 45 69.16294361376328 5.0
262.5 1 0 69 62.21401549270401 1
262.5 1 1 55 56.720410736804176 2
262.5 1 4 45 69.16294361376328 7.0
263.0 0 2 57 57.45867411277247 4
263.5 0 0 69 62.21401549270401 1
264.5 0 1 55 56.720410736804176 2
264.5 1 3 50 69.55231489821654 2
264.5 1 3 40 45.32840929562241 2
265.0 1 2 57 57.45867411277247 3.5
266.5 0 3 50 69.55231489821654 2
266.5 0 3 40 45.32840929562241 2
267.5 1 0 69 50.14736083588542 1
267.5 1 1 55 56.720410736804176 2
268.5 0 2 57 57.45867411277247 3.5
268.5 0 0 69 50.14736083588542 1
268.5 1 2 57 57.45867411277247 4
269.5 0 4 45 69.16294361376328 7.0
269.5 0 1 55 56.720410736804176 2
269.5 1 4 45 69.16294361376328 6.0
270.5 1 3 50 69.55231489821654 2
270.5 1 3 40 45.32840929562241 2
272.0 1 0 72 94.21185372005043 1
272.5 0 2 57 57.45867411277247 4
272.5 0 3 50 69.55231489821654 2
272.5 0 3 40 45.32840929562241 2
272.5 1 1 55 56.720410736804176 2
273.0 0 0 72 94.21185372005043 1
273.5 1 2 57 57.45867411277247 4
274.0 1 3 40 45.32840929562241 2
274.5 0 1 55 56.720410736804176 2
275.5 0 4 45 69.16294361376328 6.0
275.5 1 4 45 69.16294361376328 6.0
276.0 0 3 40 45.32840929562241 2
276.5 1 3 50 69.55231489821654 2
277.0 1 0 76 94.19257791388937 1
277.0 1 1 64 93.9805440461178 2
277.5 0 2 57 57.45867411277247 4
278.0 0 0 76 94.19257791388937 1
278.5 0 3 50 69.55231489821654 2
278.5 1 2 57 57.45867411277247 4
279.0 0 1 64 93.9805440461178 2
279.0 1 3 40 45.32840929562241 2
280.0 1 3 50 69.55231489821654 2
281.0 0 3 40 45.32840929562241 2
281.5 0 4 45 69.16294361376328 6.0
281.5 1 4 45 69.16294361376328 3.5
282.0 0 3 50 69.55231489821654 2
282.0 1 0 74 99.82111331291658 1
282.0 1 1 64 93.9805440461178 2
282.5 0 2 57 57.45867411277247 4
283.0 0 0 74 99.82111331291658 1
283.5 1 2 57 81.70378310214375 4
284.0 0 1 64 93.9805440461178 2
284.0 1 3 40 45.32840929562241 2
285.0 0 4 45 69.16294361376328 3.5
285.0 1 3 50 69.55231489821654 2
285.0 1 4 45 69.16294361376328 5.0
286.0 0 3 40 45.32840929562241 2
287.0 0 3 50 69.55231489821654 2
287.0 1 1 64 93.9805440461178 2
287.5 0 2 57 81.70378310214375 4
288.0 1 0 76 89.89407313997476 1
288.5 1 2 57 81.70378310214375 4
289.0 0 1 64 93.9805440461178 2
289.0 0 0 76 89.89407313997476 1
289.5 1 3 48 35.883264276706896 2
290.0 0 4 45 69.16294361376328 5.0
290.0 1 3 50 69.55231489821654 2
290.0 1 4 45 69.16294361376328 5.0
291.5 0 3 48 35.883264276706896 2
292.0 0 3 50 69.55231489821654 2
292.5 0 2 57 81.70378310214375 4
293.5 1 2 57 81.70378310214375 4
294.0 1 0 79 83.91857323004864 1
294.0 1 1 69 83.57160871914968 2
294.5 1 3 48 35.883264276706896 2
295.0 0 4 45 69.16294361376328 5.0
295.0 0 0 79 83.91857323004864 1
295.0 1 4 45 69.16294361376328 5.5
295.5 1 3 50 69.55231489821654 2
296.0 0 1 69 83.57160871914968 2
296.5 0 3 48 35.883264276706896 2
297.5 0 2 57 81.70378310214375 4
297.5 0 3 50 69.55231489821654 2
299.5 1 3 48 35.883264276706896 2
300.0 1 0 76 77.84669428931723 1
300.0 1 1 69 83.57160871914968 2
300.5 0 4 45 69.16294361376328 5.5
300.5 1 3 50 69.55231489821654 2
300.5 1 2 57 81.70378310214375 4
300.5 1 4 45 69.16294361376328 5.0
301.0 0 0 76 77.84669428931723 1
301.5 0 3 48 35.883264276706896 2
302.0 0 1 69 83.57160871914968 2
302.5 0 3 50 69.55231489821654 2
304.5 0 2 57 81.70378310214375 4
305.5 0 4 45 69.16294361376328 5.0
305.5 1 0 69 88.08214736083588 0.5
305.5 1 3 50 69.55231489821654 2
305.5 1 4 45 69.16294361376328 5.0
306.0 0 0 69 88.08214736083588 0.5
306.0 1 1 69 83.57160871914968 2
306.5 1 3 48 35.883264276706896 2
306.5 1 2 57 81.70378310214375 4
307.5 0 3 50 69.55231489821654 2
308.0 0 1 69 83.57160871914968 2
308.5 0 3 48 35.883264276706896 2
310.5 0 4 45 69.16294361376328 5.0
310.5 0 2 57 81.70378310214375 4
310.5 1 4 45 69.16294361376328 7.0
311.0 1 1 57 81.56692487840029 1.5
311.5 1 0 69 76.0540443163394 1
312.5 0 1 57 81.56692487840029 1.5
312.5 0 0 69 76.0540443163394 1
312.5 1 3 50 69.55231489821654 2
312.5 1 3 48 35.883264276706896 2
312.5 1 2 57 81.70378310214375 4
314.5 0 3 50 69.55231489821654 2
314.5 0 3 48 35.883264276706896 2
316.5 0 2 57 81.70378310214375 4
316.5 1 0 69 80.50675553954241 1
317.0 1 1 57 81.56692487840029 0.5
317.5 0 4 45 69.16294361376328 7.0
317.5 0 0 69 80.50675553954241 1
317.5 0 1 57 81.56692487840029 0.5
317.5 1 2 57 81.70378310214375 4
317.5 1 4 45 69.16294361376328 6.0
318.5 1 3 50 69.55231489821654 2
318.5 1 3 48 35.883264276706896 2
320.5 0 3 50 69.55231489821654 2
320.5 0 3 48 35.883264276706896 2
321.5 0 2 57 81.70378310214375 4
322.0 1 1 57 81.56692487840029 1.5
323.5 0 4 45 69.16294361376328 6.0
323.5 0 1 57 81.56692487840029 1.5
323.5 1 3 48 35.883264276706896 2
323.5 1 2 57 81.70378310214375 4
323.5 1 4 45 69.16294361376328 6.0
324.5 1 3 50 69.55231489821654 2
325.5 0 3 48 35.883264276706896 2
326.5 0 3 50 69.55231489821654 2
327.5 0 2 57 81.70378310214375 4
328.5 1 2 57 81.70378310214375 4
329.5 0 4 45 69.16294361376328 6.0
329.5 1 3 50 69.55231489821654 2
329.5 1 3 48 35.883264276706896 2
329.5 1 4 45 69.16294361376328 5.0
331.5 0 3 50 69.55231489821654 2
331.5 0 3 48 35.883264276706896 2
332.5 0 2 57 81.70378310214375 4
334.5 0 4 45 69.16294361376328 5.0
334.5 1 3 48 35.883264276706896 2
334.5 1 4 45 69.16294361376328 6.0
335.5 1 3 50 69.55231489821654 2
336.5 0 3 48 35.883264276706896 2
337.5 0 3 50 69.55231489821654 2
340.5 0 4 45 69.16294361376328 6.0
340.5 1 3 50 69.55231489821654 2
340.5 1 4 45 69.16294361376328 5.0
342.5 0 3 50 69.55231489821654 2
345.5 0 4 45 69.16294361376328 5.0
345.5 1 4 45 69.16294361376328 8
353.5 0 4 45 69.16294361376328 8
