2.5
4.0
5.0
7.0
11.0
16.0
21.0
27.0
54.5
57.0
59.5
63.0
66.5
70.0
72.5
75.0
77.0
79.5
81.5
83.5
85.0
86.5
88.0
91.0
94.0
97.0
98.0
99.5
100.5
102.5
104.5
106.0
107.0
108.5
109.5
111.0
112.0
113.5
114.5
116.0
117.5
119.5
121.5
123.0
125.5
128.0
131.0
134.5
137.5
141.0
145.0
149.0
152.5
156.0
159.5
163.0
164.5
166.5
168.5
171.5
174.0
176.0
181.5
187.0
193.0
197.0
201.5
206.0
211.0
216.0
220.5
225.5
230.0
235.0
241.0
247.0
253.0
257.5
262.5
267.5
272.0
277.0
282.0
288.0
294.0
300.0
305.5
311.5
316.5
