2.5
4.0
5.0
5.5
6.0
6.5
7.0
8.5
8.5
9.5
10.0
11.0
14.0
14.5
16.0
18.5
20.0
21.0
24.5
25.0
27.0
29.5
31.0
35.5
54.5
57.0
57.0
59.5
59.5
60.5
62.0
63.0
63.0
65.5
66.0
66.5
66.5
68.5
70.0
70.0
70.0
70.0
71.0
72.5
72.5
73.5
73.5
75.0
75.0
75.0
75.5
77.0
77.0
77.5
78.5
79.0
79.5
79.5
79.5
81.0
81.0
81.5
81.5
82.5
83.0
83.0
83.5
83.5
83.5
84.0
85.0
85.0
85.5
86.0
86.5
86.5
86.5
86.5
87.0
88.0
88.0
88.0
88.5
89.0
89.5
90.0
90.5
90.5
90.5
91.0
91.5
92.5
92.5
93.0
94.0
94.0
94.0
94.5
94.5
95.5
96.5
97.0
97.0
97.0
97.5
97.5
98.0
98.5
98.5
99.0
99.0
99.5
99.5
100.0
100.5
100.5
100.5
101.0
101.5
101.5
101.5
102.5
102.5
103.0
103.0
103.5
103.5
104.0
104.0
104.5
105.5
106.0
106.0
106.0
106.5
107.0
107.0
107.0
107.5
107.5
108.0
108.5
108.5
108.5
109.0
109.5
109.5
109.5
109.5
110.0
110.0
110.5
110.5
110.5
111.0
111.0
112.0
112.0
112.0
112.0
112.5
112.5
113.0
113.0
113.5
113.5
113.5
113.5
114.0
114.5
115.0
115.5
115.5
116.0
116.0
116.0
116.0
116.5
117.5
117.5
117.5
118.0
118.0
118.0
118.5
119.0
119.0
119.5
119.5
120.0
120.5
121.0
121.0
121.0
121.5
121.5
122.0
122.0
122.0
122.5
123.0
123.0
123.5
123.5
124.0
124.0
124.5
124.5
124.5
125.0
125.5
126.0
126.0
126.0
127.0
127.5
127.5
127.5
128.0
128.0
128.5
129.0
129.5
130.0
130.5
130.5
131.0
131.0
131.5
131.5
132.0
132.5
133.0
133.5
133.5
133.5
134.5
134.5
135.5
135.5
136.5
137.0
137.5
137.5
137.5
137.5
138.0
139.0
140.0
140.5
140.5
141.0
141.5
141.5
142.0
143.0
144.0
144.0
144.0
144.5
145.0
146.0
147.0
147.0
147.5
148.0
148.5
149.0
150.0
151.0
152.0
152.5
152.5
152.5
153.5
154.0
154.5
156.0
156.0
156.5
157.5
157.5
158.0
159.5
159.5
160.0
161.5
162.0
162.0
163.0
163.0
163.0
164.5
164.5
165.5
166.0
166.5
166.5
166.5
166.5
168.0
168.5
168.5
168.5
169.5
170.0
170.0
170.5
171.5
172.0
172.0
172.5
172.5
174.0
174.0
174.0
175.5
175.5
176.0
176.0
176.5
176.5
177.5
177.5
178.5
179.5
179.5
179.5
180.0
180.0
181.5
181.5
182.0
183.0
183.0
183.5
185.5
186.5
187.0
187.0
187.0
187.5
189.5
190.0
190.0
191.5
192.0
192.5
193.0
193.0
194.0
197.0
197.5
198.0
198.5
198.5
200.0
201.5
201.5
202.0
203.5
204.0
204.5
206.0
206.0
207.5
209.0
209.5
209.5
210.5
211.0
212.0
212.5
214.5
215.5
216.0
216.0
216.5
217.0
218.5
220.5
220.5
221.0
221.5
222.0
223.0
223.5
225.5
225.5
227.0
227.0
227.5
228.0
230.0
230.5
231.5
232.0
232.5
233.0
235.0
235.0
236.5
236.5
238.0
238.0
240.0
241.0
241.0
242.0
242.5
243.0
246.0
246.5
247.0
247.0
247.5
248.0
251.5
252.5
253.0
253.0
253.0
253.0
257.5
257.5
257.5
258.5
259.0
259.0
262.5
262.5
262.5
264.5
264.5
265.0
267.5
267.5
268.5
269.5
270.5
270.5
272.0
272.5
273.5
274.0
275.5
276.5
277.0
277.0
278.5
279.0
280.0
281.5
282.0
282.0
283.5
284.0
285.0
285.0
287.0
288.0
288.5
289.5
290.0
290.0
293.5
294.0
294.0
294.5
295.0
295.5
299.5
300.0
300.0
300.5
300.5
300.5
305.5
305.5
305.5
306.0
306.5
306.5
310.5
311.0
311.5
312.5
312.5
312.5
316.5
317.0
317.5
317.5
318.5
318.5
322.0
323.5
323.5
323.5
324.5
328.5
329.5
329.5
329.5
334.5
334.5
335.5
340.5
340.5
345.5
