5.5
6.0
6.5
8.5
8.5
9.5
10.0
14.0
14.5
18.5
20.0
24.5
25.0
29.5
31.0
35.5
57.0
59.5
62.0
66.5
70.0
73.5
75.0
77.5
79.5
81.5
83.5
85.5
86.5
88.0
89.5
94.0
97.0
99.0
100.0
100.5
101.5
104.0
106.0
107.5
108.0
109.5
110.5
112.5
113.5
115.0
116.0
117.5
119.0
121.0
123.0
124.5
128.0
130.5
133.5
137.5
140.5
144.0
148.5
152.5
156.0
159.5
163.0
166.5
166.5
168.5
170.5
174.0
176.5
178.5
187.0
192.5
198.5
201.5
206.0
210.5
216.0
221.0
225.5
230.5
235.0
240.0
247.0
253.0
259.0
262.5
267.5
272.5
277.0
282.0
287.0
294.0
300.0
306.0
311.0
317.0
322.0
