66.0
68.5
71.0
75.5
79.0
82.5
84.0
86.5
88.5
90.5
92.5
94.5
95.5
97.0
98.5
103.0
106.0
107.0
108.5
109.0
109.5
112.0
114.0
115.5
116.0
117.5
118.5
121.0
122.0
123.5
124.5
126.0
127.5
129.5
131.5
133.0
137.5
140.0
143.0
147.0
150.0
153.5
158.0
162.0
165.5
168.5
172.0
175.5
175.5
177.5
179.5
183.0
185.5
187.5
198.0
203.5
204.0
209.5
209.5
212.5
215.5
217.0
218.5
221.5
223.0
227.0
227.5
232.0
233.0
236.5
238.0
242.0
242.5
246.5
248.0
251.5
252.5
257.5
258.5
264.5
264.5
270.5
270.5
274.0
276.5
279.0
280.0
284.0
285.0
289.5
290.0
294.5
295.5
299.5
300.5
305.5
306.5
312.5
312.5
318.5
318.5
323.5
324.5
329.5
329.5
334.5
335.5
340.5
