87.5
90.0
92.5
97.0
100.5
104.0
105.5
108.0
110.0
112.0
114.0
116.0
117.0
118.5
120.0
124.5
127.5
128.5
130.0
130.5
131.0
133.5
135.5
137.0
137.5
139.0
140.0
142.5
143.5
145.0
146.0
147.5
149.0
151.0
153.0
154.5
159.0
161.5
164.5
168.5
171.5
175.0
179.5
183.5
187.0
190.0
193.5
197.0
197.0
199.0
201.0
204.5
207.0
209.0
219.5
225.0
225.5
231.0
231.0
234.0
237.0
238.5
240.0
243.0
244.5
248.5
249.0
253.5
254.5
258.0
259.5
263.5
264.0
268.0
269.5
273.0
274.0
279.0
280.0
286.0
286.0
292.0
292.0
295.5
298.0
300.5
301.5
305.5
306.5
311.0
311.5
316.0
317.0
321.0
322.0
327.0
328.0
334.0
334.0
340.0
340.0
345.0
346.0
351.0
351.0
356.0
357.0
362.0
