78
70
60
66
58
46
60
58
46
44
44
66
46
44
52
44
52
52
84
52
52
76
64
76
76
78
76
66
66
66
76
64
76
66
78
58
58
58
66
58
46
46
46
76
64
58
46
44
44
44
46
44
76
52
44
52
52
52
52
76
76
76
76
66
66
66
76
66
58
58
58
46
46
44
72
74
62
74
62
50
62
70
50
50
44
68
56
44
70
56
50
44
44
68
44
56
50
66
50
44
44
66
50
50
50
44
62
50
44
50
32
62
40
44
50
44
60
40
32
44
60
42
40
32
62
44
40
44
42
62
40
44
44
42
40
42
44
44
32
62
42
44
44
42
64
42
32
44
44
44
44
60
44
42
42
32
64
44
44
48
32
66
44
42
66
48
42
44
48
48
32
72
44
44
48
42
32
60
48
74
32
72
44
60
48
68
44
44
60
32
52
68
44
48
44
66
44
52
32
48
44
52
48
32
70
44
68
44
48
32
56
44
48
44
72
56
44
32
44
66
56
44
48
66
44
50
44
48
68
44
50
48
44
32
44
50
48
64
44
44
48
46
44
32
62
44
46
48
32
44
62
44
46
32
48
32
46
44
32
44
66
46
48
44
32
46
48
44
62
46
44
32
46
44
46
32
62
32
46
44
46
32
46
46
44
32
62
46
44
40
40
44
62
46
46
46
40
40
46
46
40
66
46
44
40
46
46
44
40
46
68
40
46
44
40
46
54
70
46
44
40
70
54
46
46
44
40
76
54
46
44
40
46
76
68
46
40
46
44
74
68
56
74
40
46
44
76
68
66
56
40
76
46
66
44
56
56
66
70
46
56
44
40
74
60
56
46
46
70
44
60
40
46
56
60
46
44
44
56
40
84
44
56
46
40
44
46
40
80
78
44
46
44
40
40
44
40
78
80
64
40
78
40
46
78
64
40
78
76
40
46
50
64
82
76
64
46
50
46
76
82
64
46
46
50
80
78
64
46
50
80
46
78
46
64
50
46
76
78
46
64
50
46
74
66
64
46
46
50
74
66
46
56
50
46
66
74
56
42
50
46
56
42
74
66
46
50
42
50
76
66
56
46
68
50
46
42
66
56
68
56
46
50
42
56
68
56
56
46
50
42
72
56
56
42
46
50
76
66
56
42
50
46
74
66
58
42
50
46
66
76
58
48
50
46
58
78
70
48
46
50
48
76
70
50
58
46
70
50
46
70
48
58
46
58
70
50
48
58
68
58
58
46
50
48
58
48
58
46
50
58
50
48
46
48
46
50
50
46
46
