0.0 1 0 72 111.36732120338677 1
1.0 0 0 72 111.36732120338677 1
1.0 1 1 62 111.17456314177625 2
3.0 0 1 62 111.17456314177625 2
3.5 1 2 50 109.02723833543504 4
7.5 0 2 50 109.02723833543504 4
7.5 1 3 43 96.77168077823814 2
8.5 1 0 74 105.62313096739325 1
9.5 0 3 43 96.77168077823814 2
9.5 0 0 74 105.62313096739325 1
9.5 1 1 62 111.17456314177625 2
10.0 1 4 43 82.61360115294542 6.0
11.5 0 1 62 111.17456314177625 2
12.0 1 2 50 109.02723833543504 4
16.0 0 4 43 82.61360115294542 6.0
16.0 0 2 50 109.02723833543504 4
16.0 1 3 43 96.77168077823814 2
18.0 0 3 43 96.77168077823814 2
18.5 1 0 74 117.63195820572871 1
18.5 1 4 43 82.61360115294542 7.5
18.5 1 5 31 81.80787245541345 8.5
19.5 0 0 74 117.63195820572871 1
19.5 1 1 62 111.17456314177625 2
21.5 0 1 62 111.17456314177625 2
22.0 1 2 50 109.02723833543504 4
26.0 0 4 43 82.61360115294542 7.5
26.0 0 2 50 109.02723833543504 4
26.0 1 3 43 96.77168077823814 2
27.0 0 5 31 81.80787245541345 8.5
27.0 1 5 31 81.80787245541345 10.0
28.0 0 3 43 96.77168077823814 2
28.5 1 0 69 103.86903260673752 1
28.5 1 4 43 82.61360115294542 8
29.5 0 0 69 103.86903260673752 1
30.0 1 1 57 109.49756800576472 2
32.0 0 1 57 109.49756800576472 2
32.5 1 2 50 109.02723833543504 4
36.5 0 4 43 82.61360115294542 8
36.5 0 2 50 109.02723833543504 4
36.5 1 3 43 96.77168077823814 2
37.0 0 5 31 81.80787245541345 10.0
37.0 1 5 31 81.80787245541345 10.5
38.5 0 3 43 96.77168077823814 2
39.0 1 4 43 82.61360115294542 8
40.0 1 0 67 108.9000180147721 1
41.0 0 0 67 108.9000180147721 1
41.5 1 1 57 109.49756800576472 2
43.5 0 1 57 109.49756800576472 2
44.0 1 2 50 109.02723833543504 4
47.0 0 4 43 82.61360115294542 8
47.5 0 5 31 81.80787245541345 10.5
47.5 1 5 31 81.80787245541345 11.5
48.0 0 2 50 109.02723833543504 4
48.0 1 3 43 96.77168077823814 2
50.0 0 3 43 96.77168077823814 2
50.5 1 4 43 82.61360115294542 8
51.5 1 0 69 115.95496306971715 1
52.5 0 0 69 115.95496306971715 1
53.0 1 1 57 109.49756800576472 2
55.0 0 1 57 109.49756800576472 2
55.5 1 2 50 109.02723833543504 4
58.5 0 4 43 82.61360115294542 8
59.0 0 5 31 81.80787245541345 11.5
59.0 1 5 31 81.80787245541345 11.5
59.5 0 2 50 109.02723833543504 4
59.5 1 3 43 96.77168077823814 2
61.5 0 3 43 96.77168077823814 2
62.0 1 4 43 82.61360115294542 8
62.5 1 0 67 127.0 1
63.5 0 0 67 127.0 1
63.5 1 1 50 120.94546928481354 2
65.5 0 1 50 120.94546928481354 2
66.0 1 2 50 109.02723833543504 4
70.0 0 4 43 82.61360115294542 8
70.0 0 2 50 109.02723833543504 4
70.0 1 3 43 96.77168077823814 2
70.5 0 5 31 81.80787245541345 11.5
70.5 1 5 31 81.80787245541345 10.5
71.5 1 0 64 120.58115654836966 1
72.0 0 3 43 96.77168077823814 2
72.5 0 0 64 120.58115654836966 1
72.5 1 1 50 120.94546928481354 2
72.5 1 4 43 82.61360115294542 6.5
74.5 0 1 50 120.94546928481354 2
75.0 1 2 50 109.02723833543504 4
79.0 0 4 43 82.61360115294542 6.5
79.0 0 2 50 109.02723833543504 4
79.0 1 3 43 96.77168077823814 2
80.5 1 0 67 121.31363718248963 1
81.0 0 5 31 81.80787245541345 10.5
81.0 0 3 43 96.77168077823814 2
81.0 1 5 31 81.80787245541345 9.0
81.5 0 0 67 121.31363718248963 1
81.5 1 1 50 120.94546928481354 2
81.5 1 4 43 82.61360115294542 6.5
83.5 0 1 50 120.94546928481354 2
84.0 1 2 50 109.02723833543504 4
88.0 0 4 43 82.61360115294542 6.5
88.0 0 2 50 109.02723833543504 4
88.0 1 3 43 96.77168077823814 2
89.0 1 0 62 79.60079264997296 1
90.0 0 5 31 81.80787245541345 9.0
90.0 0 3 43 96.77168077823814 2
90.0 0 0 62 79.60079264997296 1
90.0 1 1 40 83.0511619528013 2
90.0 1 5 31 81.80787245541345 9.0
90.5 1 4 43 82.61360115294542 5.5
92.0 0 1 40 83.0511619528013 2
92.0 1 2 40 96.61747432894974 4
96.0 0 4 43 82.61360115294542 5.5
96.0 0 2 40 96.61747432894974 4
96.0 1 3 43 96.77168077823814 2
98.0 0 3 43 96.77168077823814 2
98.5 1 0 62 79.27310394523508 1
98.5 1 4 43 82.61360115294542 7.0
99.0 0 5 31 81.80787245541345 9.0
99.0 1 5 31 81.80787245541345 8.0
99.5 0 0 62 79.27310394523508 1
99.5 1 1 40 83.0511619528013 2
101.5 0 1 40 83.0511619528013 2
101.5 1 2 40 96.61747432894974 4
105.5 0 4 43 82.61360115294542 7.0
105.5 0 2 40 96.61747432894974 4
105.5 1 3 43 96.77168077823814 2
106.5 1 0 60 83.34029904521708 1
107.0 0 5 31 81.80787245541345 8.0
107.0 1 5 31 81.80787245541345 9.5
107.5 0 3 43 96.77168077823814 2
107.5 0 0 60 83.34029904521708 1
107.5 1 1 40 83.0511619528013 2
108.0 1 4 43 82.61360115294542 5.5
109.5 0 1 40 83.0511619528013 2
109.5 1 2 40 96.61747432894974 4
113.5 0 4 43 82.61360115294542 5.5
113.5 0 2 40 96.61747432894974 4
113.5 1 3 43 96.77168077823814 2
115.0 1 0 60 103.13655197261754 1
115.5 0 3 43 96.77168077823814 2
116.0 0 0 60 103.13655197261754 1
116.0 1 1 40 103.56061970816069 2
116.0 1 4 43 82.61360115294542 6.0
116.5 0 5 31 81.80787245541345 9.5
116.5 1 5 31 81.80787245541345 8.0
118.0 0 1 40 103.56061970816069 2
118.0 1 2 40 96.61747432894974 4
122.0 0 4 43 82.61360115294542 6.0
122.0 0 2 40 96.61747432894974 4
122.0 1 3 43 96.77168077823814 2
122.5 1 0 62 100.36083588542604 1
123.5 0 0 62 100.36083588542604 1
123.5 1 1 40 103.56061970816069 2
124.0 0 3 43 96.77168077823814 2
124.5 0 5 31 81.80787245541345 8.0
124.5 1 4 43 82.61360115294542 5.0
124.5 1 5 31 81.80787245541345 8.5
125.5 0 1 40 103.56061970816069 2
125.5 1 2 40 96.61747432894974 4
129.5 0 4 43 82.61360115294542 5.0
129.5 0 2 40 96.61747432894974 4
129.5 1 0 62 110.69266798774994 1
129.5 1 3 43 96.77168077823814 2
130.5 0 0 62 110.69266798774994 1
130.5 1 1 40 103.56061970816069 2
131.5 0 3 43 96.77168077823814 2
132.0 1 4 43 82.61360115294542 4.5
132.5 0 1 40 103.56061970816069 2
132.5 1 2 40 96.61747432894974 4
133.0 0 5 31 81.80787245541345 8.5
133.0 1 5 31 81.80787245541345 7.5
136.5 0 4 43 82.61360115294542 4.5
136.5 0 2 40 96.61747432894974 4
136.5 1 3 43 96.77168077823814 2
137.5 1 0 62 109.65177445505313 1
138.5 0 3 43 96.77168077823814 2
138.5 0 0 62 109.65177445505313 1
139.0 1 1 40 102.71248423707439 2
139.0 1 4 43 82.61360115294542 6.0
140.5 0 5 31 81.80787245541345 7.5
140.5 1 5 31 81.80787245541345 7.0
141.0 0 1 40 102.71248423707439 2
141.0 1 2 40 96.61747432894974 4
145.0 0 4 43 82.61360115294542 6.0
145.0 0 2 40 96.61747432894974 4
145.0 1 3 43 96.77168077823814 2
147.0 0 3 43 96.77168077823814 2
147.5 0 5 31 81.80787245541345 7.0
147.5 1 4 43 82.61360115294542 8
147.5 1 5 31 81.80787245541345 8.5
148.0 1 0 64 98.72239236173661 1
149.0 0 0 64 98.72239236173661 1
149.5 1 1 40 102.71248423707439 2
151.5 0 1 40 102.71248423707439 2
151.5 1 2 40 96.61747432894974 4
155.5 0 4 43 82.61360115294542 8
155.5 0 2 40 96.61747432894974 4
155.5 1 3 43 96.77168077823814 2
156.0 0 5 31 81.80787245541345 8.5
156.0 1 5 31 81.80787245541345 10.5
157.5 0 3 43 96.77168077823814 2
158.0 1 4 43 82.61360115294542 8
159.0 1 0 60 102.90524229868491 1
160.0 0 0 60 102.90524229868491 1
160.5 1 1 40 102.71248423707439 2
162.5 0 1 40 102.71248423707439 2
162.5 1 2 40 96.61747432894974 4
166.0 0 4 43 82.61360115294542 8
166.5 0 5 31 81.80787245541345 10.5
166.5 0 2 40 96.61747432894974 4
166.5 1 3 43 96.77168077823814 2
166.5 1 5 31 81.80787245541345 11.0
168.5 0 3 43 96.77168077823814 2
169.0 1 0 64 86.34732480634119 1
169.0 1 4 43 82.61360115294542 7.0
170.0 0 0 64 86.34732480634119 1
170.0 1 1 48 83.76436678076021 2
172.0 0 1 48 83.76436678076021 2
172.0 1 2 48 93.94392001441182 4
175.5 1 0 64 77.73103945235093 1
176.0 0 4 43 82.61360115294542 7.0
176.0 0 2 48 93.94392001441182 4
176.0 1 3 43 96.77168077823814 2
176.5 0 0 64 77.73103945235093 1
176.5 1 1 48 83.76436678076021 2
177.5 0 5 31 81.80787245541345 11.0
177.5 1 5 31 81.80787245541345 9.5
178.0 0 3 43 96.77168077823814 2
178.5 0 1 48 83.76436678076021 2
178.5 1 2 48 93.94392001441182 4
178.5 1 4 43 82.61360115294542 4.0
182.5 0 2 48 93.94392001441182 4
182.5 0 4 43 82.61360115294542 4.0
182.5 1 0 67 81.93316519546026 1
182.5 1 3 43 96.77168077823814 2
183.5 0 0 67 81.93316519546026 1
183.5 1 1 48 83.76436678076021 2
184.5 0 3 43 96.77168077823814 2
185.0 1 4 43 82.61360115294542 4.5
185.5 0 1 48 83.76436678076021 2
185.5 1 2 48 93.94392001441182 4
187.0 0 5 31 81.80787245541345 9.5
187.0 1 5 31 81.80787245541345 6.5
188.5 1 0 72 82.58854260493604 1
189.5 0 4 43 82.61360115294542 4.5
189.5 0 2 48 93.94392001441182 4
189.5 0 0 72 82.58854260493604 1
189.5 1 3 43 96.77168077823814 2
189.5 1 1 60 89.00738605656638 2
191.5 0 3 43 96.77168077823814 2
191.5 0 1 60 89.00738605656638 2
191.5 1 2 48 93.94392001441182 4
192.0 1 4 43 82.61360115294542 3.5
193.5 0 5 31 81.80787245541345 6.5
193.5 1 5 31 81.80787245541345 7.0
195.5 0 2 48 93.94392001441182 4
195.5 0 4 43 82.61360115294542 3.5
195.5 1 3 43 96.77168077823814 2
196.5 1 0 74 94.01909565843991 1
197.5 0 3 43 96.77168077823814 2
197.5 0 0 74 94.01909565843991 1
197.5 1 1 60 89.00738605656638 2
198.0 1 4 43 82.61360115294542 5.5
199.5 0 1 60 89.00738605656638 2
199.5 1 2 48 93.94392001441182 4
200.5 0 5 31 81.80787245541345 7.0
200.5 1 5 31 81.80787245541345 6.0
203.5 0 4 43 82.61360115294542 5.5
203.5 0 2 48 93.94392001441182 4
203.5 1 3 43 96.77168077823814 2
204.5 1 0 72 87.88938929922536 1
205.5 0 3 43 96.77168077823814 2
205.5 0 0 72 87.88938929922536 1
205.5 1 1 60 89.00738605656638 2
206.0 1 4 43 82.61360115294542 5.5
206.5 0 5 31 81.80787245541345 6.0
206.5 1 5 31 81.80787245541345 8.0
207.5 0 1 60 89.00738605656638 2
207.5 1 2 48 93.94392001441182 4
211.0 1 0 69 103.86903260673752 1
211.5 0 4 43 82.61360115294542 5.5
211.5 0 2 48 93.94392001441182 4
211.5 1 3 43 96.77168077823814 2
212.0 0 0 69 103.86903260673752 1
212.0 1 1 52 105.6424067735543 2
213.5 0 3 43 96.77168077823814 2
214.0 0 1 52 105.6424067735543 2
214.0 1 2 48 93.94392001441182 4
214.0 1 4 43 82.61360115294542 4.0
214.5 0 5 31 81.80787245541345 8.0
214.5 1 5 31 81.80787245541345 8.0
217.0 1 0 69 111.09745991713204 1
218.0 0 2 48 93.94392001441182 4
218.0 0 4 43 82.61360115294542 4.0
218.0 0 0 69 111.09745991713204 1
218.0 1 3 43 96.77168077823814 2
218.0 1 1 52 105.6424067735543 2
220.0 0 3 43 96.77168077823814 2
220.0 0 1 52 105.6424067735543 2
220.0 1 2 48 93.94392001441182 4
220.5 1 4 43 82.61360115294542 3.5
222.5 0 5 31 81.80787245541345 8.0
222.5 1 5 31 81.80787245541345 6.5
224.0 0 2 48 93.94392001441182 4
224.0 0 4 43 82.61360115294542 3.5
224.0 1 0 64 107.9362277067195 1
224.0 1 3 43 96.77168077823814 2
225.0 0 0 64 107.9362277067195 1
225.0 1 1 52 105.6424067735543 2
226.0 0 3 43 96.77168077823814 2
226.5 1 4 43 82.61360115294542 4.5
227.0 0 1 52 105.6424067735543 2
227.0 1 2 48 93.94392001441182 4
229.0 0 5 31 81.80787245541345 6.5
229.0 1 5 31 81.80787245541345 6.0
230.5 1 0 69 64.68131868131869 1
231.0 0 4 43 82.61360115294542 4.5
231.0 0 2 48 93.94392001441182 4
231.0 1 3 43 96.77168077823814 2
231.5 0 0 69 64.68131868131869 1
231.5 1 1 55 58.51306070978202 2
233.0 0 3 43 96.77168077823814 2
233.5 0 1 55 58.51306070978202 2
233.5 1 2 48 49.00816069176725 4
233.5 1 4 43 82.61360115294542 8
235.0 0 5 31 81.80787245541345 6.0
235.0 1 5 31 81.80787245541345 7.0
237.5 0 2 48 49.00816069176725 4
237.5 1 3 45 46.19774815348586 2
238.0 1 0 69 60.2093316519546 1
239.0 0 0 69 60.2093316519546 1
239.0 1 1 55 58.51306070978202 2
239.5 0 3 45 46.19774815348586 2
240.0 1 4 45 61.49695550351288 5.0
241.0 0 1 55 58.51306070978202 2
241.0 1 2 48 49.00816069176725 4
241.5 0 4 43 82.61360115294542 8
242.0 0 5 31 81.80787245541345 7.0
242.0 1 5 31 81.80787245541345 16
244.5 1 0 72 55.56386236714105 1
245.0 0 4 45 61.49695550351288 5.0
245.0 0 2 48 49.00816069176725 4
245.0 1 3 45 46.19774815348586 2
245.5 0 0 72 55.56386236714105 1
245.5 1 1 55 58.51306070978202 2
247.0 0 3 45 46.19774815348586 2
247.5 0 1 55 58.51306070978202 2
247.5 1 2 48 49.00816069176725 4
247.5 1 4 45 61.49695550351288 4.0
248.5 1 5 40 85.19655917852639 7.5
251.5 0 2 48 49.00816069176725 4
251.5 0 4 45 61.49695550351288 4.0
251.5 1 0 67 38.81318681318681 1
251.5 1 3 45 46.19774815348586 2
252.5 0 0 67 38.81318681318681 1
252.5 1 1 50 36.96270942172581 2
253.5 0 3 45 46.19774815348586 2
254.0 1 4 45 61.49695550351288 4.5
254.5 0 1 50 36.96270942172581 2
254.5 1 2 48 49.00816069176725 4
256.0 0 5 40 85.19655917852639 7.5
256.0 1 5 40 85.19655917852639 6.5
257.5 1 0 64 32.240136912268056 1
258.0 0 5 31 81.80787245541345 16
258.5 0 4 45 61.49695550351288 4.5
258.5 0 2 48 49.00816069176725 4
258.5 0 0 64 32.240136912268056 1
258.5 1 3 45 46.19774815348586 2
258.5 1 1 50 36.96270942172581 2
260.5 0 3 45 46.19774815348586 2
260.5 0 1 50 36.96270942172581 2
260.5 1 2 48 49.00816069176725 4
261.0 1 4 45 61.49695550351288 3.5
262.5 0 5 40 85.19655917852639 6.5
262.5 1 5 40 85.19655917852639 7.0
264.5 0 2 48 49.00816069176725 4
264.5 0 4 45 61.49695550351288 3.5
264.5 1 0 69 33.74364979283012 1
264.5 1 3 45 46.19774815348586 2
265.5 0 0 69 33.74364979283012 1
265.5 1 1 50 36.96270942172581 2
266.5 0 3 45 46.19774815348586 2
267.0 1 4 45 61.49695550351288 4.5
267.5 0 1 50 36.96270942172581 2
267.5 1 2 48 49.00816069176725 4
269.5 0 5 40 85.19655917852639 7.0
269.5 1 5 40 85.19655917852639 6.0
271.5 0 4 45 61.49695550351288 4.5
271.5 0 2 48 49.00816069176725 4
271.5 1 0 64 61.115294541524044 1
271.5 1 3 45 46.19774815348586 1.0
272.5 0 0 64 61.115294541524044 1
272.5 0 3 45 46.19774815348586 1.0
272.5 1 1 45 54.40731399747793 1.5
274.0 0 1 45 54.40731399747793 1.5
274.0 1 4 45 61.49695550351288 4.5
274.5 1 2 48 49.00816069176725 4
275.5 0 5 40 85.19655917852639 6.0
275.5 1 5 40 85.19655917852639 7.0
278.5 0 4 45 61.49695550351288 4.5
278.5 0 2 48 49.00816069176725 4
278.5 1 3 45 46.19774815348586 2
279.5 1 0 62 49.85822374346964 1
280.5 0 3 45 46.19774815348586 2
280.5 0 0 62 49.85822374346964 1
280.5 1 1 45 54.40731399747793 0.5
281.0 0 1 45 54.40731399747793 0.5
281.0 1 4 45 61.49695550351288 5.5
282.5 0 5 40 85.19655917852639 7.0
282.5 1 2 48 49.00816069176725 4
282.5 1 5 40 85.19655917852639 7.0
286.5 0 4 45 61.49695550351288 5.5
286.5 0 2 48 49.00816069176725 4
286.5 1 3 45 46.19774815348586 2
287.5 1 0 62 55.04341560079265 1
288.5 0 3 45 46.19774815348586 2
288.5 0 0 62 55.04341560079265 1
288.5 1 1 45 54.40731399747793 0.5
289.0 0 1 45 54.40731399747793 0.5
289.0 1 4 45 61.49695550351288 5.5
289.5 0 5 40 85.19655917852639 7.0
289.5 1 5 40 85.19655917852639 8.0
290.5 1 2 48 49.00816069176725 4
294.5 0 4 45 61.49695550351288 5.5
294.5 0 2 48 49.00816069176725 4
294.5 1 0 64 24.87677895874617 1
294.5 1 3 45 46.19774815348586 1.5
295.5 0 0 64 24.87677895874617 1
296.0 0 3 45 46.19774815348586 1.5
296.0 1 1 45 30.640245000900734 1.0
297.0 0 1 45 30.640245000900734 1.0
297.0 1 4 45 61.49695550351288 1.5
297.5 0 5 40 85.19655917852639 8.0
297.5 1 5 40 85.19655917852639 8.0
298.5 0 4 45 61.49695550351288 1.5
298.5 1 2 45 41.027976941091694 4
302.5 0 2 45 41.027976941091694 4
302.5 1 3 45 46.19774815348586 2
303.5 1 0 62 33.358133669609074 1
304.5 0 3 45 46.19774815348586 2
304.5 0 0 62 33.358133669609074 1
305.0 1 4 45 61.49695550351288 2.5
305.5 0 5 40 85.19655917852639 8.0
305.5 1 5 40 85.19655917852639 8.0
307.5 0 4 45 61.49695550351288 2.5
307.5 1 2 45 41.027976941091694 4
311.5 0 2 45 41.027976941091694 4
311.5 1 3 45 46.19774815348586 2
312.5 1 0 62 28.365699873896595 1
313.5 0 5 40 85.19655917852639 8.0
313.5 0 3 45 46.19774815348586 2
313.5 0 0 62 28.365699873896595 1
313.5 1 5 40 85.19655917852639 9.0
314.0 1 4 45 61.49695550351288 2.5
316.5 0 4 45 61.49695550351288 2.5
316.5 1 2 45 41.027976941091694 4
320.5 0 2 45 41.027976941091694 4
320.5 1 3 45 46.19774815348586 2
322.5 0 5 40 85.19655917852639 9.0
322.5 0 3 45 46.19774815348586 2
322.5 1 0 62 49.04863988470545 1
322.5 1 5 40 85.19655917852639 9.0
323.0 1 4 45 61.49695550351288 1.0
323.5 0 0 62 49.04863988470545 1
324.0 0 4 45 61.49695550351288 1.0
324.0 1 1 45 51.7665285534138 2
326.0 0 1 45 51.7665285534138 2
326.5 1 2 45 41.027976941091694 4
330.5 0 2 45 41.027976941091694 4
330.5 1 3 45 46.19774815348586 2
331.5 0 5 40 85.19655917852639 9.0
331.5 1 5 40 85.19655917852639 10.0
332.5 0 3 45 46.19774815348586 2
333.0 1 4 45 61.49695550351288 2.5
334.0 1 0 62 54.54224464060529 1
335.0 0 0 62 54.54224464060529 1
335.5 0 4 45 61.49695550351288 2.5
335.5 1 1 45 51.7665285534138 2
337.5 0 1 45 51.7665285534138 2
338.0 1 2 45 41.027976941091694 4
341.5 0 5 40 85.19655917852639 10.0
341.5 1 5 40 85.19655917852639 11.5
342.0 0 2 45 41.027976941091694 4
342.0 1 3 45 46.19774815348586 2
344.0 0 3 45 46.19774815348586 2
344.0 1 0 64 57.183030084669426 1
344.5 1 4 45 61.49695550351288 1.0
345.0 0 0 64 57.183030084669426 1
345.5 0 4 45 61.49695550351288 1.0
345.5 1 1 45 51.7665285534138 2
347.5 0 1 45 51.7665285534138 2
348.0 1 2 45 41.027976941091694 4
352.0 0 2 45 41.027976941091694 4
352.0 1 3 45 46.19774815348586 2
353.0 0 5 40 85.19655917852639 11.5
353.0 1 5 40 85.19655917852639 10.0
354.0 0 3 45 46.19774815348586 2
354.5 1 4 45 61.49695550351288 4.5
355.0 1 0 67 33.24247883264276 1
356.0 0 0 67 33.24247883264276 1
356.5 1 1 52 35.76760943974058 2
358.5 0 1 52 35.76760943974058 2
359.0 0 4 45 61.49695550351288 4.5
359.0 1 2 45 41.027976941091694 4
363.0 0 5 40 85.19655917852639 10.0
363.0 0 2 45 41.027976941091694 4
363.0 1 3 45 46.19774815348586 2
363.0 1 5 40 85.19655917852639 11.0
365.0 0 3 45 46.19774815348586 2
365.5 1 4 45 61.49695550351288 5.5
367.0 1 0 69 41.16483516483517 1
368.0 0 0 69 41.16483516483517 1
368.5 1 1 52 35.76760943974058 2
370.5 0 1 52 35.76760943974058 2
371.0 0 4 45 61.49695550351288 5.5
371.0 1 2 45 41.027976941091694 4
374.0 0 5 40 85.19655917852639 11.0
374.0 1 5 40 85.19655917852639 12.0
375.0 0 2 45 41.027976941091694 4
375.0 1 3 45 46.19774815348586 2
377.0 0 3 45 46.19774815348586 2
377.5 1 4 45 61.49695550351288 5.5
379.0 1 0 69 30.19690145919654 1
380.0 0 0 69 30.19690145919654 1
380.5 1 1 52 35.76760943974058 2
382.5 0 1 52 35.76760943974058 2
383.0 0 4 45 61.49695550351288 5.5
383.0 1 2 45 41.027976941091694 4
386.0 0 5 40 85.19655917852639 12.0
386.0 1 5 40 85.19655917852639 12.0
387.0 0 2 45 41.027976941091694 4
387.0 1 3 45 46.19774815348586 2
389.0 0 3 45 46.19774815348586 2
389.5 1 4 45 61.49695550351288 8
390.5 1 0 76 47.371644748693924 1
391.5 0 0 76 47.371644748693924 1
392.0 1 1 67 40.37452711223203 2
394.0 0 1 67 40.37452711223203 2
394.5 1 2 55 38.19828859664925 4
397.5 0 4 45 61.49695550351288 8
398.0 0 5 40 85.19655917852639 12.0
398.0 1 5 40 85.19655917852639 11.5
398.5 0 2 55 38.19828859664925 4
398.5 1 3 45 46.19774815348586 2
400.5 0 3 45 46.19774815348586 2
401.0 1 4 45 61.49695550351288 8
401.5 1 0 76 35.63267879661322 1
402.5 0 0 76 35.63267879661322 1
403.0 1 1 67 40.37452711223203 2
405.0 0 1 67 40.37452711223203 2
405.5 1 2 55 38.19828859664925 4
409.0 0 4 45 61.49695550351288 8
409.5 0 5 40 85.19655917852639 11.5
409.5 0 2 55 38.19828859664925 4
409.5 1 3 45 46.19774815348586 2
409.5 1 5 40 85.19655917852639 11.0
411.5 0 3 45 46.19774815348586 2
412.0 1 4 45 61.49695550351288 8
412.5 1 0 74 39.27580616105206 1
413.5 0 0 74 39.27580616105206 1
414.0 1 1 67 40.37452711223203 2
416.0 0 1 67 40.37452711223203 2
416.5 1 2 55 38.19828859664925 4
420.0 0 4 45 61.49695550351288 8
420.5 0 5 40 85.19655917852639 11.0
420.5 0 2 55 38.19828859664925 4
420.5 1 3 45 46.19774815348586 2
420.5 1 5 40 85.19655917852639 11.0
422.5 0 3 45 46.19774815348586 2
423.0 1 4 45 61.49695550351288 8
423.5 1 0 74 39.41073680417942 1
424.5 0 0 74 39.41073680417942 1
424.5 1 1 67 41.02990452170779 2
426.5 0 1 67 41.02990452170779 2
427.0 1 2 55 38.19828859664925 4
431.0 0 4 45 61.49695550351288 8
431.0 0 2 55 38.19828859664925 4
431.0 1 0 76 36.8856061970816 1
431.0 1 3 45 46.19774815348586 2
431.5 0 5 40 85.19655917852639 11.0
431.5 1 5 40 85.19655917852639 10.5
432.0 0 0 76 36.8856061970816 1
432.0 1 1 67 41.02990452170779 2
433.0 0 3 45 46.19774815348586 2
433.5 1 4 45 61.49695550351288 5.0
434.0 0 1 67 41.02990452170779 2
434.5 1 2 55 38.19828859664925 4
438.5 0 4 45 61.49695550351288 5.0
438.5 0 2 55 38.19828859664925 4
438.5 1 3 45 46.19774815348586 2
439.5 1 0 76 48.23905602594127 1
440.5 0 3 45 46.19774815348586 2
440.5 0 0 76 48.23905602594127 1
440.5 1 1 67 41.02990452170779 2
441.0 1 4 45 61.49695550351288 6.0
442.0 0 5 40 85.19655917852639 10.5
442.0 1 5 40 85.19655917852639 7.5
442.5 0 1 67 41.02990452170779 2
443.0 1 2 55 38.19828859664925 4
447.0 0 4 45 61.49695550351288 6.0
447.0 0 2 55 38.19828859664925 4
447.0 1 3 45 46.19774815348586 2
448.5 1 0 69 22.216717708520985 1
449.0 0 3 45 46.19774815348586 2
449.5 0 5 40 85.19655917852639 7.5
449.5 0 0 69 22.216717708520985 1
449.5 1 4 45 61.49695550351288 7.0
449.5 1 5 40 85.19655917852639 8.5
450.0 1 1 60 23.893712844532516 2
452.0 0 1 60 23.893712844532516 2
452.5 1 2 55 38.19828859664925 4
456.5 0 4 45 61.49695550351288 7.0
456.5 0 2 55 38.19828859664925 4
456.5 1 3 45 46.19774815348586 2
458.0 0 5 40 85.19655917852639 8.5
458.0 1 5 40 85.19655917852639 9.5
458.5 0 3 45 46.19774815348586 2
459.0 1 0 74 20.0 1
459.0 1 4 45 61.49695550351288 8
460.0 0 0 74 20.0 1
460.5 1 1 60 23.893712844532516 2
462.5 0 1 60 23.893712844532516 2
463.0 1 2 55 38.19828859664925 4
467.0 0 4 45 61.49695550351288 8
467.0 0 2 55 38.19828859664925 4
467.0 1 3 45 46.19774815348586 2
467.5 0 5 40 85.19655917852639 9.5
467.5 1 5 40 85.19655917852639 10.5
468.5 1 0 69 22.216717708520985 1
469.0 0 3 45 46.19774815348586 2
469.5 0 0 69 22.216717708520985 1
469.5 1 4 45 61.49695550351288 7.0
470.0 1 1 60 23.893712844532516 2
472.0 0 1 60 23.893712844532516 2
472.5 1 2 55 38.19828859664925 4
476.5 0 4 45 61.49695550351288 7.0
476.5 0 2 55 38.19828859664925 4
476.5 1 3 45 46.19774815348586 2
478.0 0 5 40 85.19655917852639 10.5
478.0 1 0 84 62.50315258511979 1
478.0 1 5 40 85.19655917852639 9.5
478.5 0 3 45 46.19774815348586 2
479.0 0 0 84 62.50315258511979 1
479.0 1 4 45 61.49695550351288 8
480.0 1 1 79 62.21401549270401 2
482.0 0 1 79 62.21401549270401 2
483.0 1 2 64 68.46323185011708 4
487.0 0 4 45 61.49695550351288 8
487.0 0 2 64 68.46323185011708 4
487.0 1 3 45 46.00306251125923 2
487.5 0 5 40 85.19655917852639 9.5
487.5 1 5 40 85.19655917852639 16
489.0 0 3 45 46.00306251125923 2
490.0 1 3 50 69.55231489821654 2
492.0 0 3 50 69.55231489821654 2
492.5 1 4 45 69.16294361376328 8
494.0 1 0 81 55.12051882543685 1
495.0 0 0 81 55.12051882543685 1
496.0 1 1 79 62.21401549270401 2
498.0 0 1 79 62.21401549270401 2
499.0 1 2 64 68.46323185011708 4
500.5 0 4 45 69.16294361376328 8
503.0 0 2 64 68.46323185011708 4
503.0 1 3 45 46.00306251125923 2
503.5 0 5 40 85.19655917852639 16
505.0 0 3 45 46.00306251125923 2
506.0 1 3 50 69.55231489821654 2
508.0 0 3 50 69.55231489821654 2
508.5 1 4 45 69.16294361376328 8
510.0 1 0 81 65.85714285714286 1
511.0 0 0 81 65.85714285714286 1
512.0 1 1 79 62.21401549270401 2
514.0 0 1 79 62.21401549270401 2
515.0 1 2 64 68.46323185011708 4
516.5 0 4 45 69.16294361376328 8
519.0 0 2 64 68.46323185011708 4
519.0 1 3 45 46.00306251125923 2
521.0 0 3 45 46.00306251125923 2
522.0 1 3 50 69.55231489821654 2
524.0 0 3 50 69.55231489821654 2
524.5 1 4 45 69.16294361376328 8
526.0 1 0 79 64.31507836425868 1
527.0 0 0 79 64.31507836425868 1
527.5 1 1 76 60.594847775175644 2
529.5 0 1 76 60.594847775175644 2
530.5 1 2 64 68.46323185011708 4
532.5 0 4 45 69.16294361376328 8
534.5 0 2 64 68.46323185011708 4
534.5 1 3 45 46.00306251125923 2
536.5 0 3 45 46.00306251125923 2
537.5 1 3 50 69.55231489821654 2
538.5 1 0 79 54.098901098901095 1
539.5 0 3 50 69.55231489821654 2
539.5 0 0 79 54.098901098901095 1
540.0 1 1 76 60.594847775175644 2
540.0 1 4 45 69.16294361376328 7.0
542.0 0 1 76 60.594847775175644 2
543.0 1 2 64 68.46323185011708 4
547.0 0 4 45 69.16294361376328 7.0
547.0 0 2 64 68.46323185011708 4
547.0 1 3 45 46.00306251125923 2
549.0 0 3 45 46.00306251125923 2
550.0 1 3 50 69.55231489821654 2
551.5 1 0 81 59.34192037470726 1
552.0 0 3 50 69.55231489821654 2
552.5 0 0 81 59.34192037470726 1
552.5 1 4 45 69.16294361376328 7.5
553.0 1 1 76 60.594847775175644 2
555.0 0 1 76 60.594847775175644 2
556.0 1 2 64 68.46323185011708 4
560.0 0 4 45 69.16294361376328 7.5
560.0 0 2 64 68.46323185011708 4
560.0 1 3 45 46.00306251125923 2
562.0 0 3 45 46.00306251125923 2
563.0 1 3 50 69.55231489821654 2
565.0 0 3 50 69.55231489821654 2
565.0 1 0 81 80.15979102864348 1
565.5 1 4 45 69.16294361376328 8
566.0 0 0 81 80.15979102864348 1
567.0 1 1 79 81.29706359214556 2
569.0 0 1 79 81.29706359214556 2
570.0 1 2 64 68.46323185011708 4
573.5 0 4 45 69.16294361376328 8
574.0 0 2 64 68.46323185011708 4
574.0 1 3 45 46.00306251125923 2
576.0 0 3 45 46.00306251125923 2
577.0 1 3 50 69.55231489821654 2
579.0 0 3 50 69.55231489821654 2
579.5 1 0 81 85.36425869212755 1
579.5 1 4 45 69.16294361376328 8
580.5 0 0 81 85.36425869212755 1
581.5 1 1 79 81.29706359214556 2
583.5 0 1 79 81.29706359214556 2
584.5 1 2 64 68.46323185011708 4
587.5 0 4 45 69.16294361376328 8
588.5 0 2 64 68.46323185011708 4
588.5 1 3 45 46.00306251125923 2
590.5 0 3 45 46.00306251125923 2
591.5 1 3 50 69.55231489821654 2
593.5 0 3 50 69.55231489821654 2
594.0 1 4 45 69.16294361376328 8
595.0 1 0 79 84.90163934426229 1
596.0 0 0 79 84.90163934426229 1
597.0 1 1 79 81.29706359214556 2
599.0 0 1 79 81.29706359214556 2
600.0 1 2 64 68.46323185011708 4
602.0 0 4 45 69.16294361376328 8
604.0 0 2 64 68.46323185011708 4
604.0 1 3 45 46.00306251125923 2
606.0 0 3 45 46.00306251125923 2
607.0 1 3 50 69.55231489821654 2
609.0 0 3 50 69.55231489821654 2
609.0 1 0 76 44.73085930462979 1
609.5 1 4 45 69.16294361376328 8
610.0 0 0 76 44.73085930462979 1
611.0 1 1 67 45.193478652495045 2
613.0 0 1 67 45.193478652495045 2
614.0 1 2 57 57.45867411277247 4
617.5 0 4 45 69.16294361376328 8
618.0 0 2 57 57.45867411277247 4
618.0 1 3 40 45.32840929562241 2
620.0 0 3 40 45.32840929562241 2
621.0 1 3 50 69.55231489821654 2
623.0 0 3 50 69.55231489821654 2
623.5 1 4 45 69.16294361376328 8
624.0 1 0 74 45.23203026481715 1
625.0 0 0 74 45.23203026481715 1
626.0 1 1 67 45.193478652495045 2
628.0 0 1 67 45.193478652495045 2
629.0 1 2 57 57.45867411277247 4
631.5 0 4 45 69.16294361376328 8
633.0 0 2 57 57.45867411277247 4
633.0 1 3 40 45.32840929562241 2
635.0 0 3 40 45.32840929562241 2
636.0 1 3 50 69.55231489821654 2
638.0 0 3 50 69.55231489821654 2
638.0 1 0 74 39.33363357953522 1
638.5 1 4 45 69.16294361376328 8
639.0 0 0 74 39.33363357953522 1
640.0 1 1 67 45.193478652495045 2
642.0 0 1 67 45.193478652495045 2
643.0 1 2 57 57.45867411277247 4
646.5 0 4 45 69.16294361376328 8
647.0 0 2 57 57.45867411277247 4
647.0 1 3 40 45.32840929562241 2
649.0 0 3 40 45.32840929562241 2
650.0 1 3 50 69.55231489821654 2
652.0 0 3 50 69.55231489821654 2
652.5 1 4 45 69.16294361376328 8
653.0 1 0 74 50.62925598991173 1
654.0 0 0 74 50.62925598991173 1
655.0 1 1 64 56.48910106287155 2
657.0 0 1 64 56.48910106287155 2
658.0 1 2 57 57.45867411277247 4
660.5 0 4 45 69.16294361376328 8
662.0 0 2 57 57.45867411277247 4
662.0 1 3 40 45.32840929562241 2
664.0 0 3 40 45.32840929562241 2
665.0 1 3 50 69.55231489821654 2
667.0 0 3 50 69.55231489821654 2
667.5 1 4 45 69.16294361376328 8
670.0 1 0 74 62.69591064673031 1
671.0 0 0 74 62.69591064673031 1
672.0 1 1 64 56.48910106287155 2
674.0 0 1 64 56.48910106287155 2
675.0 1 2 57 57.45867411277247 4
675.5 0 4 45 69.16294361376328 8
679.0 0 2 57 57.45867411277247 4
679.0 1 3 40 45.32840929562241 2
681.0 0 3 40 45.32840929562241 2
682.0 1 3 50 69.55231489821654 2
684.0 0 3 50 69.55231489821654 2
684.5 1 4 45 69.16294361376328 8
687.0 1 0 76 55.60241397946315 1
688.0 0 0 76 55.60241397946315 1
689.0 1 1 64 56.48910106287155 2
691.0 0 1 64 56.48910106287155 2
692.0 1 2 57 57.45867411277247 4
692.5 0 4 45 69.16294361376328 8
696.0 0 2 57 57.45867411277247 4
696.0 1 3 40 45.32840929562241 2
698.0 0 3 40 45.32840929562241 2
699.0 1 3 50 69.55231489821654 2
701.0 0 3 50 69.55231489821654 2
701.5 1 4 45 69.16294361376328 8
704.0 1 0 69 57.375788146279945 1
705.0 0 0 69 57.375788146279945 1
706.0 1 1 55 56.720410736804176 2
708.0 0 1 55 56.720410736804176 2
709.0 1 2 57 57.45867411277247 4
709.5 0 4 45 69.16294361376328 8
713.0 0 2 57 57.45867411277247 4
713.0 1 3 40 45.32840929562241 2
715.0 0 3 40 45.32840929562241 2
716.0 1 3 50 69.55231489821654 2
718.0 0 3 50 69.55231489821654 2
718.0 1 0 69 62.21401549270401 1
718.5 1 4 45 69.16294361376328 8
719.0 0 0 69 62.21401549270401 1
720.0 1 1 55 56.720410736804176 2
722.0 0 1 55 56.720410736804176 2
723.0 1 2 57 57.45867411277247 4
726.5 0 4 45 69.16294361376328 8
727.0 0 2 57 57.45867411277247 4
727.0 1 3 40 45.32840929562241 2
729.0 0 3 40 45.32840929562241 2
730.0 1 3 50 69.55231489821654 2
732.0 0 3 50 69.55231489821654 2
732.5 1 4 45 69.16294361376328 8
733.0 1 0 69 50.14736083588542 1
734.0 0 0 69 50.14736083588542 1
735.0 1 1 55 56.720410736804176 2
737.0 0 1 55 56.720410736804176 2
738.0 1 2 57 57.45867411277247 4
740.5 0 4 45 69.16294361376328 8
742.0 0 2 57 57.45867411277247 4
742.0 1 3 40 45.32840929562241 2
744.0 0 3 40 45.32840929562241 2
745.0 1 3 50 69.55231489821654 2
747.0 0 3 50 69.55231489821654 2
747.5 1 4 45 69.16294361376328 8
748.0 1 0 72 94.21185372005043 1
749.0 0 0 72 94.21185372005043 1
750.0 1 1 64 93.9805440461178 2
752.0 0 1 64 93.9805440461178 2
753.0 1 2 57 81.70378310214375 4
755.5 0 4 45 69.16294361376328 8
757.0 0 2 57 81.70378310214375 4
757.5 1 3 48 35.883264276706896 2
759.5 0 3 48 35.883264276706896 2
760.5 1 3 50 69.55231489821654 2
762.0 1 0 76 94.19257791388937 1
762.5 0 3 50 69.55231489821654 2
763.0 0 0 76 94.19257791388937 1
763.0 1 4 45 69.16294361376328 8
764.0 1 1 64 93.9805440461178 2
766.0 0 1 64 93.9805440461178 2
767.0 1 2 57 81.70378310214375 4
771.0 0 4 45 69.16294361376328 8
771.0 0 2 57 81.70378310214375 4
771.5 1 3 48 35.883264276706896 2
773.5 0 3 48 35.883264276706896 2
774.5 1 3 50 69.55231489821654 2
776.5 0 3 50 69.55231489821654 2
776.5 1 0 74 99.82111331291658 1
777.0 1 4 45 69.16294361376328 8
777.5 0 0 74 99.82111331291658 1
778.5 1 1 64 93.9805440461178 2
780.5 0 1 64 93.9805440461178 2
781.5 1 2 57 81.70378310214375 4
785.0 0 4 45 69.16294361376328 8
785.5 0 2 57 81.70378310214375 4
786.0 1 3 48 35.883264276706896 2
788.0 0 3 48 35.883264276706896 2
789.0 1 3 50 69.55231489821654 2
791.0 0 3 50 69.55231489821654 2
791.5 1 0 76 89.89407313997476 1
791.5 1 4 45 69.16294361376328 8
792.5 0 0 76 89.89407313997476 1
793.5 1 1 69 83.57160871914968 2
795.5 0 1 69 83.57160871914968 2
796.5 1 2 57 81.70378310214375 4
799.5 0 4 45 69.16294361376328 8
800.5 0 2 57 81.70378310214375 4
801.0 1 3 48 35.883264276706896 2
803.0 0 3 48 35.883264276706896 2
804.0 1 3 50 69.55231489821654 2
806.0 0 3 50 69.55231489821654 2
806.5 1 4 45 69.16294361376328 8
808.5 1 0 79 83.91857323004864 1
809.5 0 0 79 83.91857323004864 1
810.5 1 1 69 83.57160871914968 2
812.5 0 1 69 83.57160871914968 2
813.5 1 2 57 81.70378310214375 4
814.5 0 4 45 69.16294361376328 8
817.5 0 2 57 81.70378310214375 4
818.0 1 3 48 35.883264276706896 2
820.0 0 3 48 35.883264276706896 2
821.0 1 3 50 69.55231489821654 2
823.0 0 3 50 69.55231489821654 2
823.5 1 4 45 69.16294361376328 8
825.0 1 0 76 77.84669428931723 1
826.0 0 0 76 77.84669428931723 1
827.0 1 1 69 83.57160871914968 2
829.0 0 1 69 83.57160871914968 2
830.0 1 2 57 81.70378310214375 4
831.5 0 4 45 69.16294361376328 8
834.0 0 2 57 81.70378310214375 4
834.5 1 3 48 35.883264276706896 2
836.5 0 3 48 35.883264276706896 2
837.5 1 3 50 69.55231489821654 2
839.5 0 3 50 69.55231489821654 2
840.0 1 4 45 69.16294361376328 8
842.0 1 0 69 88.08214736083588 1
843.0 0 0 69 88.08214736083588 1
844.0 1 1 57 81.56692487840029 2
846.0 0 1 57 81.56692487840029 2
847.0 1 2 57 81.70378310214375 4
848.0 0 4 45 69.16294361376328 8
851.0 0 2 57 81.70378310214375 4
851.5 1 3 48 35.883264276706896 2
853.5 0 3 48 35.883264276706896 2
854.5 1 3 50 69.55231489821654 2
856.5 0 3 50 69.55231489821654 2
857.0 1 4 45 69.16294361376328 8
858.0 1 0 69 76.0540443163394 1
859.0 0 0 69 76.0540443163394 1
860.0 1 1 57 81.56692487840029 2
862.0 0 1 57 81.56692487840029 2
863.0 1 2 57 81.70378310214375 4
865.0 0 4 45 69.16294361376328 8
867.0 0 2 57 81.70378310214375 4
867.5 1 3 48 35.883264276706896 2
869.5 0 3 48 35.883264276706896 2
870.5 1 3 50 69.55231489821654 2
872.5 0 3 50 69.55231489821654 2
873.0 1 4 45 69.16294361376328 8
874.5 1 0 69 80.50675553954241 1
875.5 0 0 69 80.50675553954241 1
876.5 1 1 57 81.56692487840029 2
878.5 0 1 57 81.56692487840029 2
879.5 1 2 57 81.70378310214375 4
881.0 0 4 45 69.16294361376328 8
883.5 0 2 57 81.70378310214375 4
884.0 1 3 48 35.883264276706896 2
886.0 0 3 48 35.883264276706896 2
887.0 1 3 50 69.55231489821654 2
889.0 0 3 50 69.55231489821654 2
889.5 1 4 45 69.16294361376328 8
897.5 0 4 45 69.16294361376328 8
