1
2
4
2
1
2
6.0
4
2
1
7.5
8.5
2
4
2
10.0
1
8
2
4
2
10.5
8
1
2
4
11.5
2
8
1
2
4
11.5
2
8
1
2
4
2
10.5
1
2
6.5
4
2
1
9.0
2
6.5
4
2
1
2
9.0
5.5
4
2
1
7.0
8.0
2
4
2
1
9.5
2
5.5
4
2
1
2
6.0
8.0
4
2
1
2
5.0
8.5
4
1
2
2
4.5
4
7.5
2
1
2
6.0
7.0
4
2
8
8.5
1
2
4
2
10.5
8
1
2
4
2
11.0
1
7.0
2
4
1
2
2
9.5
4
4.0
1
2
2
4.5
4
6.5
1
2
2
4
3.5
7.0
2
1
2
5.5
4
6.0
2
1
2
5.5
8.0
4
1
2
2
4
4.0
8.0
1
2
2
4
3.5
6.5
1
2
2
4.5
4
6.0
1
2
2
4
8
7.0
2
1
2
5.0
4
16
1
2
2
4
4.0
7.5
1
2
2
4.5
4
6.5
1
2
2
4
3.5
7.0
1
2
2
4.5
4
6.0
1
1.0
1.5
4.5
4
7.0
2
1
0.5
5.5
4
7.0
2
1
0.5
5.5
8.0
4
1
1.5
1.0
1.5
8.0
4
2
1
0.0
2.5
8.0
4
2
1
9.0
0.0
2.5
4
2
1
9.0
1.0
2
4
2
10.0
2.5
1
2
4
11.5
2
1
1.0
2
4
2
10.0
4.5
1
2
4
2
11.0
5.5
1
2
4
12.0
2
5.5
1
2
4
12.0
2
8
1
2
4
11.5
2
8
1
2
4
2
11.0
8
1
2
4
2
11.0
8
1
2
4
1
2
10.5
2
5.0
4
2
1
2
6.0
7.5
4
2
1
7.0
8.5
2
4
2
9.5
1
8
2
4
2
10.5
1
7.0
2
4
2
1
9.5
8
2
4
2
16
2
8
1
2
4
2
2
8
1
2
4
2
2
8
1
2
4
2
2
1
2
7.0
4
2
2
1
7.5
2
4
2
2
1
8
2
4
2
2
1
8
2
4
2
2
8
1
2
4
2
2
1
8
2
4
2
2
8
1
2
4
2
2
1
8
2
4
2
2
8
1
2
4
2
2
8
1
2
4
2
2
8
1
2
4
2
2
8
1
2
4
2
2
1
8
2
4
2
2
8
1
2
4
2
2
8
1
2
4
2
2
1
8
2
4
2
2
1
8
2
4
2
2
1
8
2
4
2
2
8
1
2
4
2
2
8
1
2
4
2
2
8
1
2
4
2
2
8
1
2
4
2
2
8
1
2
4
2
2
8
