0.0
1.0
3.5
7.5
8.5
9.5
10.0
12.0
16.0
18.5
18.5
18.5
19.5
22.0
26.0
27.0
28.5
28.5
30.0
32.5
36.5
37.0
39.0
40.0
41.5
44.0
47.5
48.0
50.5
51.5
53.0
55.5
59.0
59.5
62.0
62.5
63.5
66.0
70.0
70.5
71.5
72.5
72.5
75.0
79.0
80.5
81.0
81.5
81.5
84.0
88.0
89.0
90.0
90.0
90.5
92.0
96.0
98.5
98.5
99.0
99.5
101.5
105.5
106.5
107.0
107.5
108.0
109.5
113.5
115.0
116.0
116.0
116.5
118.0
122.0
122.5
123.5
124.5
124.5
125.5
129.5
129.5
130.5
132.0
132.5
133.0
136.5
137.5
139.0
139.0
140.5
141.0
145.0
147.5
147.5
148.0
149.5
151.5
155.5
156.0
158.0
159.0
160.5
162.5
166.5
166.5
169.0
169.0
170.0
172.0
175.5
176.0
176.5
177.5
178.5
178.5
182.5
182.5
183.5
185.0
185.5
187.0
188.5
189.5
189.5
191.5
192.0
193.5
195.5
196.5
197.5
198.0
199.5
200.5
203.5
204.5
205.5
206.0
206.5
207.5
211.0
211.5
212.0
214.0
214.0
214.5
217.0
218.0
218.0
220.0
220.5
222.5
224.0
224.0
225.0
226.5
227.0
229.0
230.5
231.0
231.5
233.5
233.5
235.0
237.5
238.0
239.0
240.0
241.0
242.0
244.5
245.0
245.5
247.5
247.5
248.5
251.5
251.5
252.5
254.0
254.5
256.0
257.5
258.5
258.5
260.5
261.0
262.5
264.5
264.5
265.5
267.0
267.5
269.5
271.5
271.5
272.5
274.0
274.5
275.5
278.5
279.5
280.5
281.0
282.5
282.5
286.5
287.5
288.5
289.0
289.5
290.5
294.5
294.5
296.0
297.0
297.5
298.5
302.5
303.5
305.0
305.0
305.5
307.5
311.5
312.5
313.5
314.0
314.0
316.5
320.5
322.5
322.5
323.0
324.0
326.5
330.5
331.5
333.0
334.0
335.5
338.0
341.5
342.0
344.0
344.5
345.5
348.0
352.0
353.0
354.5
355.0
356.5
359.0
363.0
363.0
365.5
367.0
368.5
371.0
374.0
375.0
377.5
379.0
380.5
383.0
386.0
387.0
389.5
390.5
392.0
394.5
398.0
398.5
401.0
401.5
403.0
405.5
409.5
409.5
412.0
412.5
414.0
416.5
420.5
420.5
423.0
423.5
424.5
427.0
431.0
431.0
431.5
432.0
433.5
434.5
438.5
439.5
440.5
441.0
442.0
443.0
447.0
448.5
449.5
449.5
450.0
452.5
456.5
458.0
459.0
459.0
460.5
463.0
467.0
467.5
468.5
469.5
470.0
472.5
476.5
478.0
478.0
479.0
480.0
483.0
487.0
487.5
490.0
492.5
494.0
496.0
499.0
503.0
506.0
508.5
510.0
512.0
515.0
519.0
522.0
524.5
526.0
527.5
530.5
534.5
537.5
538.5
540.0
540.0
543.0
547.0
550.0
551.5
552.5
553.0
556.0
560.0
563.0
565.0
565.5
567.0
570.0
574.0
577.0
579.5
579.5
581.5
584.5
588.5
591.5
594.0
595.0
597.0
600.0
604.0
607.0
609.0
609.5
611.0
614.0
618.0
621.0
623.5
624.0
626.0
629.0
633.0
636.0
638.0
638.5
640.0
643.0
647.0
650.0
652.5
653.0
655.0
658.0
662.0
665.0
667.5
670.0
672.0
675.0
679.0
682.0
684.5
687.0
689.0
692.0
696.0
699.0
701.5
704.0
706.0
709.0
713.0
716.0
718.0
718.5
720.0
723.0
727.0
730.0
732.5
733.0
735.0
738.0
742.0
745.0
747.5
748.0
750.0
753.0
757.5
760.5
762.0
763.0
764.0
767.0
771.5
774.5
776.5
777.0
778.5
781.5
786.0
789.0
791.5
791.5
793.5
796.5
801.0
804.0
806.5
808.5
810.5
813.5
818.0
821.0
823.5
825.0
827.0
830.0
834.5
837.5
840.0
842.0
844.0
847.0
851.5
854.5
857.0
858.0
860.0
863.0
867.5
870.5
873.0
874.5
876.5
879.5
884.0
887.0
889.5
