7.5
16.0
26.0
36.5
48.0
59.5
70.0
79.0
88.0
96.0
105.5
113.5
122.0
129.5
136.5
145.0
155.5
166.5
176.0
182.5
189.5
195.5
203.5
211.5
218.0
224.0
231.0
237.5
245.0
251.5
258.5
264.5
271.5
278.5
286.5
294.5
302.5
311.5
320.5
330.5
342.0
352.0
363.0
375.0
387.0
398.5
409.5
420.5
431.0
438.5
447.0
456.5
467.0
476.5
487.0
490.0
503.0
506.0
519.0
522.0
534.5
537.5
547.0
550.0
560.0
563.0
574.0
577.0
588.5
591.5
604.0
607.0
618.0
621.0
633.0
636.0
647.0
650.0
662.0
665.0
679.0
682.0
696.0
699.0
713.0
716.0
727.0
730.0
742.0
745.0
757.5
760.5
771.5
774.5
786.0
789.0
801.0
804.0
818.0
821.0
834.5
837.5
851.5
854.5
867.5
870.5
884.0
887.0
