72
62
50
43
74
62
43
50
43
74
43
31
62
50
43
31
69
43
57
50
43
31
43
67
57
50
31
43
43
69
57
50
31
43
43
67
50
50
43
31
64
50
43
50
43
67
31
50
43
50
43
62
40
31
43
40
43
62
43
31
40
40
43
60
31
40
43
40
43
60
40
43
31
40
43
62
40
43
31
40
62
43
40
43
40
31
43
62
40
43
31
40
43
43
31
64
40
40
43
31
43
60
40
40
43
31
64
43
48
48
64
43
48
31
48
43
67
43
48
43
48
31
72
43
60
48
43
31
43
74
60
43
48
31
43
72
60
43
31
48
69
43
52
48
43
31
69
43
52
48
43
31
64
43
52
43
48
31
69
43
55
48
43
31
45
69
55
45
48
31
72
45
55
48
45
40
67
45
50
45
48
40
64
45
50
48
45
40
69
45
50
45
48
40
64
45
45
45
48
40
45
62
45
45
48
40
45
62
45
45
40
48
64
45
45
45
40
45
45
62
45
45
40
45
45
62
40
45
45
45
45
62
40
45
45
45
45
40
45
62
45
45
40
45
64
45
45
45
45
40
45
67
52
45
45
40
45
69
52
45
40
45
45
69
52
45
40
45
45
76
67
55
40
45
45
76
67
55
45
40
45
74
67
55
45
40
45
74
67
55
76
45
40
67
45
55
45
76
67
45
40
55
45
69
45
40
60
55
45
40
74
45
60
55
45
40
69
45
60
55
45
84
40
45
79
64
45
40
50
45
81
79
64
45
50
45
81
79
64
45
50
45
79
76
64
45
50
79
76
45
64
45
50
81
45
76
64
45
50
81
45
79
64
45
50
81
45
79
64
45
50
45
79
79
64
45
50
76
45
67
57
40
50
45
74
67
57
40
50
74
45
67
57
40
50
45
74
64
57
40
50
45
74
64
57
40
50
45
76
64
57
40
50
45
69
55
57
40
50
69
45
55
57
40
50
45
69
55
57
40
50
45
72
64
57
48
50
76
45
64
57
48
50
74
45
64
57
48
50
76
45
69
57
48
50
45
79
69
57
48
50
45
76
69
57
48
50
45
69
57
57
48
50
45
69
57
57
48
50
45
69
57
57
48
50
45
