111.36732120338677
111.17456314177625
109.02723833543504
96.77168077823814
105.62313096739325
111.17456314177625
82.61360115294542
109.02723833543504
96.77168077823814
117.63195820572871
82.61360115294542
81.80787245541345
111.17456314177625
109.02723833543504
96.77168077823814
81.80787245541345
103.86903260673752
82.61360115294542
109.49756800576472
109.02723833543504
96.77168077823814
81.80787245541345
82.61360115294542
108.9000180147721
109.49756800576472
109.02723833543504
81.80787245541345
96.77168077823814
82.61360115294542
115.95496306971715
109.49756800576472
109.02723833543504
81.80787245541345
96.77168077823814
82.61360115294542
127.0
120.94546928481354
109.02723833543504
96.77168077823814
81.80787245541345
120.58115654836966
120.94546928481354
82.61360115294542
109.02723833543504
96.77168077823814
121.31363718248963
81.80787245541345
120.94546928481354
82.61360115294542
109.02723833543504
96.77168077823814
79.60079264997296
83.0511619528013
81.80787245541345
82.61360115294542
96.61747432894974
96.77168077823814
79.27310394523508
82.61360115294542
81.80787245541345
83.0511619528013
96.61747432894974
96.77168077823814
83.34029904521708
81.80787245541345
83.0511619528013
82.61360115294542
96.61747432894974
96.77168077823814
103.13655197261754
103.56061970816069
82.61360115294542
81.80787245541345
96.61747432894974
96.77168077823814
100.36083588542604
103.56061970816069
82.61360115294542
81.80787245541345
96.61747432894974
110.69266798774994
96.77168077823814
103.56061970816069
82.61360115294542
96.61747432894974
81.80787245541345
96.77168077823814
109.65177445505313
102.71248423707439
82.61360115294542
81.80787245541345
96.61747432894974
96.77168077823814
82.61360115294542
81.80787245541345
98.72239236173661
102.71248423707439
96.61747432894974
96.77168077823814
81.80787245541345
82.61360115294542
102.90524229868491
102.71248423707439
96.61747432894974
96.77168077823814
81.80787245541345
86.34732480634119
82.61360115294542
83.76436678076021
93.94392001441182
77.73103945235093
96.77168077823814
83.76436678076021
81.80787245541345
93.94392001441182
82.61360115294542
81.93316519546026
96.77168077823814
83.76436678076021
82.61360115294542
93.94392001441182
81.80787245541345
82.58854260493604
96.77168077823814
89.00738605656638
93.94392001441182
82.61360115294542
81.80787245541345
96.77168077823814
94.01909565843991
89.00738605656638
82.61360115294542
93.94392001441182
81.80787245541345
96.77168077823814
87.88938929922536
89.00738605656638
82.61360115294542
81.80787245541345
93.94392001441182
103.86903260673752
96.77168077823814
105.6424067735543
93.94392001441182
82.61360115294542
81.80787245541345
111.09745991713204
96.77168077823814
105.6424067735543
93.94392001441182
82.61360115294542
81.80787245541345
107.9362277067195
96.77168077823814
105.6424067735543
82.61360115294542
93.94392001441182
81.80787245541345
64.68131868131869
96.77168077823814
58.51306070978202
49.00816069176725
82.61360115294542
81.80787245541345
46.19774815348586
60.2093316519546
58.51306070978202
61.49695550351288
49.00816069176725
81.80787245541345
55.56386236714105
46.19774815348586
58.51306070978202
49.00816069176725
61.49695550351288
85.19655917852639
38.81318681318681
46.19774815348586
36.96270942172581
61.49695550351288
49.00816069176725
85.19655917852639
32.240136912268056
46.19774815348586
36.96270942172581
49.00816069176725
61.49695550351288
85.19655917852639
33.74364979283012
46.19774815348586
36.96270942172581
61.49695550351288
49.00816069176725
85.19655917852639
61.115294541524044
46.19774815348586
54.40731399747793
61.49695550351288
49.00816069176725
85.19655917852639
46.19774815348586
49.85822374346964
54.40731399747793
61.49695550351288
49.00816069176725
85.19655917852639
46.19774815348586
55.04341560079265
54.40731399747793
61.49695550351288
85.19655917852639
49.00816069176725
24.87677895874617
46.19774815348586
30.640245000900734
61.49695550351288
85.19655917852639
41.027976941091694
46.19774815348586
33.358133669609074
30.640245000900734
61.49695550351288
85.19655917852639
41.027976941091694
46.19774815348586
28.365699873896595
85.19655917852639
30.640245000900734
61.49695550351288
41.027976941091694
46.19774815348586
49.04863988470545
85.19655917852639
61.49695550351288
51.7665285534138
41.027976941091694
46.19774815348586
85.19655917852639
61.49695550351288
54.54224464060529
51.7665285534138
41.027976941091694
85.19655917852639
46.19774815348586
57.183030084669426
61.49695550351288
51.7665285534138
41.027976941091694
46.19774815348586
85.19655917852639
61.49695550351288
33.24247883264276
35.76760943974058
41.027976941091694
46.19774815348586
85.19655917852639
61.49695550351288
41.16483516483517
35.76760943974058
41.027976941091694
85.19655917852639
46.19774815348586
61.49695550351288
30.19690145919654
35.76760943974058
41.027976941091694
85.19655917852639
46.19774815348586
61.49695550351288
47.371644748693924
40.37452711223203
38.19828859664925
85.19655917852639
46.19774815348586
61.49695550351288
35.63267879661322
40.37452711223203
38.19828859664925
46.19774815348586
85.19655917852639
61.49695550351288
39.27580616105206
40.37452711223203
38.19828859664925
46.19774815348586
85.19655917852639
61.49695550351288
39.41073680417942
41.02990452170779
38.19828859664925
36.8856061970816
46.19774815348586
85.19655917852639
41.02990452170779
61.49695550351288
38.19828859664925
46.19774815348586
48.23905602594127
41.02990452170779
61.49695550351288
85.19655917852639
38.19828859664925
46.19774815348586
22.216717708520985
61.49695550351288
85.19655917852639
23.893712844532516
38.19828859664925
46.19774815348586
85.19655917852639
20.0
61.49695550351288
23.893712844532516
38.19828859664925
46.19774815348586
85.19655917852639
22.216717708520985
61.49695550351288
23.893712844532516
38.19828859664925
46.19774815348586
62.50315258511979
85.19655917852639
61.49695550351288
62.21401549270401
68.46323185011708
46.00306251125923
85.19655917852639
69.55231489821654
69.16294361376328
55.12051882543685
62.21401549270401
68.46323185011708
46.00306251125923
69.55231489821654
69.16294361376328
65.85714285714286
62.21401549270401
68.46323185011708
46.00306251125923
69.55231489821654
69.16294361376328
64.31507836425868
60.594847775175644
68.46323185011708
46.00306251125923
69.55231489821654
54.098901098901095
60.594847775175644
69.16294361376328
68.46323185011708
46.00306251125923
69.55231489821654
59.34192037470726
69.16294361376328
60.594847775175644
68.46323185011708
46.00306251125923
69.55231489821654
80.15979102864348
69.16294361376328
81.29706359214556
68.46323185011708
46.00306251125923
69.55231489821654
85.36425869212755
69.16294361376328
81.29706359214556
68.46323185011708
46.00306251125923
69.55231489821654
69.16294361376328
84.90163934426229
81.29706359214556
68.46323185011708
46.00306251125923
69.55231489821654
44.73085930462979
69.16294361376328
45.193478652495045
57.45867411277247
45.32840929562241
69.55231489821654
69.16294361376328
45.23203026481715
45.193478652495045
57.45867411277247
45.32840929562241
69.55231489821654
39.33363357953522
69.16294361376328
45.193478652495045
57.45867411277247
45.32840929562241
69.55231489821654
69.16294361376328
50.62925598991173
56.48910106287155
57.45867411277247
45.32840929562241
69.55231489821654
69.16294361376328
62.69591064673031
56.48910106287155
57.45867411277247
45.32840929562241
69.55231489821654
69.16294361376328
55.60241397946315
56.48910106287155
57.45867411277247
45.32840929562241
69.55231489821654
69.16294361376328
57.375788146279945
56.720410736804176
57.45867411277247
45.32840929562241
69.55231489821654
62.21401549270401
69.16294361376328
56.720410736804176
57.45867411277247
45.32840929562241
69.55231489821654
69.16294361376328
50.14736083588542
56.720410736804176
57.45867411277247
45.32840929562241
69.55231489821654
69.16294361376328
94.21185372005043
93.9805440461178
81.70378310214375
35.883264276706896
69.55231489821654
94.19257791388937
69.16294361376328
93.9805440461178
81.70378310214375
35.883264276706896
69.55231489821654
99.82111331291658
69.16294361376328
93.9805440461178
81.70378310214375
35.883264276706896
69.55231489821654
89.89407313997476
69.16294361376328
83.57160871914968
81.70378310214375
35.883264276706896
69.55231489821654
69.16294361376328
83.91857323004864
83.57160871914968
81.70378310214375
35.883264276706896
69.55231489821654
69.16294361376328
77.84669428931723
83.57160871914968
81.70378310214375
35.883264276706896
69.55231489821654
69.16294361376328
88.08214736083588
81.56692487840029
81.70378310214375
35.883264276706896
69.55231489821654
69.16294361376328
76.0540443163394
81.56692487840029
81.70378310214375
35.883264276706896
69.55231489821654
69.16294361376328
80.50675553954241
81.56692487840029
81.70378310214375
35.883264276706896
69.55231489821654
69.16294361376328
