82.61360115294542
82.61360115294542
82.61360115294542
82.61360115294542
82.61360115294542
82.61360115294542
82.61360115294542
82.61360115294542
82.61360115294542
82.61360115294542
82.61360115294542
82.61360115294542
82.61360115294542
82.61360115294542
82.61360115294542
82.61360115294542
82.61360115294542
82.61360115294542
82.61360115294542
82.61360115294542
82.61360115294542
82.61360115294542
82.61360115294542
82.61360115294542
82.61360115294542
82.61360115294542
82.61360115294542
61.49695550351288
61.49695550351288
61.49695550351288
61.49695550351288
61.49695550351288
61.49695550351288
61.49695550351288
61.49695550351288
61.49695550351288
61.49695550351288
61.49695550351288
61.49695550351288
61.49695550351288
61.49695550351288
61.49695550351288
61.49695550351288
61.49695550351288
61.49695550351288
61.49695550351288
61.49695550351288
61.49695550351288
61.49695550351288
61.49695550351288
61.49695550351288
61.49695550351288
61.49695550351288
61.49695550351288
69.16294361376328
69.16294361376328
69.16294361376328
69.16294361376328
69.16294361376328
69.16294361376328
69.16294361376328
69.16294361376328
69.16294361376328
69.16294361376328
69.16294361376328
69.16294361376328
69.16294361376328
69.16294361376328
69.16294361376328
69.16294361376328
69.16294361376328
69.16294361376328
69.16294361376328
69.16294361376328
69.16294361376328
69.16294361376328
69.16294361376328
69.16294361376328
69.16294361376328
69.16294361376328
69.16294361376328
